0.000000	8.284869
0.355458	8.284869
0.355458	9.252799
0.740630	9.252799
0.740630	9.591245
0.997812	9.591245
0.997812	9.864204
1.471093	9.864204
1.471093	10.135669
1.927093	10.135669
1.927093	10.330890
2.293574	10.330890
2.293574	10.558094
3.090157	10.558094
3.090157	10.813009
3.863708	10.813009
3.863708	11.005750
4.506314	11.005750
4.506314	11.237866
5.907832	11.237866
5.907832	11.492838
7.201889	11.492838
7.201889	11.680586
8.300163	11.680586
8.300163	11.898119
10.623355	11.898119
10.623355	12.120700
12.782375	12.120700
12.782375	12.271172
14.615834	12.271172
14.615834	12.444181
18.343297	12.444181
18.343297	12.674915
21.463701	12.674915
21.463701	12.930401
23.857990	12.930401
23.857990	13.403484
27.757763	13.403484
27.757763	14.214415
30.328573	14.214415
30.328573	15.043180
32.109376	15.043180
32.109376	16.097928
34.984285	16.097928
34.984285	17.218353
37.074728	17.218353
37.074728	18.114667
38.669109	18.114667
38.669109	19.367702
41.205418	19.367702
41.205418	20.892531
43.050013	20.892531
43.050013	21.935472
44.527057	21.935472
44.527057	22.756324
47.099644	22.756324
47.099644	23.280447
49.194417	23.280447
49.194417	23.577732
50.930173	23.577732
50.930173	23.959794
53.646973	23.959794
53.646973	24.511011
55.643114	24.511011
55.643114	25.104484
57.165535	25.104484
57.165535	25.961433
59.268739	25.961433
59.268739	27.027717
60.816932	27.027717
60.816932	27.839243
62.055596	27.839243
62.055596	28.506730
63.903891	28.506730
63.903891	28.941936
65.483122	28.941936
65.483122	29.141842
66.897373	29.141842
66.897373	29.282488
69.020024	29.282488
69.020024	29.400180
70.875254	29.400180
70.875254	29.494131
72.512744	29.494131
& cycle # 1, chisq = 582083.305369, e = 38.257267
0.000000	8.102198
0.355458	8.102198
0.355458	9.382957
0.740630	9.382957
0.740630	9.831703
0.997812	9.831703
0.997812	10.167282
1.471093	10.167282
1.471093	10.485240
1.927093	10.485240
1.927093	10.705639
2.293574	10.705639
2.293574	10.954829
3.090157	10.954829
3.090157	11.227982
3.863708	11.227982
3.863708	11.430650
4.506314	11.430650
4.506314	11.671045
5.907832	11.671045
5.907832	11.931981
7.201889	11.931981
7.201889	12.122329
8.300163	12.122329
8.300163	12.341314
10.623355	12.341314
10.623355	12.564089
12.782375	12.564089
12.782375	12.713790
14.615834	12.713790
14.615834	12.884647
18.343297	12.884647
18.343297	13.111101
21.463701	13.111101
21.463701	13.360909
23.857990	13.360909
23.857990	13.821865
27.757763	13.821865
27.757763	14.608374
30.328573	14.608374
30.328573	15.406771
32.109376	15.406771
32.109376	16.410567
34.984285	16.410567
34.984285	17.457654
37.074728	17.457654
37.074728	18.281919
38.669109	18.281919
38.669109	19.428095
41.205418	19.428095
41.205418	20.821640
43.050013	20.821640
43.050013	21.775155
44.527057	21.775155
44.527057	22.527384
47.099644	22.527384
47.099644	23.011495
49.194417	23.011495
49.194417	23.290464
50.930173	23.290464
50.930173	23.653734
53.646973	23.653734
53.646973	24.182248
55.643114	24.182248
55.643114	24.755022
57.165535	24.755022
57.165535	25.587706
59.268739	25.587706
59.268739	26.632577
60.816932	26.632577
60.816932	27.437821
62.055596	27.437821
62.055596	28.115082
63.903891	28.115082
63.903891	28.576313
65.483122	28.576313
65.483122	28.806912
66.897373	28.806912
66.897373	28.989739
69.020024	28.989739
69.020024	29.161716
70.875254	29.161716
70.875254	29.311133
72.512744	29.311133
& cycle # 2, chisq = 595741.641289, e = 38.257267
0.000000	8.486097
0.355458	8.486097
0.355458	9.327323
0.740630	9.327323
0.740630	9.607943
0.997812	9.607943
0.997812	9.841185
1.471093	9.841185
1.471093	10.079167
1.927093	10.079167
1.927093	10.254403
2.293574	10.254403
2.293574	10.463094
3.090157	10.463094
3.090157	10.702507
3.863708	10.702507
3.863708	10.887421
4.506314	10.887421
4.506314	11.114760
5.907832	11.114760
5.907832	11.369299
7.201889	11.369299
7.201889	11.559988
8.300163	11.559988
8.300163	11.784288
10.623355	11.784288
10.623355	12.016950
12.782375	12.016950
12.782375	12.176536
14.615834	12.176536
14.615834	12.362807
18.343297	12.362807
18.343297	12.612997
21.463701	12.612997
21.463701	12.889403
23.857990	12.889403
23.857990	13.396816
27.757763	13.396816
27.757763	14.254727
30.328573	14.254727
30.328573	15.113300
32.109376	15.113300
32.109376	16.164287
34.984285	16.164287
34.984285	17.215555
37.074728	17.215555
37.074728	18.011218
38.669109	18.011218
38.669109	19.102988
41.205418	19.102988
41.205418	20.428056
43.050013	20.428056
43.050013	21.336837
44.527057	21.336837
44.527057	22.060947
47.099644	22.060947
47.099644	22.541170
49.194417	22.541170
49.194417	22.833155
50.930173	22.833155
50.930173	23.228301
53.646973	23.228301
53.646973	23.815406
55.643114	23.815406
55.643114	24.460877
57.165535	24.460877
57.165535	25.411342
59.268739	25.411342
59.268739	26.620712
60.816932	26.620712
60.816932	27.569682
62.055596	27.569682
62.055596	28.389727
63.903891	28.389727
63.903891	28.972500
65.483122	28.972500
65.483122	29.282655
66.897373	29.282655
66.897373	29.543722
69.020024	29.543722
69.020024	29.798689
70.875254	29.798689
70.875254	30.023886
72.512744	30.023886
& cycle # 3, chisq = 605036.650372, e = 38.257267
0.000000	6.760205
0.355458	6.760205
0.355458	8.307769
0.740630	8.307769
0.740630	8.916184
0.997812	8.916184
0.997812	9.364938
1.471093	9.364938
1.471093	9.780982
1.927093	9.780982
1.927093	10.062874
2.293574	10.062874
2.293574	10.374477
3.090157	10.374477
3.090157	10.708814
3.863708	10.708814
3.863708	10.951989
4.506314	10.951989
4.506314	11.235153
5.907832	11.235153
5.907832	11.537427
7.201889	11.537427
7.201889	11.754601
8.300163	11.754601
8.300163	12.000933
10.623355	12.000933
10.623355	12.247829
12.782375	12.247829
12.782375	12.410585
14.615834	12.410585
14.615834	12.591662
18.343297	12.591662
18.343297	12.826957
21.463701	12.826957
21.463701	13.084425
23.857990	13.084425
23.857990	13.558375
27.757763	13.558375
27.757763	14.366382
30.328573	14.366382
30.328573	15.186430
32.109376	15.186430
32.109376	16.217774
34.984285	16.217774
34.984285	17.294467
37.074728	17.294467
37.074728	18.142755
38.669109	18.142755
38.669109	19.322597
41.205418	19.322597
41.205418	20.756763
43.050013	20.756763
43.050013	21.737476
44.527057	21.737476
44.527057	22.509975
47.099644	22.509975
47.099644	23.005349
49.194417	23.005349
49.194417	23.289335
50.930173	23.289335
50.930173	23.658267
53.646973	23.658267
53.646973	24.194798
55.643114	24.194798
55.643114	24.776350
57.165535	24.776350
57.165535	25.622139
59.268739	25.622139
59.268739	26.684109
60.816932	26.684109
60.816932	27.503292
62.055596	27.503292
62.055596	28.193359
63.903891	28.193359
63.903891	28.664605
65.483122	28.664605
65.483122	28.901292
66.897373	28.901292
66.897373	29.089907
69.020024	29.089907
69.020024	29.267998
70.875254	29.267998
70.875254	29.423036
72.512744	29.423036
& cycle # 4, chisq = 591906.851063, e = 38.257267
0.000000	9.466651
0.355458	9.466651
0.355458	10.184158
0.740630	10.184158
0.740630	10.381089
0.997812	10.381089
0.997812	10.545465
1.471093	10.545465
1.471093	10.714050
1.927093	10.714050
1.927093	10.838815
2.293574	10.838815
2.293574	10.988166
3.090157	10.988166
3.090157	11.160410
3.863708	11.160410
3.863708	11.294183
4.506314	11.294183
4.506314	11.459709
5.907832	11.459709
5.907832	11.646463
7.201889	11.646463
7.201889	11.787707
8.300163	11.787707
8.300163	11.956107
10.623355	11.956107
10.623355	12.134442
12.782375	12.134442
12.782375	12.260838
14.615834	12.260838
14.615834	12.415449
18.343297	12.415449
18.343297	12.631547
21.463701	12.631547
21.463701	12.875951
23.857990	12.875951
23.857990	13.333327
27.757763	13.333327
27.757763	14.124657
30.328573	14.124657
30.328573	14.942581
32.109376	14.942581
32.109376	16.002800
34.984285	16.002800
34.984285	17.158041
37.074728	17.158041
37.074728	18.101714
38.669109	18.101714
38.669109	19.428821
41.205418	19.428821
41.205418	21.043701
43.050013	21.043701
43.050013	22.145504
44.527057	22.145504
44.527057	23.006242
47.099644	23.006242
47.099644	23.544828
49.194417	23.544828
49.194417	23.839715
50.930173	23.839715
50.930173	24.209756
53.646973	24.209756
53.646973	24.737486
55.643114	24.737486
55.643114	25.301584
57.165535	25.301584
57.165535	26.111139
59.268739	26.111139
59.268739	27.111753
60.816932	27.111753
60.816932	27.866439
62.055596	27.866439
62.055596	28.477957
63.903891	28.477957
63.903891	28.865697
65.483122	28.865697
65.483122	29.034285
66.897373	29.034285
66.897373	29.143439
69.020024	29.143439
69.020024	29.226779
70.875254	29.226779
70.875254	29.288549
72.512744	29.288549
& cycle # 5, chisq = 570708.725534, e = 38.257267
0.000000	8.801724
0.347787	8.801724
0.347787	9.704404
0.738324	9.704404
0.738324	10.015886
0.999549	10.015886
0.999549	10.267060
1.477984	10.267060
1.477984	10.517054
1.938810	10.517054
1.938810	10.697396
2.309464	10.697396
2.309464	10.907316
3.110748	10.907316
3.110748	11.143300
3.888875	11.143300
3.888875	11.322462
4.535819	11.322462
4.535819	11.538405
5.939357	11.538405
5.939357	11.776208
7.235873	11.776208
7.235873	11.952085
8.337112	11.952085
8.337112	12.156026
10.654814	12.156026
10.654814	12.365321
12.809663	12.365321
12.809663	12.507936
14.640691	12.507936
14.640691	12.673346
18.344087	12.673346
18.344087	12.894852
21.448061	12.894852
21.448061	13.139214
23.835364	13.139214
23.835364	13.585975
27.722984	13.585975
27.722984	14.341275
30.306576	14.341275
30.306576	15.108292
32.105551	15.108292
32.105551	16.088615
34.999174	16.088615
34.999174	17.148970
37.097004	17.148970
37.097004	18.009517
38.691828	18.009517
38.691828	19.205235
41.213055	19.205235
41.213055	20.641356
43.051180	20.641356
43.051180	21.608663
44.528207	21.608663
44.528207	22.363129
47.097727	22.363129
47.097727	22.856466
49.195032	22.856466
49.195032	23.153724
50.934108	23.153724
50.934108	23.548591
53.646322	23.548591
53.646322	24.124441
55.642460	24.124441
55.642460	24.748345
57.167007	24.748345
57.167007	25.652080
59.268712	25.652080
59.268712	26.783029
60.819110	26.783029
60.819110	27.654862
62.060667	27.654862
62.060667	28.386716
63.907184	28.386716
63.907184	28.882376
65.485849	28.882376
65.485849	29.126314
66.900458	29.126314
66.900458	29.313723
69.018909	29.313723
69.018909	29.484053
70.874208	29.484053
70.874208	29.628055
72.515246	29.628055
& cycle # 1, chisq = 590887.006026, e = 38.000386
0.000000	7.150822
0.347787	7.150822
0.347787	8.791591
0.738324	8.791591
0.738324	9.395455
0.999549	9.395455
0.999549	9.814150
1.477984	9.814150
1.477984	10.191374
1.938810	10.191374
1.938810	10.443685
2.309464	10.443685
2.309464	10.720590
3.110748	10.720590
3.110748	11.017552
3.888875	11.017552
3.888875	11.234503
4.535819	11.234503
4.535819	11.487905
5.939357	11.487905
5.939357	11.759934
7.235873	11.759934
7.235873	11.956929
8.337112	11.956929
8.337112	12.181406
10.654814	12.181406
10.654814	12.408084
12.809663	12.408084
12.809663	12.559674
14.640691	12.559674
14.640691	12.731475
18.344087	12.731475
18.344087	12.957605
21.448061	12.957605
21.448061	13.205229
23.835364	13.205229
23.835364	13.656484
27.722984	13.656484
27.722984	14.417332
30.306576	14.417332
30.306576	15.187484
32.105551	15.187484
32.105551	16.166617
34.999174	16.166617
34.999174	17.217788
37.097004	17.217788
37.097004	18.065374
38.691828	18.065374
38.691828	19.240206
41.213055	19.240206
41.213055	20.649763
43.051180	20.649763
43.051180	21.597952
44.528207	21.597952
44.528207	22.335429
47.097727	22.335429
47.097727	22.814736
49.195032	22.814736
49.195032	23.101293
50.934108	23.101293
50.934108	23.480750
53.646322	23.480750
53.646322	24.033845
55.642460	24.033845
55.642460	24.633201
57.167007	24.633201
57.167007	25.501824
59.268712	25.501824
59.268712	26.589761
60.819110	26.589761
60.819110	27.429625
62.060667	27.429625
62.060667	28.136558
63.907184	28.136558
63.907184	28.617982
65.485849	28.617982
65.485849	28.857497
66.900458	28.857497
66.900458	29.044316
69.018909	29.044316
69.018909	29.216592
70.874208	29.216592
70.874208	29.363753
72.515246	29.363753
& cycle # 2, chisq = 595856.182547, e = 38.000386
0.000000	8.607911
0.347787	8.607911
0.347787	9.398476
0.738324	9.398476
0.738324	9.660751
0.999549	9.660751
0.999549	9.879962
1.477984	9.879962
1.477984	10.104487
1.938810	10.104487
1.938810	10.270684
2.309464	10.270684
2.309464	10.468970
3.110748	10.468970
3.110748	10.697221
3.888875	10.697221
3.888875	10.874477
4.535819	10.874477
4.535819	11.092897
5.939357	11.092897
5.939357	11.338472
7.235873	11.338472
7.235873	11.523634
8.337112	11.523634
8.337112	11.742257
10.654814	11.742257
10.654814	11.970779
12.809663	11.970779
12.809663	12.129949
14.640691	12.129949
14.640691	12.319240
18.344087	12.319240
18.344087	12.576526
21.448061	12.576526
21.448061	12.860841
23.835364	12.860841
23.835364	13.377340
27.722984	13.377340
27.722984	14.240354
30.306576	14.240354
30.306576	15.100694
32.105551	15.100694
32.105551	16.163413
34.999174	16.163413
34.999174	17.255259
37.097004	17.255259
37.097004	18.100900
38.691828	18.100900
38.691828	19.255632
41.213055	19.255632
41.213055	20.634899
43.051180	20.634899
43.051180	21.560100
44.528207	21.560100
44.528207	22.277696
47.097727	22.277696
47.097727	22.743983
49.195032	22.743983
49.195032	23.025323
50.934108	23.025323
50.934108	23.403402
53.646322	23.403402
53.646322	23.961316
55.642460	23.961316
55.642460	24.572034
57.167007	24.572034
57.167007	25.465995
59.268712	25.465995
59.268712	26.598675
60.819110	26.598675
60.819110	27.486930
62.060667	27.486930
62.060667	28.253435
63.907184	28.253435
63.907184	28.797637
65.485849	28.797637
65.485849	29.086893
66.900458	29.086893
66.900458	29.329229
69.018909	29.329229
69.018909	29.564872
70.874208	29.564872
70.874208	29.772250
72.515246	29.772250
& cycle # 3, chisq = 600785.727395, e = 38.000386
0.000000	6.889671
0.347787	6.889671
0.347787	8.367609
0.738324	8.367609
0.738324	8.970447
0.999549	8.970447
0.999549	9.415716
1.477984	9.415716
1.477984	9.828055
1.938810	9.828055
1.938810	10.107535
2.309464	10.107535
2.309464	10.415556
3.110748	10.415556
3.110748	10.745661
3.888875	10.745661
3.888875	10.986019
4.535819	10.986019
4.535819	11.265344
5.939357	11.265344
5.939357	11.563530
7.235873	11.563530
7.235873	11.778266
8.337112	11.778266
8.337112	12.021661
10.654814	12.021661
10.654814	12.266112
12.809663	12.266112
12.809663	12.428488
14.640691	12.428488
14.640691	12.610900
18.344087	12.610900
18.344087	12.849300
21.448061	12.849300
21.448061	13.109428
23.835364	13.109428
23.835364	13.582332
27.722984	13.582332
27.722984	14.377471
30.306576	14.377471
30.306576	15.179212
32.105551	15.179212
32.105551	16.191588
34.999174	16.191588
34.999174	17.267697
37.097004	17.267697
37.097004	18.127799
38.691828	18.127799
38.691828	19.316067
41.213055	19.316067
41.213055	20.740025
43.051180	20.740025
43.051180	21.696755
44.528207	21.696755
44.528207	22.439212
47.097727	22.439212
47.097727	22.919712
49.195032	22.919712
49.195032	23.205686
50.934108	23.205686
50.934108	23.584123
53.646322	23.584123
53.646322	24.136262
55.642460	24.136262
55.642460	24.735314
57.167007	24.735314
57.167007	25.604760
59.268712	25.604760
59.268712	26.695759
60.819110	26.695759
60.819110	27.540291
62.060667	27.540291
62.060667	28.254481
63.907184	28.254481
63.907184	28.745022
65.485849	28.745022
65.485849	28.992782
66.900458	28.992782
66.900458	29.189664
69.018909	29.189664
69.018909	29.374109
70.874208	29.374109
70.874208	29.533259
72.515246	29.533259
& cycle # 4, chisq = 596179.621488, e = 38.000386
0.000000	7.024091
0.347787	7.024091
0.347787	8.105707
0.738324	8.105707
0.738324	8.563507
0.999549	8.563507
0.999549	8.940544
1.477984	8.940544
1.477984	9.318461
1.938810	9.318461
1.938810	9.591488
2.309464	9.591488
2.309464	9.908399
3.110748	9.908399
3.110748	10.262503
3.888875	10.262503
3.888875	10.529030
4.535819	10.529030
4.535819	10.846546
5.939357	10.846546
5.939357	11.191302
7.235873	11.191302
7.235873	11.442113
8.337112	11.442113
8.337112	11.727061
10.654814	11.727061
10.654814	12.011492
12.809663	12.011492
12.809663	12.197334
14.640691	12.197334
14.640691	12.400336
18.344087	12.400336
18.344087	12.659209
21.448061	12.659209
21.448061	12.938416
23.835364	12.938416
23.835364	13.443858
27.722984	13.443858
27.722984	14.292373
30.306576	14.292373
30.306576	15.147782
32.105551	15.147782
32.105551	16.229417
34.999174	16.229417
34.999174	17.382712
37.097004	17.382712
37.097004	18.307819
38.691828	18.307819
38.691828	19.588624
41.213055	19.588624
41.213055	21.125679
43.051180	21.125679
43.051180	22.160187
44.528207	22.160187
44.528207	22.965222
47.097727	22.965222
47.097727	23.487975
49.195032	23.487975
49.195032	23.798955
50.934108	23.798955
50.934108	24.207792
53.646322	24.207792
53.646322	24.799768
55.642460	24.799768
55.642460	25.437228
57.167007	25.437228
57.167007	26.354388
59.268712	26.354388
59.268712	27.492207
60.819110	27.492207
60.819110	28.357928
62.060667	28.357928
62.060667	29.067730
63.907184	29.067730
63.907184	29.526583
65.485849	29.526583
65.485849	29.732261
66.900458	29.732261
66.900458	29.869603
69.018909	29.869603
69.018909	29.977049
70.874208	29.977049
70.874208	30.057714
72.515246	30.057714
& cycle # 5, chisq = 595901.799406, e = 38.000386
0.000000	9.254664
0.314466	9.254664
0.314466	10.031886
0.684590	10.031886
0.684590	10.305146
0.930202	10.305146
0.930202	10.525444
1.389846	10.525444
1.389846	10.745863
1.833183	10.745863
1.833183	10.904512
2.188502	10.904512
2.188502	11.091677
2.975739	11.091677
2.975739	11.303414
3.740169	11.303414
3.740169	11.463718
4.373352	11.463718
4.373352	11.659388
5.780257	11.659388
5.780257	11.875832
7.077179	11.875832
7.077179	12.035117
8.174816	12.035117
8.174816	12.221568
10.538337	12.221568
10.538337	12.412912
12.730397	12.412912
12.730397	12.542682
14.584225	12.542682
14.584225	12.698916
18.395704	12.698916
18.395704	12.919208
21.536226	12.919208
21.536226	13.169399
23.906374	13.169399
23.906374	13.636670
27.764508	13.636670
27.764508	14.418624
30.279194	14.418624
30.279194	15.161078
32.035667	15.161078
32.035667	16.044652
34.973482	16.044652
34.973482	17.006245
37.109801	17.006245
37.109801	17.862496
38.711532	17.862496
38.711532	19.139028
41.238403	19.139028
41.238403	20.693383
43.042106	20.693383
43.042106	21.695472
44.485645	21.695472
44.485645	22.428685
47.060175	22.428685
47.060175	22.882040
49.164023	22.882040
49.164023	23.156378
50.905972	23.156378
50.905972	23.535045
53.662027	23.535045
53.662027	24.099425
55.667842	24.099425
55.667842	24.717332
57.185187	24.717332
57.185187	25.629201
59.289917	25.629201
59.289917	26.780046
60.824395	26.780046
60.824395	27.654328
62.048412	27.654328
62.048412	28.377346
63.898893	28.377346
63.898893	28.863318
65.479085	28.863318
65.479085	29.109130
66.892649	29.109130
66.892649	29.313001
69.035167	29.313001
69.035167	29.508926
70.902485	29.508926
70.902485	29.675530
72.548921	29.675530
& cycle # 1, chisq = 612214.901668, e = 39.162659
0.000000	7.723430
0.314466	7.723430
0.314466	8.941601
0.684590	8.941601
0.684590	9.402805
0.930202	9.402805
0.930202	9.747841
1.389846	9.747841
1.389846	10.075838
1.833183	10.075838
1.833183	10.302354
2.188502	10.302354
2.188502	10.560336
2.975739	10.560336
2.975739	10.843375
3.740169	10.843375
3.740169	11.051950
4.373352	11.051950
4.373352	11.300447
5.780257	11.300447
5.780257	11.569496
7.077179	11.569496
7.077179	11.763716
8.174816	11.763716
8.174816	11.987017
10.538337	11.987017
10.538337	12.211822
12.730397	12.211822
12.730397	12.360500
14.584225	12.360500
14.584225	12.533921
18.395704	12.533921
18.395704	12.773109
21.536226	12.773109
21.536226	13.042282
23.906374	13.042282
23.906374	13.542702
27.764508	13.542702
27.764508	14.376485
30.279194	14.376485
30.279194	15.163538
32.035667	15.163538
32.035667	16.090768
34.973482	16.090768
34.973482	17.086765
37.109801	17.086765
37.109801	17.966207
38.711532	17.966207
38.711532	19.274138
41.238403	19.274138
41.238403	20.864450
43.042106	20.864450
43.042106	21.887266
44.485645	21.887266
44.485645	22.630910
47.060175	22.630910
47.060175	23.083276
49.164023	23.083276
49.164023	23.350627
50.905972	23.350627
50.905972	23.714933
53.662027	23.714933
53.662027	24.254428
55.667842	24.254428
55.667842	24.842425
57.185187	24.842425
57.185187	25.706378
59.289917	25.706378
59.289917	26.791029
60.824395	26.791029
60.824395	27.608674
62.048412	27.608674
62.048412	28.275675
63.898893	28.275675
63.898893	28.712645
65.479085	28.712645
65.479085	28.924034
66.892649	28.924034
66.892649	29.090689
69.035167	29.090689
69.035167	29.244438
70.902485	29.244438
70.902485	29.371535
72.548921	29.371535
& cycle # 2, chisq = 612630.949574, e = 39.162659
0.000000	9.011983
0.314466	9.011983
0.314466	9.703004
0.684590	9.703004
0.684590	9.942811
0.930202	9.942811
0.930202	10.142083
1.389846	10.142083
1.389846	10.346220
1.833183	10.346220
1.833183	10.496297
2.188502	10.496297
2.188502	10.677016
2.975739	10.677016
2.975739	10.885568
3.740169	10.885568
3.740169	11.046513
4.373352	11.046513
4.373352	11.246726
5.780257	11.246726
5.780257	11.472215
7.077179	11.472215
7.077179	11.640986
8.174816	11.640986
8.174816	11.841760
10.538337	11.841760
10.538337	12.051332
12.730397	12.051332
12.730397	12.196458
14.584225	12.196458
14.584225	12.375247
18.395704	12.375247
18.395704	12.630371
21.536226	12.630371
21.536226	12.920204
23.906374	12.920204
23.906374	13.457899
27.764508	13.457899
27.764508	14.346830
30.279194	14.346830
30.279194	15.173980
32.035667	15.173980
32.035667	16.120823
34.973482	16.120823
34.973482	17.097312
37.109801	17.097312
37.109801	17.935543
38.711532	17.935543
38.711532	19.172521
41.238403	19.172521
41.238403	20.673079
43.042106	20.673079
43.042106	21.637303
44.485645	21.637303
44.485645	22.339896
47.060175	22.339896
47.060175	22.773038
49.164023	22.773038
49.164023	23.036640
50.905972	23.036640
50.905972	23.404727
53.662027	23.404727
53.662027	23.958679
55.667842	23.958679
55.667842	24.569896
57.185187	24.569896
57.185187	25.478708
59.289917	25.478708
59.289917	26.635716
60.824395	26.635716
60.824395	27.525268
62.048412	27.525268
62.048412	28.275161
63.898893	28.275161
63.898893	28.795333
65.479085	28.795333
65.479085	29.070687
66.892649	29.070687
66.892649	29.308121
69.035167	29.308121
69.035167	29.540998
70.902485	29.540998
70.902485	29.740205
72.548921	29.740205
& cycle # 3, chisq = 621476.797022, e = 39.162659
0.000000	7.877974
0.314466	7.877974
0.314466	8.977878
0.684590	8.977878
0.684590	9.405182
0.930202	9.405182
0.930202	9.733569
1.389846	9.733569
1.389846	10.050329
1.833183	10.050329
1.833183	10.271290
2.188502	10.271290
2.188502	10.524754
2.975739	10.524754
2.975739	10.804323
3.740169	10.804323
3.740169	11.011190
4.373352	11.011190
4.373352	11.258440
5.780257	11.258440
5.780257	11.526834
7.077179	11.526834
7.077179	11.721022
8.174816	11.721022
8.174816	11.944788
10.538337	11.944788
10.538337	12.170679
12.730397	12.170679
12.730397	12.320672
14.584225	12.320672
14.584225	12.496558
18.395704	12.496558
18.395704	12.740041
21.536226	12.740041
21.536226	13.014384
23.906374	13.014384
23.906374	13.524393
27.764508	13.524393
27.764508	14.373538
30.279194	14.373538
30.279194	15.173910
32.035667	15.173910
32.035667	16.113937
34.973482	16.113937
34.973482	17.119223
37.109801	17.119223
37.109801	18.004018
38.711532	18.004018
38.711532	19.318322
41.238403	19.318322
41.238403	20.915078
43.042106	20.915078
43.042106	21.940828
44.485645	21.940828
44.485645	22.684713
47.060175	22.684713
47.060175	23.134796
49.164023	23.134796
49.164023	23.399151
50.905972	23.399151
50.905972	23.758744
53.662027	23.758744
53.662027	24.291252
55.667842	24.291252
55.667842	24.871787
57.185187	24.871787
57.185187	25.725049
59.289917	25.725049
59.289917	26.796650
60.824395	26.796650
60.824395	27.604763
62.048412	27.604763
62.048412	28.264210
63.898893	28.264210
63.898893	28.696201
65.479085	28.696201
65.479085	28.904851
66.892649	28.904851
66.892649	29.068632
69.035167	29.068632
69.035167	29.218760
70.902485	29.218760
70.902485	29.341983
72.548921	29.341983
& cycle # 4, chisq = 612407.365861, e = 39.162659
0.000000	9.110957
0.314466	9.110957
0.314466	9.835419
0.684590	9.835419
0.684590	10.088519
0.930202	10.088519
0.930202	10.295911
1.389846	10.295911
1.389846	10.505790
1.833183	10.505790
1.833183	10.658285
2.188502	10.658285
2.188502	10.839687
2.975739	10.839687
2.975739	11.046425
3.740169	11.046425
3.740169	11.203973
4.373352	11.203973
4.373352	11.397417
5.780257	11.397417
5.780257	11.612507
7.077179	11.612507
7.077179	11.771521
8.174816	11.771521
8.174816	11.958438
10.538337	11.958438
10.538337	12.151121
12.730397	12.151121
12.730397	12.282574
14.584225	12.282574
14.584225	12.442062
18.395704	12.442062
18.395704	12.668319
21.536226	12.668319
21.536226	12.926248
23.906374	12.926248
23.906374	13.409794
27.764508	13.409794
27.764508	14.223186
30.279194	14.223186
30.279194	15.001631
32.035667	15.001631
32.035667	15.941417
34.973482	15.941417
34.973482	16.983227
37.109801	16.983227
37.109801	17.921723
38.711532	17.921723
38.711532	19.324574
41.238403	19.324574
41.238403	21.032885
43.042106	21.032885
43.042106	22.132656
44.485645	22.132656
44.485645	22.932447
47.060175	22.932447
47.060175	23.417293
49.164023	23.417293
49.164023	23.700761
50.905972	23.700761
50.905972	24.082675
53.662027	24.082675
53.662027	24.643436
55.667842	24.643436
55.667842	25.250323
57.185187	25.250323
57.185187	26.135556
59.289917	26.135556
59.289917	27.236888
60.824395	27.236888
60.824395	28.055898
62.048412	28.055898
62.048412	28.707775
63.898893	28.707775
63.898893	29.114602
65.479085	29.114602
65.479085	29.293872
66.892649	29.293872
66.892649	29.418776
69.035167	29.418776
69.035167	29.521215
70.902485	29.521215
70.902485	29.598244
72.548921	29.598244
& cycle # 5, chisq = 601185.981797, e = 39.162659
0.000000	8.972721
0.350760	8.972721
0.350760	9.852349
0.742951	9.852349
0.742951	10.143757
1.005474	10.143757
1.005474	10.379586
1.485346	10.379586
1.485346	10.614918
1.947498	10.614918
1.947498	10.785187
2.319340	10.785187
2.319340	10.983649
3.121400	10.983649
3.121400	11.207162
3.900285	11.207162
3.900285	11.377285
4.548080	11.377285
4.548080	11.582554
5.950415	11.582554
5.950415	11.809009
7.246064	11.809009
7.246064	11.976950
8.346927	11.976950
8.346927	12.172043
10.659042	12.172043
10.659042	12.372914
12.809315	12.372914
12.809315	12.510214
14.637739	12.510214
14.637739	12.668705
18.333678	12.668705
18.333678	12.879394
21.440698	12.879394
21.440698	13.111679
23.836671	13.111679
23.836671	13.538830
27.737725	13.538830
27.737725	14.270490
30.327964	14.270490
30.327964	15.028829
32.124584	15.028829
32.124584	16.013167
34.995575	16.013167
34.995575	17.068149
37.079915	17.068149
37.079915	17.898144
38.673808	17.898144
38.673808	19.036818
41.206100	19.036818
41.206100	20.421322
43.057472	20.421322
43.057472	21.385427
44.541516	21.385427
44.541516	22.166632
47.107489	22.166632
47.107489	22.686162
49.198209	22.686162
49.198209	22.991343
50.933410	22.991343
50.933410	23.387050
53.641354	23.387050
53.641354	23.960730
55.640902	23.960730
55.640902	24.583220
57.171437	24.583220
57.171437	25.489430
59.280740	25.489430
59.280740	26.635875
60.835917	26.635875
60.835917	27.536237
62.078680	27.536237
62.078680	28.309660
63.919586	28.309660
63.919586	28.845980
65.492261	28.845980
65.492261	29.112439
66.903878	29.112439
66.903878	29.310150
69.024683	29.310150
69.024683	29.476389
70.895922	29.476389
70.895922	29.605611
72.563563	29.605611
& cycle # 1, chisq = 591546.650391, e = 37.894965
0.000000	7.283824
0.350760	7.283824
0.350760	8.826036
0.742951	8.826036
0.742951	9.397131
1.005474	9.397131
1.005474	9.801517
1.485346	9.801517
1.485346	10.170446
1.947498	10.170446
1.947498	10.419557
2.319340	10.419557
2.319340	10.694429
3.121400	10.694429
3.121400	10.990487
3.900285	10.990487
3.900285	11.207647
4.548080	11.207647
4.548080	11.461734
5.950415	11.461734
5.950415	11.734995
7.246064	11.734995
7.246064	11.933331
8.346927	11.933331
8.346927	12.159506
10.659042	12.159506
10.659042	12.388221
12.809315	12.388221
12.809315	12.541171
14.637739	12.541171
14.637739	12.712810
18.333678	12.712810
18.333678	12.935938
21.440698	12.935938
21.440698	13.179425
23.836671	13.179425
23.836671	13.624952
27.737725	13.624952
27.737725	14.384749
30.327964	14.384749
30.327964	15.168015
32.124584	15.168015
32.124584	16.175675
34.995575	16.175675
34.995575	17.241597
37.079915	17.241597
37.079915	18.069991
38.673808	18.069991
38.673808	19.201043
41.206100	19.201043
41.206100	20.573977
43.057472	20.573977
43.057472	21.528376
44.541516	21.528376
44.541516	22.298795
47.107489	22.298795
47.107489	22.806639
49.198209	22.806639
49.198209	23.100946
50.933410	23.100946
50.933410	23.479529
53.641354	23.479529
53.641354	24.026544
55.640902	24.026544
55.640902	24.618904
57.171437	24.618904
57.171437	25.479714
59.280740	25.479714
59.280740	26.566547
60.835917	26.566547
60.835917	27.417792
62.078680	27.417792
62.078680	28.145912
63.919586	28.145912
63.919586	28.647219
65.492261	28.647219
65.492261	28.893348
66.903878	28.893348
66.903878	29.073290
69.024683	29.073290
69.024683	29.222408
70.895922	29.222408
70.895922	29.336977
72.563563	29.336977
& cycle # 2, chisq = 595467.478776, e = 37.894965
0.000000	8.649022
0.350760	8.649022
0.350760	9.455143
0.742951	9.455143
0.742951	9.719320
1.005474	9.719320
1.005474	9.940325
1.485346	9.940325
1.485346	10.166733
1.947498	10.166733
1.947498	10.334455
2.319340	10.334455
2.319340	10.534416
3.121400	10.534416
3.121400	10.764567
3.900285	10.764567
3.900285	10.943418
4.548080	10.943418
4.548080	11.163642
5.950415	11.163642
5.950415	11.411246
7.246064	11.411246
7.246064	11.598106
8.346927	11.598106
8.346927	11.818679
10.659042	11.818679
10.659042	12.049362
12.809315	12.049362
12.809315	12.209889
14.637739	12.209889
14.637739	12.398926
18.333678	12.398926
18.333678	12.653086
21.440698	12.653086
21.440698	12.933291
23.836671	12.933291
23.836671	13.444733
27.737725	13.444733
27.737725	14.309699
30.327964	14.309699
30.327964	15.188822
32.124584	15.188822
32.124584	16.289496
34.995575	16.289496
34.995575	17.404251
37.079915	17.404251
37.079915	18.233287
38.673808	18.233287
38.673808	19.344791
41.206100	19.344791
41.206100	20.686259
43.057472	20.686259
43.057472	21.615085
44.541516	21.615085
44.541516	22.360857
47.107489	22.360857
47.107489	22.849153
49.198209	22.849153
49.198209	23.131840
50.933410	23.131840
50.933410	23.499049
53.641354	23.499049
53.641354	24.035463
55.640902	24.035463
55.640902	24.621851
57.171437	24.621851
57.171437	25.481943
59.280740	25.481943
59.280740	26.579351
60.835917	26.579351
60.835917	27.450745
62.078680	27.450745
62.078680	28.211304
63.919586	28.211304
63.919586	28.751203
65.492261	28.751203
65.492261	29.028140
66.903878	29.028140
66.903878	29.239536
69.024683	29.239536
69.024683	29.420054
70.895922	29.420054
70.895922	29.560702
72.563563	29.560702
& cycle # 3, chisq = 599851.899832, e = 37.894965
0.000000	7.549776
0.350760	7.549776
0.350760	8.708217
0.742951	8.708217
0.742951	9.163061
1.005474	9.163061
1.005474	9.519392
1.485346	9.519392
1.485346	9.864263
1.947498	9.864263
1.947498	10.106852
2.319340	10.106852
2.319340	10.382238
3.121400	10.382238
3.121400	10.684890
3.900285	10.684890
3.900285	10.910124
4.548080	10.910124
4.548080	11.176272
5.950415	11.176272
5.950415	11.464381
7.246064	11.464381
7.246064	11.674380
8.346927	11.674380
8.346927	11.914396
10.659042	11.914396
10.659042	12.157300
12.809315	12.157300
12.809315	12.319685
14.637739	12.319685
14.637739	12.501673
18.333678	12.501673
18.333678	12.737929
21.440698	12.737929
21.440698	12.995516
23.836671	12.995516
23.836671	13.466534
27.737725	13.466534
27.737725	14.269205
30.327964	14.269205
30.327964	15.095825
32.124584	15.095825
32.124584	16.157336
34.995575	16.157336
34.995575	17.277026
37.079915	17.277026
37.079915	18.144604
38.673808	18.144604
38.673808	19.327096
41.206100	19.327096
41.206100	20.760331
43.057472	20.760331
43.057472	21.754171
44.541516	21.754171
44.541516	22.551660
47.107489	22.551660
47.107489	23.069872
49.198209	23.069872
49.198209	23.363466
50.933410	23.363466
50.933410	23.736012
53.641354	23.736012
53.641354	24.271228
55.640902	24.271228
55.640902	24.848848
57.171437	24.848848
57.171437	25.685689
59.280740	25.685689
59.280740	26.738514
60.835917	26.738514
60.835917	27.558944
62.078680	27.558944
62.078680	28.254615
63.919586	28.254615
63.919586	28.725831
65.492261	28.725831
65.492261	28.950102
66.903878	28.950102
66.903878	29.106533
69.024683	29.106533
69.024683	29.229025
70.895922	29.229025
70.895922	29.318063
72.563563	29.318063
& cycle # 4, chisq = 590202.766739, e = 37.894965
0.000000	7.864309
0.350760	7.864309
0.350760	8.897496
0.742951	8.897496
0.742951	9.286811
1.005474	9.286811
1.005474	9.598038
1.485346	9.598038
1.485346	9.904811
1.947498	9.904811
1.947498	10.124267
2.319340	10.124267
2.319340	10.377379
3.121400	10.377379
3.121400	10.659703
3.900285	10.659703
3.900285	10.872704
4.548080	10.872704
4.548080	11.127617
5.950415	11.127617
5.950415	11.406720
7.246064	11.406720
7.246064	11.612217
8.346927	11.612217
8.346927	11.849153
10.659042	11.849153
10.659042	12.090898
12.809315	12.090898
12.809315	12.253998
14.637739	12.253998
14.637739	12.438788
18.333678	12.438788
18.333678	12.680442
21.440698	12.680442
21.440698	12.944352
23.836671	12.944352
23.836671	13.426166
27.737725	13.426166
27.737725	14.244565
30.327964	14.244565
30.327964	15.083067
32.124584	15.083067
32.124584	16.149708
34.995575	16.149708
34.995575	17.258456
37.079915	17.258456
37.079915	18.105438
38.673808	18.105438
38.673808	19.253721
41.206100	19.253721
41.206100	20.644187
43.057472	20.644187
43.057472	21.608877
44.541516	21.608877
44.541516	22.385320
47.107489	22.385320
47.107489	22.895002
49.198209	22.895002
49.198209	23.189798
50.933410	23.189798
50.933410	23.570501
53.641354	23.570501
53.641354	24.123350
55.640902	24.123350
55.640902	24.724660
57.171437	24.724660
57.171437	25.602109
59.280740	25.602109
59.280740	26.714769
60.835917	26.714769
60.835917	27.590632
62.078680	27.590632
62.078680	28.344202
63.919586	28.344202
63.919586	28.865743
65.492261	28.865743
65.492261	29.121498
66.903878	29.121498
66.903878	29.304763
69.024683	29.304763
69.024683	29.450264
70.895922	29.450264
70.895922	29.555914
72.563563	29.555914
& cycle # 5, chisq = 595489.191670, e = 37.894965
0.000000	8.952359
0.308900	8.952359
0.308900	9.761092
0.675537	9.761092
0.675537	10.055927
0.918490	10.055927
0.918490	10.292410
1.374923	10.292410
1.374923	10.528201
1.815271	10.528201
1.815271	10.697167
2.167971	10.697167
2.167971	10.896229
2.952849	10.896229
2.952849	11.120866
3.714978	11.120866
3.714978	11.290276
4.345833	11.290276
4.345833	11.496847
5.753575	11.496847
5.753575	11.724811
7.050781	11.724811
7.050781	11.891921
8.147958	11.891921
8.147958	12.087269
10.520172	12.087269
10.520172	12.287055
12.719277	12.287055
12.719277	12.421888
14.577343	12.421888
14.577343	12.584681
18.407716	12.584681
18.407716	12.815783
21.552691	12.815783
21.552691	13.079225
23.917398	13.079225
23.917398	13.572210
27.766209	13.572210
27.766209	14.392781
30.268378	14.392781
30.268378	15.158479
32.019485	15.158479
32.019485	16.055020
34.971740	16.055020
34.971740	17.033865
37.118979	17.033865
37.118979	17.920714
38.723943	17.920714
38.723943	19.256447
41.253705	19.256447
41.253705	20.883764
43.052187	20.883764
43.052187	21.921512
44.490492	21.921512
44.490492	22.667438
47.066838	22.667438
47.066838	23.117934
49.171877	23.117934
49.171877	23.385804
50.913753	23.385804
50.913753	23.754378
53.675666	23.754378
53.675666	24.303266
55.680894	24.303266
55.680894	24.903277
57.194909	24.903277
57.194909	25.788254
59.297514	25.788254
59.297514	26.900984
60.828045	26.900984
60.828045	27.737883
62.048949	27.737883
62.048949	28.420512
63.901719	28.420512
63.901719	28.869621
65.484771	28.869621
65.484771	29.089624
66.901066	29.089624
66.901066	29.267300
69.051715	29.267300
69.051715	29.438010
70.920478	29.438010
70.920478	29.588169
72.560372	29.588169
& cycle # 1, chisq = 615090.777867, e = 39.371104
0.000000	8.096174
0.308900	8.096174
0.308900	9.152769
0.675537	9.152769
0.675537	9.553635
0.918490	9.553635
0.918490	9.861118
1.374923	9.861118
1.374923	10.158423
1.815271	10.158423
1.815271	10.366179
2.167971	10.366179
2.167971	10.605657
2.952849	10.605657
2.952849	10.870738
3.714978	10.870738
3.714978	11.067237
4.345833	11.067237
4.345833	11.303128
5.753575	11.303128
5.753575	11.559866
7.050781	11.559866
7.050781	11.745754
8.147958	11.745754
8.147958	11.960614
10.520172	11.960614
10.520172	12.177806
12.719277	12.177806
12.719277	12.322231
14.577343	12.322231
14.577343	12.493493
18.407716	12.493493
18.407716	12.733727
21.552691	12.733727
21.552691	13.006305
23.917398	13.006305
23.917398	13.515278
27.766209	13.515278
27.766209	14.360745
30.268378	14.360745
30.268378	15.147503
32.019485	15.147503
32.019485	16.064285
34.971740	16.064285
34.971740	17.059217
37.118979	17.059217
37.118979	17.957418
38.723943	17.957418
38.723943	19.309080
41.253705	19.309080
41.253705	20.955151
43.052187	20.955151
43.052187	22.004149
44.490492	22.004149
44.490492	22.756591
47.066838	22.756591
47.066838	23.208192
49.171877	23.208192
49.171877	23.473931
50.913753	23.473931
50.913753	23.836985
53.675666	23.836985
53.675666	24.375216
55.680894	24.375216
55.680894	24.961410
57.194909	24.961410
57.194909	25.822602
59.297514	25.822602
59.297514	26.899946
60.828045	26.899946
60.828045	27.703938
62.048949	27.703938
62.048949	28.350331
63.901719	28.350331
63.901719	28.763517
65.484771	28.763517
65.484771	28.955036
66.901066	28.955036
66.901066	29.098839
69.051715	29.098839
69.051715	29.228045
70.920478	29.228045
70.920478	29.336471
72.560372	29.336471
& cycle # 2, chisq = 616104.494057, e = 39.371104
0.000000	8.797844
0.308900	8.797844
0.308900	9.510558
0.675537	9.510558
0.675537	9.768028
0.918490	9.768028
0.918490	9.980935
1.374923	9.980935
1.374923	10.198197
1.815271	10.198197
1.815271	10.357099
2.167971	10.357099
2.167971	10.547952
2.952849	10.547952
2.952849	10.767309
3.714978	10.767309
3.714978	10.935623
4.345833	10.935623
4.345833	11.144301
5.753575	11.144301
5.753575	11.378136
7.050781	11.378136
7.050781	11.551920
8.147958	11.551920
8.147958	11.757539
10.520172	11.757539
10.520172	11.970209
12.719277	11.970209
12.719277	12.115525
14.577343	12.115525
14.577343	12.293108
18.407716	12.293108
18.407716	12.546291
21.552691	12.546291
21.552691	12.834065
23.917398	12.834065
23.917398	13.368220
27.766209	13.368220
27.766209	14.245519
30.268378	14.245519
30.268378	15.046382
32.019485	15.046382
32.019485	15.945355
34.971740	15.945355
34.971740	16.872641
37.118979	16.872641
37.118979	17.683199
38.723943	17.683199
38.723943	18.894047
41.253705	18.894047
41.253705	20.367819
43.052187	20.367819
43.052187	21.310156
44.490492	21.310156
44.490492	21.996289
47.066838	21.996289
47.066838	22.428174
49.171877	22.428174
49.171877	22.702752
50.913753	22.702752
50.913753	23.096683
53.675666	23.096683
53.675666	23.696985
55.680894	23.696985
55.680894	24.363689
57.194909	24.363689
57.194909	25.361029
59.297514	25.361029
59.297514	26.634670
60.828045	26.634670
60.828045	27.612588
62.048949	27.612588
62.048949	28.436110
63.901719	28.436110
63.901719	29.006180
65.484771	29.006180
65.484771	29.306539
66.901066	29.306539
66.901066	29.565383
69.051715	29.565383
69.051715	29.823889
70.920478	29.823889
70.920478	30.055147
72.560372	30.055147
& cycle # 3, chisq = 637752.517506, e = 39.371104
0.000000	6.271348
0.308900	6.271348
0.308900	8.222068
0.675537	8.222068
0.675537	8.979026
0.918490	8.979026
0.918490	9.491505
1.374923	9.491505
1.374923	9.942782
1.815271	9.942782
1.815271	10.235064
2.167971	10.235064
2.167971	10.551795
2.952849	10.551795
2.952849	10.885046
3.714978	10.885046
3.714978	11.121907
4.345833	11.121907
4.345833	11.396585
5.753575	11.396585
5.753575	11.687211
7.050781	11.687211
7.050781	11.892726
8.147958	11.892726
8.147958	12.125566
10.520172	12.125566
10.520172	12.356349
12.719277	12.356349
12.719277	12.506065
14.577343	12.506065
14.577343	12.678165
18.407716	12.678165
18.407716	12.914418
21.552691	12.914418
21.552691	13.180155
23.917398	13.180155
23.917398	13.674352
27.766209	13.674352
27.766209	14.492333
30.268378	14.492333
30.268378	15.249954
32.019485	15.249954
32.019485	16.125787
34.971740	16.125787
34.971740	17.067069
37.118979	17.067069
37.118979	17.912311
38.723943	17.912311
38.723943	19.183717
41.253705	19.183717
41.253705	20.733646
43.052187	20.733646
43.052187	21.723883
44.490492	21.723883
44.490492	22.439357
47.066838	22.439357
47.066838	22.877086
49.171877	22.877086
49.171877	23.141942
50.913753	23.141942
50.913753	23.509301
53.675666	23.509301
53.675666	24.058090
55.680894	24.058090
55.680894	24.659053
57.194909	24.659053
57.194909	25.546724
59.297514	25.546724
59.297514	26.664702
60.828045	26.664702
60.828045	27.507614
62.048949	27.507614
62.048949	28.198224
63.901719	28.198224
63.901719	28.656568
65.484771	28.656568
65.484771	28.884718
66.901066	28.884718
66.901066	29.072622
69.051715	29.072622
69.051715	29.256182
70.920478	29.256182
70.920478	29.419405
72.560372	29.419405
& cycle # 4, chisq = 627736.529868, e = 39.371104
0.000000	9.213472
0.308900	9.213472
0.308900	9.878358
0.675537	9.878358
0.675537	10.106134
0.918490	10.106134
0.918490	10.294210
1.374923	10.294210
1.374923	10.485923
1.815271	10.485923
1.815271	10.625979
2.167971	10.625979
2.167971	10.793976
2.952849	10.793976
2.952849	10.986790
3.714978	10.986790
3.714978	11.134535
4.345833	11.134535
4.345833	11.317498
5.753575	11.317498
5.753575	11.522397
7.050781	11.522397
7.050781	11.674730
8.147958	11.674730
8.147958	11.855383
10.520172	11.855383
10.520172	12.043269
12.719277	12.043269
12.719277	12.173012
14.577343	12.173012
14.577343	12.334190
18.407716	12.334190
18.407716	12.567503
21.552691	12.567503
21.552691	12.835789
23.917398	12.835789
23.917398	13.340656
27.766209	13.340656
27.766209	14.186354
30.268378	14.186354
30.268378	14.982794
32.019485	14.982794
32.019485	15.930642
34.971740	15.930642
34.971740	16.986551
37.118979	16.986551
37.118979	17.954401
38.723943	17.954401
38.723943	19.415245
41.253705	19.415245
41.253705	21.194059
43.052187	21.194059
43.052187	22.325514
44.490492	22.325514
44.490492	23.131465
47.066838	23.131465
47.066838	23.605068
49.171877	23.605068
49.171877	23.874163
50.913753	23.874163
50.913753	24.233856
53.675666	24.233856
53.675666	24.760925
55.680894	24.760925
55.680894	25.330438
57.194909	25.330438
57.194909	26.161216
59.297514	26.161216
59.297514	27.192124
60.828045	27.192124
60.828045	27.952595
62.048949	27.952595
62.048949	28.551737
63.901719	28.551737
63.901719	28.919958
65.484771	28.919958
65.484771	29.077967
66.901066	29.077967
66.901066	29.184302
69.051715	29.184302
69.051715	29.269664
70.920478	29.269664
70.920478	29.335275
72.560372	29.335275
& cycle # 5, chisq = 604159.744075, e = 39.371104
0.000000	8.468838
0.341769	8.468838
0.341769	9.401766
0.728596	9.401766
0.728596	9.739571
0.986995	9.739571
0.986995	10.010795
1.461966	10.010795
1.461966	10.279862
1.919562	10.279862
1.919562	10.473134
2.287396	10.473134
2.287396	10.697771
3.085871	10.697771
3.085871	10.949689
3.861263	10.949689
3.861263	11.140238
4.505527	11.140238
4.505527	11.369689
5.908870	11.369689
5.908870	11.621863
7.204756	11.621863
7.204756	11.807752
8.304794	11.807752
8.304794	12.023179
10.628875	12.023179
10.628875	12.243754
12.788915	12.243754
12.788915	12.393191
14.623388	12.393191
14.623388	12.565634
18.347320	12.565634
18.347320	12.796320
21.463976	12.796320
21.463976	13.051771
23.855348	13.051771
23.855348	13.523100
27.747388	13.523100
27.747388	14.326403
30.317180	14.326403
30.317180	15.141141
32.100574	15.141141
32.100574	16.166687
34.982545	16.166687
34.982545	17.243828
37.081578	17.243828
37.081578	18.100607
38.683035	18.100607
38.683035	19.299651
41.226136	19.299651
41.226136	20.767628
43.072588	20.767628
43.072588	21.781067
44.548441	21.781067
44.548441	22.585720
47.112009	22.585720
47.112009	23.102490
49.198793	23.102490
49.198793	23.395760
50.928944	23.395760
50.928944	23.772772
53.637692	23.772772
53.637692	24.317792
55.632040	24.317792
55.632040	24.906108
57.155998	24.906108
57.155998	25.757864
59.264178	25.757864
59.264178	26.822146
60.819654	26.822146
60.819654	27.639382
62.065632	27.639382
62.065632	28.323020
63.923851	28.323020
63.923851	28.785034
65.510548	28.785034
65.510548	29.014516
66.929400	29.014516
66.929400	29.197217
69.051959	29.197217
69.051959	29.371044
70.901557	29.371044
70.901557	29.522403
72.530318	29.522403
& cycle # 1, chisq = 590262.407222, e = 38.195308
0.000000	8.410395
0.341769	8.410395
0.341769	9.611627
0.728596	9.611627
0.728596	10.046050
0.986995	10.046050
0.986995	10.371362
1.461966	10.371362
1.461966	10.679424
1.919562	10.679424
1.919562	10.892773
2.287396	10.892773
2.287396	11.133422
3.085871	11.133422
3.085871	11.396568
3.861263	11.396568
3.861263	11.591361
4.505527	11.591361
4.505527	11.821596
5.908870	11.821596
5.908870	12.070662
7.204756	12.070662
7.204756	12.251782
8.304794	12.251782
8.304794	12.459236
10.628875	12.459236
10.628875	12.669275
12.788915	12.669275
12.788915	12.809686
14.623388	12.809686
14.623388	12.969060
18.347320	12.969060
18.347320	13.179750
21.463976	13.179750
21.463976	13.412089
23.855348	13.412089
23.855348	13.840611
27.747388	13.840611
27.747388	14.571691
30.317180	14.571691
30.317180	15.314735
32.100574	15.314735
32.100574	16.254035
34.982545	16.254035
34.982545	17.247322
37.081578	17.247322
37.081578	18.042635
38.683035	18.042635
38.683035	19.159316
41.226136	19.159316
41.226136	20.529704
43.072588	20.529704
43.072588	21.479169
44.548441	21.479169
44.548441	22.239107
47.112009	22.239107
47.112009	22.736101
49.198793	22.736101
49.198793	23.025602
50.928944	23.025602
50.928944	23.402503
53.637692	23.402503
53.637692	23.949226
55.632040	23.949226
55.632040	24.539978
57.155998	24.539978
57.155998	25.395523
59.264178	25.395523
59.264178	26.464586
60.819654	26.464586
60.819654	27.285407
62.065632	27.285407
62.065632	27.971859
63.923851	27.971859
63.923851	28.435554
65.510548	28.435554
65.510548	28.665709
66.929400	28.665709
66.929400	28.848852
69.051959	28.848852
69.051959	29.023098
70.901557	29.023098
70.901557	29.174878
72.530318	29.174878
& cycle # 2, chisq = 601821.787402, e = 38.195308
0.000000	8.534214
0.341769	8.534214
0.341769	9.344432
0.728596	9.344432
0.728596	9.624951
0.986995	9.624951
0.986995	9.857925
1.461966	9.857925
1.461966	10.095331
1.919562	10.095331
1.919562	10.269978
2.287396	10.269978
2.287396	10.477579
3.085871	10.477579
3.085871	10.715371
3.861263	10.715371
3.861263	10.898832
4.505527	10.898832
4.505527	11.123935
5.908870	11.123935
5.908870	11.375573
7.204756	11.375573
7.204756	11.563883
8.304794	11.563883
8.304794	11.784945
10.628875	11.784945
10.628875	12.013873
12.788915	12.013873
12.788915	12.170800
14.623388	12.170800
14.623388	12.354048
18.347320	12.354048
18.347320	12.600520
21.463976	12.600520
21.463976	12.872931
23.855348	12.872931
23.855348	13.372131
27.747388	13.372131
27.747388	14.213809
30.317180	14.213809
30.317180	15.053529
32.100574	15.053529
32.100574	16.078699
34.982545	16.078699
34.982545	17.105693
37.081578	17.105693
37.081578	17.887952
38.683035	17.887952
38.683035	18.967585
41.226136	18.967585
41.226136	20.288270
43.072588	20.288270
43.072588	21.204101
44.548441	21.204101
44.548441	21.942337
47.112009	21.942337
47.112009	22.436861
49.198793	22.436861
49.198793	22.738476
50.928944	22.738476
50.928944	23.145621
53.637692	23.145621
53.637692	23.748998
55.632040	23.748998
55.632040	24.410973
57.155998	24.410973
57.155998	25.383151
59.264178	25.383151
59.264178	26.617014
60.819654	26.617014
60.819654	27.584323
62.065632	27.584323
62.065632	28.420378
63.923851	28.420378
63.923851	29.017180
65.510548	29.017180
65.510548	29.340000
66.929400	29.340000
66.929400	29.619900
69.051959	29.619900
69.051959	29.901069
70.901557	29.901069
70.901557	30.152005
72.530318	30.152005
& cycle # 3, chisq = 611128.185520, e = 38.195308
0.000000	6.884403
0.341769	6.884403
0.341769	8.406919
0.728596	8.406919
0.728596	9.023909
0.986995	9.023909
0.986995	9.474374
1.461966	9.474374
1.461966	9.888992
1.919562	9.888992
1.919562	10.168503
2.287396	10.168503
2.287396	10.476116
3.085871	10.476116
3.085871	10.805204
3.861263	10.805204
3.861263	11.044167
4.505527	11.044167
4.505527	11.321929
5.908870	11.321929
5.908870	11.618166
7.204756	11.618166
7.204756	11.830964
8.304794	11.830964
8.304794	12.072103
10.628875	12.072103
10.628875	12.313654
12.788915	12.313654
12.788915	12.472975
14.623388	12.472975
14.623388	12.650571
18.347320	12.650571
18.347320	12.881893
21.463976	12.881893
21.463976	13.135108
23.855348	13.135108
23.855348	13.600041
27.747388	13.600041
27.747388	14.389473
30.317180	14.389473
30.317180	15.186671
32.100574	15.186671
32.100574	16.183139
34.982545	16.183139
34.982545	17.219434
37.081578	17.219434
37.081578	18.037016
38.683035	18.037016
38.683035	19.179117
41.226136	19.179117
41.226136	20.578757
43.072588	20.578757
43.072588	21.547638
44.548441	21.547638
44.548441	22.322222
47.112009	22.322222
47.112009	22.828030
49.198793	22.828030
49.198793	23.122544
50.928944	23.122544
50.928944	23.506664
53.637692	23.506664
53.637692	24.065044
55.632040	24.065044
55.632040	24.669556
57.155998	24.669556
57.155998	25.546812
59.264178	25.546812
59.264178	26.645740
60.819654	26.645740
60.819654	27.492551
62.065632	27.492551
62.065632	28.205181
63.923851	28.205181
63.923851	28.692173
65.510548	28.692173
65.510548	28.938889
66.929400	28.938889
66.929400	29.139957
69.051959	29.139957
69.051959	29.334736
70.901557	29.334736
70.901557	29.506115
72.530318	29.506115
& cycle # 4, chisq = 600170.787188, e = 38.195308
0.000000	9.596486
0.341769	9.596486
0.341769	10.261539
0.728596	10.261539
0.728596	10.449673
0.986995	10.449673
0.986995	10.607187
1.461966	10.607187
1.461966	10.769167
1.919562	10.769167
1.919562	10.889399
2.287396	10.889399
2.287396	11.033629
3.085871	11.033629
3.085871	11.200378
3.861263	11.200378
3.861263	11.330257
4.505527	11.330257
4.505527	11.491294
5.908870	11.491294
5.908870	11.673417
7.204756	11.673417
7.204756	11.811533
8.304794	11.811533
8.304794	11.976503
10.628875	11.976503
10.628875	12.151639
12.788915	12.151639
12.788915	12.276327
14.623388	12.276327
14.623388	12.429797
18.347320	12.429797
18.347320	12.645353
21.463976	12.645353
21.463976	12.889508
23.855348	12.889508
23.855348	13.345600
27.747388	13.345600
27.747388	14.132168
30.317180	14.132168
30.317180	14.942021
32.100574	14.942021
32.100574	15.987341
34.982545	15.987341
34.982545	17.124909
37.081578	17.124909
37.081578	18.057011
38.683035	18.057011
38.683035	19.373218
41.226136	19.373218
41.226136	20.985759
43.072588	20.985759
43.072588	22.096541
44.548441	22.096541
44.548441	22.971691
47.112009	22.971691
47.112009	23.521167
49.198793	23.521167
49.198793	23.820010
50.928944	23.820010
50.928944	24.192041
53.637692	24.192041
53.637692	24.720431
55.632040	24.720431
55.632040	25.283839
57.155998	25.283839
57.155998	26.090228
59.264178	26.090228
59.264178	27.084395
60.819654	27.084395
60.819654	27.833234
62.065632	27.833234
62.065632	28.438854
63.923851	28.438854
63.923851	28.821993
65.510548	28.821993
65.510548	28.989009
66.929400	28.989009
66.929400	29.099633
69.051959	29.099633
69.051959	29.188057
70.901557	29.188057
70.901557	29.256220
72.530318	29.256220
& cycle # 5, chisq = 574921.830850, e = 38.195308
0.000000	8.546343
0.371475	8.546343
0.371475	9.516805
0.775077	9.516805
0.775077	9.833659
1.046556	9.833659
1.046556	10.092088
1.536353	10.092088
1.536353	10.350359
2.007675	10.350359
2.007675	10.538170
2.387724	10.538170
2.387724	10.755988
3.195337	10.755988
3.195337	11.001031
3.979636	11.001031
3.979636	11.188365
4.633428	11.188365
4.633428	11.413312
6.028337	11.413312
6.028337	11.661516
7.318734	11.661516
7.318734	11.846760
8.417548	11.846760
8.417548	12.061678
10.693546	12.061678
10.693546	12.284328
12.813559	12.284328
12.813559	12.437658
14.622586	12.437658
14.622586	12.608175
18.253068	12.608175
18.253068	12.820748
21.354648	12.820748
21.354648	13.047356
23.787105	13.047356
23.787105	13.462890
27.763476	13.462890
27.763476	14.198553
30.427506	14.198553
30.427506	15.028372
32.251616	15.028372
32.251616	16.218946
35.038057	16.218946
35.038057	17.521828
37.027776	17.521828
37.027776	18.400694
38.574218	18.400694
38.574218	19.419533
41.090199	19.419533
41.090199	20.598582
42.994227	20.598582
42.994227	21.469427
44.533726	21.469427
44.533726	22.266359
47.141786	22.266359
47.141786	22.865153
49.243227	22.865153
49.243227	23.219919
50.978074	23.219919
50.978074	23.641889
53.652270	23.641889
53.652270	24.221158
55.638090	24.221158
55.638090	24.829602
57.168685	24.829602
57.168685	25.686254
59.276213	25.686254
59.276213	26.748617
60.845873	26.748617
60.845873	27.593229
62.103233	27.593229
62.103233	28.351083
63.940651	28.351083
63.940651	28.917616
65.503527	28.917616
65.503527	29.222626
66.905594	29.222626
66.905594	29.451568
69.006865	29.451568
69.006865	29.626024
70.894170	29.626024
70.894170	29.733206
72.617499	29.733206
& cycle # 1, chisq = 582945.055054, e = 37.190343
0.000000	7.519964
0.371475	7.519964
0.371475	8.831167
0.775077	8.831167
0.775077	9.320860
1.046556	9.320860
1.046556	9.689130
1.536353	9.689130
1.536353	10.036169
2.007675	10.036169
2.007675	10.276866
2.387724	10.276866
2.387724	10.545292
3.195337	10.545292
3.195337	10.837482
3.979636	10.837482
3.979636	11.054692
4.633428	11.054692
4.633428	11.309354
6.028337	11.309354
6.028337	11.584730
7.318734	11.584730
7.318734	11.786721
8.417548	11.786721
8.417548	12.017559
10.693546	12.017559
10.693546	12.253249
12.813559	12.253249
12.813559	12.412808
14.622586	12.412808
14.622586	12.586238
18.253068	12.586238
18.253068	12.798022
21.354648	12.798022
21.354648	13.021552
23.787105	13.021552
23.787105	13.430172
27.763476	13.430172
27.763476	14.152772
30.427506	14.152772
30.427506	14.967467
32.251616	14.967467
32.251616	16.136246
35.038057	16.136246
35.038057	17.415674
37.027776	17.415674
37.027776	18.279352
38.574218	18.279352
38.574218	19.281362
41.090199	19.281362
41.090199	20.441586
42.994227	20.441586
42.994227	21.299035
44.533726	21.299035
44.533726	22.084538
47.141786	22.084538
47.141786	22.676037
49.243227	22.676037
49.243227	23.027760
50.978074	23.027760
50.978074	23.447402
53.652270	23.447402
53.652270	24.024532
55.638090	24.024532
55.638090	24.631576
57.168685	24.631576
57.168685	25.487524
59.276213	25.487524
59.276213	26.550924
60.845873	26.550924
60.845873	27.398388
62.103233	27.398388
62.103233	28.161469
63.940651	28.161469
63.940651	28.734883
65.503527	28.734883
65.503527	29.045861
66.905594	29.045861
66.905594	29.281083
69.006865	29.281083
69.006865	29.461565
70.894170	29.461565
70.894170	29.573217
72.617499	29.573217
& cycle # 2, chisq = 586043.056558, e = 37.190343
0.000000	8.242523
0.371475	8.242523
0.371475	9.134072
0.775077	9.134072
0.775077	9.422797
1.046556	9.422797
1.046556	9.666048
1.536353	9.666048
1.536353	9.915662
2.007675	9.915662
2.007675	10.101535
2.387724	10.101535
2.387724	10.321992
3.195337	10.321992
3.195337	10.575281
3.979636	10.575281
3.979636	10.772740
4.633428	10.772740
4.633428	11.014188
6.028337	11.014188
6.028337	11.284845
7.318734	11.284845
7.318734	11.489504
8.417548	11.489504
8.417548	11.729152
10.693546	11.729152
10.693546	11.978607
12.813559	11.978607
12.813559	12.150419
14.622586	12.150419
14.622586	12.340382
18.253068	12.340382
18.253068	12.574795
21.354648	12.574795
21.354648	12.822124
23.787105	12.822124
23.787105	13.270787
27.763476	13.270787
27.763476	14.055009
30.427506	14.055009
30.427506	14.925051
32.251616	14.925051
32.251616	16.139055
35.038057	16.139055
35.038057	17.407480
37.027776	17.407480
37.027776	18.208995
38.574218	18.208995
38.574218	19.097982
41.090199	19.097982
41.090199	20.114738
42.994227	20.114738
42.994227	20.867340
44.533726	20.867340
44.533726	21.565610
47.141786	21.565610
47.141786	22.109336
49.243227	22.109336
49.243227	22.452970
50.978074	22.452970
50.978074	22.886248
53.652270	22.886248
53.652270	23.502813
55.638090	23.502813
55.638090	24.167489
57.168685	24.167489
57.168685	25.127044
59.276213	25.127044
59.276213	26.350433
60.845873	26.350433
60.845873	27.356701
62.103233	27.356701
62.103233	28.301562
63.940651	28.301562
63.940651	29.052138
65.503527	29.052138
65.503527	29.487716
66.905594	29.487716
66.905594	29.836648
69.006865	29.836648
69.006865	30.113920
70.894170	30.113920
70.894170	30.288164
72.617499	30.288164
& cycle # 3, chisq = 609515.686985, e = 37.190343
0.000000	6.790357
0.371475	6.790357
0.371475	8.170567
0.775077	8.170567
0.775077	8.745648
1.046556	8.745648
1.046556	9.190447
1.536353	9.190447
1.536353	9.612209
2.007675	9.612209
2.007675	9.904163
2.387724	9.904163
2.387724	10.227505
3.195337	10.227505
3.195337	10.576190
3.979636	10.576190
3.979636	10.832702
4.633428	10.832702
4.633428	11.130146
6.028337	11.130146
6.028337	11.448337
7.318734	11.448337
7.318734	11.679340
8.417548	11.679340
8.417548	11.940712
10.693546	11.940712
10.693546	12.204774
12.813559	12.204774
12.813559	12.381142
14.622586	12.381142
14.622586	12.569147
18.253068	12.569147
18.253068	12.794417
21.354648	12.794417
21.354648	13.029757
23.787105	13.029757
23.787105	13.457986
27.763476	13.457986
27.763476	14.212637
30.427506	14.212637
30.427506	15.060245
32.251616	15.060245
32.251616	16.269125
35.038057	16.269125
35.038057	17.580160
37.027776	17.580160
37.027776	18.454028
38.574218	18.454028
38.574218	19.459052
41.090199	19.459052
41.090199	20.618773
42.994227	20.618773
42.994227	21.473991
44.533726	21.473991
44.533726	22.254785
47.141786	22.254785
47.141786	22.838796
49.243227	22.838796
49.243227	23.182461
50.978074	23.182461
50.978074	23.589443
53.652270	23.589443
53.652270	24.147474
55.638090	24.147474
55.638090	24.733611
57.168685	24.733611
57.168685	25.559199
59.276213	25.559199
59.276213	26.583740
60.845873	26.583740
60.845873	27.399124
62.103233	27.399124
62.103233	28.131940
63.940651	28.131940
63.940651	28.681130
65.503527	28.681130
65.503527	28.977867
66.905594	28.977867
66.905594	29.201444
69.006865	29.201444
69.006865	29.372375
70.894170	29.372375
70.894170	29.477716
72.617499	29.477716
& cycle # 4, chisq = 587964.372288, e = 37.190343
0.000000	7.061657
0.371475	7.061657
0.371475	8.381903
0.775077	8.381903
0.775077	8.916452
1.046556	8.916452
1.046556	9.331943
1.536353	9.331943
1.536353	9.728357
2.007675	9.728357
2.007675	10.004487
2.387724	10.004487
2.387724	10.312159
3.195337	10.312159
3.195337	10.645809
3.979636	10.645809
3.979636	10.892508
4.633428	10.892508
4.633428	11.179865
6.028337	11.179865
6.028337	11.488460
7.318734	11.488460
7.318734	11.713246
8.417548	11.713246
8.417548	11.968315
10.693546	11.968315
10.693546	12.226702
12.813559	12.226702
12.813559	12.399817
14.622586	12.399817
14.622586	12.585140
18.253068	12.585140
18.253068	12.808098
21.354648	12.808098
21.354648	13.041504
23.787105	13.041504
23.787105	13.466514
27.763476	13.466514
27.763476	14.215739
30.427506	14.215739
30.427506	15.057433
32.251616	15.057433
32.251616	16.258105
35.038057	16.258105
35.038057	17.560461
37.027776	17.560461
37.027776	18.428626
38.574218	18.428626
38.574218	19.426989
41.090199	19.426989
41.090199	20.578799
42.994227	20.578799
42.994227	21.428012
44.533726	21.428012
44.533726	22.203229
47.141786	22.203229
47.141786	22.783261
49.243227	22.783261
49.243227	23.125133
50.978074	23.125133
50.978074	23.531140
53.652270	23.531140
53.652270	24.089439
55.638090	24.089439
55.638090	24.677479
57.168685	24.677479
57.168685	25.508275
59.276213	25.508275
59.276213	26.543013
60.845873	26.543013
60.845873	27.370374
62.103233	27.370374
62.103233	28.118852
63.940651	28.118852
63.940651	28.684975
65.503527	28.684975
65.503527	28.994535
66.905594	28.994535
66.905594	29.230258
69.006865	29.230258
69.006865	29.411623
70.894170	29.411623
70.894170	29.523622
72.617499	29.523622
& cycle # 5, chisq = 588157.171693, e = 37.190343
0.000000	8.096356
0.322679	8.096356
0.322679	9.102440
0.697890	9.102440
0.697890	9.492803
0.947385	9.492803
0.947385	9.798879
1.411744	9.798879
1.411744	10.098163
1.859476	10.098163
1.859476	10.309501
2.218642	10.309501
2.218642	10.553193
3.009444	10.553193
3.009444	10.823374
3.777354	10.823374
3.777354	11.024627
4.414024	11.024627
4.414024	11.265698
5.820096	11.265698
5.820096	11.528311
7.116942	11.528311
7.116942	11.719316
8.215514	11.719316
8.215514	11.939669
10.567329	11.939669
10.567329	12.162932
12.749983	12.162932
12.749983	12.311908
14.598351	12.311908
14.598351	12.485326
18.384581	12.485326
18.384581	12.722528
21.520233	12.722528
21.520233	12.988467
23.899137	12.988467
23.899137	13.482617
27.770925	13.482617
27.770925	14.314130
30.302467	14.314130
30.302467	15.119351
32.065607	15.119351
32.065607	16.087914
34.983160	16.087914
34.983160	17.116092
37.108035	17.116092
37.108035	17.993898
38.711136	17.993898
38.711136	19.279131
41.246135	19.279131
41.246135	20.850675
43.063962	20.850675
43.063962	21.888913
44.516802	21.888913
44.516802	22.668894
47.084664	22.668894
47.084664	23.153226
49.179627	23.153226
49.179627	23.435825
50.914846	23.435825
50.914846	23.813119
53.652014	23.813119
53.652014	24.365132
55.652383	24.365132
55.652383	24.961491
57.171481	24.961491
57.171481	25.828426
59.278952	25.828426
59.278952	26.909629
60.821861	26.909629
60.821861	27.726622
62.053641	27.726622
62.053641	28.393926
63.906468	28.393926
63.906468	28.821031
65.488632	28.821031
65.488632	29.005755
66.905673	29.005755
66.905673	29.117959
69.048880	29.117959
69.048880	29.191347
70.916173	29.191347
70.916173	29.237295
72.553690	29.237295
& cycle # 1, chisq = 603394.771924, e = 38.866446
0.000000	7.364816
0.322679	7.364816
0.322679	9.054964
0.697890	9.054964
0.697890	9.639655
0.947385	9.639655
0.947385	10.037035
1.411744	10.037035
1.411744	10.394767
1.859476	10.394767
1.859476	10.633054
2.218642	10.633054
2.218642	10.896381
3.009444	10.896381
3.009444	11.179016
3.777354	11.179016
3.777354	11.384248
4.414024	11.384248
4.414024	11.625215
5.820096	11.625215
5.820096	11.883606
7.116942	11.883606
7.116942	12.069150
8.215514	12.069150
8.215514	12.280956
10.567329	12.280956
10.567329	12.493419
12.749983	12.493419
12.749983	12.633479
14.598351	12.633479
14.598351	12.794081
18.384581	12.794081
18.384581	13.011488
21.520233	13.011488
21.520233	13.254383
23.899137	13.254383
23.899137	13.705612
27.770925	13.705612
27.770925	14.465746
30.302467	14.465746
30.302467	15.203575
32.065607	15.203575
32.065607	16.095423
34.983160	16.095423
34.983160	17.049144
37.108035	17.049144
37.108035	17.868311
38.711136	17.868311
38.711136	19.071150
41.246135	19.071150
41.246135	20.545793
43.063962	20.545793
43.063962	21.524359
44.516802	21.524359
44.516802	22.267436
47.084664	22.267436
47.084664	22.740535
49.179627	22.740535
49.179627	23.026086
50.914846	23.026086
50.914846	23.413322
53.652014	23.413322
53.652014	23.982933
55.652383	23.982933
55.652383	24.599897
57.171481	24.599897
57.171481	25.498345
59.278952	25.498345
59.278952	26.620631
60.821861	26.620631
60.821861	27.470273
62.053641	27.470273
62.053641	28.166125
63.906468	28.166125
63.906468	28.613414
65.488632	28.613414
65.488632	28.808298
66.905673	28.808298
66.905673	28.928031
69.048880	28.928031
69.048880	29.007711
70.916173	29.007711
70.916173	29.058705
72.553690	29.058705
& cycle # 2, chisq = 612590.482340, e = 38.866446
0.000000	8.863460
0.322679	8.863460
0.322679	9.581693
0.697890	9.581693
0.697890	9.834223
0.947385	9.834223
0.947385	10.043279
1.411744	10.043279
1.411744	10.256656
1.859476	10.256656
1.859476	10.413143
2.218642	10.413143
2.218642	10.600070
3.009444	10.600070
3.009444	10.814362
3.777354	10.814362
3.777354	10.979139
4.414024	10.979139
4.414024	11.182719
5.820096	11.182719
5.820096	11.411029
7.116942	11.411029
7.116942	11.581669
8.215514	11.581669
8.215514	11.783756
10.567329	11.783756
10.567329	11.994351
12.749983	11.994351
12.749983	12.140005
14.598351	12.140005
14.598351	12.317056
18.384581	12.317056
18.384581	12.566063
21.520233	12.566063
21.520233	12.847504
23.899137	12.847504
23.899137	13.369713
27.770925	13.369713
27.770925	14.243266
30.302467	14.243266
30.302467	15.080142
32.065607	15.080142
32.065607	16.065453
34.983160	16.065453
34.983160	17.078994
37.108035	17.078994
37.108035	17.923756
38.711136	17.923756
38.711136	19.151752
41.246135	19.151752
41.246135	20.650366
43.063962	20.650366
43.063962	21.639949
44.516802	21.639949
44.516802	22.385397
47.084664	22.385397
47.084664	22.854590
49.179627	22.854590
49.179627	23.136477
50.914846	23.136477
50.914846	23.522186
53.652014	23.522186
53.652014	24.095550
55.652383	24.095550
55.652383	24.722302
57.171481	24.722302
57.171481	25.643203
59.278952	25.643203
59.278952	26.804808
60.821861	26.804808
60.821861	27.694894
62.053641	27.694894
62.053641	28.435826
63.906468	28.435826
63.906468	28.922758
65.488632	28.922758
65.488632	29.141118
66.905673	29.141118
66.905673	29.278816
69.048880	29.278816
69.048880	29.372163
70.916173	29.372163
70.916173	29.432484
72.553690	29.432484
& cycle # 3, chisq = 612200.426324, e = 38.866446
0.000000	7.525804
0.322679	7.525804
0.322679	8.838287
0.697890	8.838287
0.697890	9.348074
0.947385	9.348074
0.947385	9.725253
1.411744	9.725253
1.411744	10.079552
1.859476	10.079552
1.859476	10.321932
2.218642	10.321932
2.218642	10.594319
3.009444	10.594319
3.009444	10.889944
3.777354	10.889944
3.777354	11.106241
4.414024	11.106241
4.414024	11.361467
5.820096	11.361467
5.820096	11.636065
7.116942	11.636065
7.116942	11.833708
8.215514	11.833708
8.215514	12.059698
10.567329	12.059698
10.567329	12.286688
12.749983	12.286688
12.749983	12.436529
14.598351	12.436529
14.598351	12.608584
18.384581	12.608584
18.384581	12.841594
21.520233	12.841594
21.520233	13.101757
23.899137	13.101757
23.899137	13.584284
27.770925	13.584284
27.770925	14.395001
30.302467	14.395001
30.302467	15.178609
32.065607	15.178609
32.065607	16.118235
34.983160	16.118235
34.983160	17.111599
37.108035	17.111599
37.108035	17.957382
38.711136	17.957382
38.711136	19.195307
41.246135	19.195307
41.246135	20.709826
43.063962	20.709826
43.063962	21.711762
44.516802	21.711762
44.516802	22.467388
47.084664	22.467388
47.084664	22.941392
49.179627	22.941392
49.179627	23.222329
50.914846	23.222329
50.914846	23.600837
53.652014	23.600837
53.652014	24.157095
55.652383	24.157095
55.652383	24.759800
57.171481	24.759800
57.171481	25.638190
59.278952	25.638190
59.278952	26.736625
60.821861	26.736625
60.821861	27.569435
62.053641	27.569435
62.053641	28.252904
63.906468	28.252904
63.906468	28.693478
65.488632	28.693478
65.488632	28.886140
66.905673	28.886140
66.905673	29.004865
69.048880	29.004865
69.048880	29.083981
70.916173	29.083981
70.916173	29.134585
72.553690	29.134585
& cycle # 4, chisq = 609015.731522, e = 38.866446
0.000000	9.617456
0.322679	9.617456
0.322679	10.234893
0.697890	10.234893
0.697890	10.427637
0.947385	10.427637
0.947385	10.588318
1.411744	10.588318
1.411744	10.753362
1.859476	10.753362
1.859476	10.875056
2.218642	10.875056
2.218642	11.021103
3.009444	11.021103
3.009444	11.189272
3.777354	11.189272
3.777354	11.319178
4.414024	11.319178
4.414024	11.480523
5.820096	11.480523
5.820096	11.662560
7.116942	11.662560
7.116942	11.799597
8.215514	11.799597
8.215514	11.963498
10.567329	11.963498
10.567329	12.136852
12.749983	12.136852
12.749983	12.259547
14.598351	12.259547
14.598351	12.413468
18.384581	12.413468
18.384581	12.635487
21.520233	12.635487
21.520233	12.890293
23.899137	12.890293
23.899137	13.369930
27.770925	13.369930
27.770925	14.187456
30.302467	14.187456
30.302467	14.992774
32.065607	14.992774
32.065607	15.990010
34.983160	15.990010
34.983160	17.089593
37.108035	17.089593
37.108035	18.052582
38.711136	18.052582
38.711136	19.470124
41.246135	19.470124
41.246135	21.202040
43.063962	21.202040
43.063962	22.341553
44.516802	22.341553
44.516802	23.186874
47.084664	23.186874
47.084664	23.693708
49.179627	23.693708
49.179627	23.972809
50.914846	23.972809
50.914846	24.332277
53.652014	24.332277
53.652014	24.848939
55.652383	24.848939
55.652383	25.400744
57.171481	25.400744
57.171481	26.195168
59.278952	26.195168
59.278952	27.175899
60.821861	27.175899
60.821861	27.907423
62.053641	27.907423
62.053641	28.493574
63.906468	28.493574
63.906468	28.857274
65.488632	28.857274
65.488632	29.006157
66.905673	29.006157
66.905673	29.088807
69.048880	29.088807
69.048880	29.135154
70.916173	29.135154
70.916173	29.157976
72.553690	29.157976
& cycle # 5, chisq = 585994.801904, e = 38.866446
0.000000	8.595588
0.342317	8.595588
0.342317	9.494466
0.729461	9.494466
0.729461	9.813204
0.988105	9.813204
0.988105	10.070489
1.463359	10.070489
1.463359	10.326872
1.921216	10.326872
1.921216	10.511811
2.289282	10.511811
2.289282	10.727576
3.087935	10.727576
3.087935	10.970443
3.863500	10.970443
3.863500	11.154822
4.507948	11.154822
4.507948	11.377578
5.911135	11.377578
5.911135	11.623183
7.206921	11.623183
7.206921	11.804806
8.306940	11.804806
8.306940	12.015883
10.630101	12.015883
10.630101	12.232691
12.789378	12.232691
12.789378	12.380171
14.623370	12.380171
14.623370	12.551049
18.345495	12.551049
18.345495	12.780123
21.461879	12.780123
21.461879	13.033857
23.854132	13.033857
23.854132	13.501774
27.748414	13.501774
27.748414	14.299299
30.320832	14.299299
30.320832	15.109658
32.105582	15.109658
32.105582	16.133223
34.985554	16.133223
34.985554	17.211683
37.080580	17.211683
37.080580	18.068859
38.678360	18.068859
38.678360	19.263460
41.215963	19.263460
41.215963	20.717394
43.061371	20.717394
43.061371	21.714161
44.538714	21.714161
44.538714	22.501343
47.107352	22.501343
47.107352	23.007856
49.199226	23.007856
49.199226	23.298822
50.933136	23.298822
50.933136	23.676204
53.645097	23.676204
53.645097	24.223947
55.639973	24.223947
55.639973	24.816740
57.162965	24.816740
57.162965	25.676681
59.266951	25.676681
59.266951	26.753432
60.817792	26.753432
60.817792	27.581812
62.059436	27.581812
62.059436	28.275421
63.910719	28.275421
63.910719	28.742586
65.492793	28.742586
65.492793	28.970432
66.909309	28.970432
66.909309	29.144837
69.031242	29.144837
69.031242	29.305034
70.882029	29.305034
70.882029	29.444109
72.510235	29.444109
& cycle # 1, chisq = 591112.096502, e = 38.176023
0.000000	7.423989
0.342317	7.423989
0.342317	9.003752
0.729461	9.003752
0.729461	9.573507
0.988105	9.573507
0.988105	9.970210
1.463359	9.970210
1.463359	10.329621
1.921216	10.329621
1.921216	10.570869
2.289282	10.570869
2.289282	10.836917
3.087935	10.836917
3.087935	11.123071
3.863500	11.123071
3.863500	11.332321
4.507948	11.332321
4.507948	11.577410
5.911135	11.577410
5.911135	11.840863
7.206921	11.840863
7.206921	12.031627
8.306940	12.031627
8.306940	12.249528
10.630101	12.249528
10.630101	12.469884
12.789378	12.469884
12.789378	12.617173
14.623370	12.617173
14.623370	12.784255
18.345495	12.784255
18.345495	13.004823
21.461879	13.004823
21.461879	13.247658
23.854132	13.247658
23.854132	13.694568
27.748414	13.694568
27.748414	14.455330
30.320832	14.455330
30.320832	15.227330
32.105582	15.227330
32.105582	16.200539
34.985554	16.200539
34.985554	17.223311
37.080580	17.223311
37.080580	18.034764
38.678360	18.034764
38.678360	19.165955
41.215963	19.165955
41.215963	20.544778
43.061371	20.544778
43.061371	21.492913
44.538714	21.492913
44.538714	22.247155
47.107352	22.247155
47.107352	22.740749
49.199226	22.740749
49.199226	23.031341
50.933136	23.031341
50.933136	23.412908
53.645097	23.412908
53.645097	23.968793
55.639973	23.968793
55.639973	24.571207
57.162965	24.571207
57.162965	25.445624
59.266951	25.445624
59.266951	26.540867
60.817792	26.540867
60.817792	27.383692
62.059436	27.383692
62.059436	28.089596
63.910719	28.089596
63.910719	28.565218
65.492793	28.565218
65.492793	28.797300
66.909309	28.797300
66.909309	28.975016
69.031242	28.975016
69.031242	29.138271
70.882029	29.138271
70.882029	29.279975
72.510235	29.279975
& cycle # 2, chisq = 600941.826453, e = 38.176023
0.000000	8.490198
0.342317	8.490198
0.342317	9.302873
0.729461	9.302873
0.729461	9.587455
0.988105	9.587455
0.988105	9.824085
1.463359	9.824085
1.463359	10.065473
1.921216	10.065473
1.921216	10.243251
2.289282	10.243251
2.289282	10.454749
3.087935	10.454749
3.087935	10.697218
3.863500	10.697218
3.863500	10.884466
4.507948	10.884466
4.507948	11.114355
5.911135	11.114355
5.911135	11.371491
7.206921	11.371491
7.206921	11.564019
8.306940	11.564019
8.306940	11.790028
10.630101	11.790028
10.630101	12.024010
12.789378	12.024010
12.789378	12.184262
14.623370	12.184262
14.623370	12.370899
18.345495	12.370899
18.345495	12.621117
21.461879	12.621117
21.461879	12.897022
23.854132	12.897022
23.854132	13.401588
27.748414	13.401588
27.748414	14.251050
30.320832	14.251050
30.320832	15.098374
32.105582	15.098374
32.105582	16.132787
34.985554	16.132787
34.985554	17.166742
37.080580	17.166742
37.080580	17.949593
38.678360	17.949593
38.678360	19.023492
41.215963	19.023492
41.215963	20.329016
43.061371	20.329016
43.061371	21.228171
44.538714	21.228171
44.538714	21.949616
47.107352	21.949616
47.107352	22.434681
49.199226	22.434681
49.199226	22.734555
50.933136	22.734555
50.933136	23.142793
53.645097	23.142793
53.645097	23.749774
55.639973	23.749774
55.639973	24.416796
57.162965	24.416796
57.162965	25.396846
59.266951	25.396846
59.266951	26.640144
60.817792	26.640144
60.817792	27.612119
62.059436	27.612119
62.059436	28.444431
63.910719	28.444431
63.910719	29.023554
65.492793	29.023554
65.492793	29.318567
66.909309	29.318567
66.909309	29.552412
69.031242	29.552412
69.031242	29.770005
70.882029	29.770005
70.882029	29.958150
72.510235	29.958150
& cycle # 3, chisq = 613268.897614, e = 38.176023
0.000000	7.264340
0.342317	7.264340
0.342317	8.605310
0.729461	8.605310
0.729461	9.141344
0.988105	9.141344
0.988105	9.544105
1.463359	9.544105
1.463359	9.923097
1.921216	9.923097
1.921216	10.183324
2.289282	10.183324
2.289282	10.473986
3.087935	10.473986
3.087935	10.788772
3.863500	10.788772
3.863500	11.019699
4.507948	11.019699
4.507948	11.290280
5.911135	11.290280
5.911135	11.580730
7.206921	11.580730
7.206921	11.790493
8.306940	11.790493
8.306940	12.029162
10.630101	12.029162
10.630101	12.269144
12.789378	12.269144
12.789378	12.428121
14.623370	12.428121
14.623370	12.606133
18.345495	12.606133
18.345495	12.838626
21.461879	12.838626
21.461879	13.093327
23.854132	13.093327
23.854132	13.561045
27.748414	13.561045
27.748414	14.355954
30.320832	14.355954
30.320832	15.161223
32.105582	15.161223
32.105582	16.173705
34.985554	16.173705
34.985554	17.233782
37.080580	17.233782
37.080580	18.072037
38.678360	18.072037
38.678360	19.238957
41.215963	19.238957
41.215963	20.660021
43.061371	20.660021
43.061371	21.635746
44.538714	21.635746
44.538714	22.409173
47.107352	22.409173
47.107352	22.911093
49.199226	22.911093
49.199226	23.202960
50.933136	23.202960
50.933136	23.583719
53.645097	23.583719
53.645097	24.137156
55.639973	24.137156
55.639973	24.736246
57.162965	24.736246
57.162965	25.605103
59.266951	25.605103
59.266951	26.692355
60.817792	26.692355
60.817792	27.527861
62.059436	27.527861
62.059436	28.225789
63.910719	28.225789
63.910719	28.693451
65.492793	28.693451
65.492793	28.919049
66.909309	28.919049
66.909309	29.088830
69.031242	29.088830
69.031242	29.242028
70.882029	29.242028
70.882029	29.373235
72.510235	29.373235
& cycle # 4, chisq = 597411.852729, e = 38.176023
0.000000	9.269536
0.342317	9.269536
0.342317	9.986000
0.729461	9.986000
0.729461	10.201792
0.988105	10.201792
0.988105	10.381639
1.463359	10.381639
1.463359	10.565668
1.921216	10.565668
1.921216	10.701608
2.289282	10.701608
2.289282	10.863812
3.087935	10.863812
3.087935	11.050329
3.863500	11.050329
3.863500	11.194822
4.507948	11.194822
4.507948	11.372892
5.911135	11.372892
5.911135	11.573018
7.206921	11.573018
7.206921	11.723803
8.306940	11.723803
8.306940	11.902511
10.630101	11.902511
10.630101	12.090398
12.789378	12.090398
12.789378	12.222360
14.623370	12.222360
14.623370	12.381853
18.345495	12.381853
18.345495	12.602778
21.461879	12.602778
21.461879	12.851408
23.854132	12.851408
23.854132	13.314336
27.748414	13.314336
27.748414	14.111169
30.320832	14.111169
30.320832	14.931376
32.105582	14.931376
32.105582	15.990348
34.985554	15.990348
34.985554	17.141476
37.080580	17.141476
37.080580	18.080848
38.678360	18.080848
38.678360	19.400626
41.215963	19.400626
41.215963	21.007834
43.061371	21.007834
43.061371	22.107201
44.538714	22.107201
44.538714	22.968565
47.107352	22.968565
47.107352	23.510075
49.199226	23.510075
49.199226	23.807987
50.933136	23.807987
50.933136	24.182067
53.645097	24.182067
53.645097	24.715316
55.639973	24.715316
55.639973	25.285163
57.162965	25.285163
57.162965	26.102040
59.266951	26.102040
59.266951	27.110767
60.817792	27.110767
60.817792	27.871674
62.059436	27.871674
62.059436	28.487559
63.910719	28.487559
63.910719	28.876128
65.492793	28.876128
65.492793	29.042215
66.909309	29.042215
66.909309	29.145732
69.031242	29.145732
69.031242	29.221172
70.882029	29.221172
70.882029	29.275472
72.510235	29.275472
& cycle # 5, chisq = 577251.060552, e = 38.176023
0.000000	8.562041
0.373059	8.562041
0.373059	9.532600
0.778223	9.532600
0.778223	9.846433
1.050770	9.846433
1.050770	10.103058
1.542406	10.103058
1.542406	10.359991
2.015492	10.359991
2.015492	10.547126
2.396976	10.547126
2.396976	10.764446
3.207473	10.764446
3.207473	11.009227
3.994572	11.009227
3.994572	11.196571
4.650719	11.196571
4.650719	11.421704
6.050374	11.421704
6.050374	11.670229
7.345185	11.670229
7.345185	11.855717
8.447791	11.855717
8.447791	12.070659
10.731206	12.070659
10.731206	12.292732
12.857975	12.292732
12.857975	12.445584
14.671795	12.445584
14.671795	12.618514
18.301699	12.618514
18.301699	12.840761
21.385890	12.840761
21.385890	13.080900
23.792734	13.080900
23.792734	13.516730
27.713401	13.516730
27.713401	14.267113
30.350479	14.267113
30.350479	15.075445
32.177616	15.075445
32.177616	16.176061
35.021731	16.176061
35.021731	17.367968
37.072352	17.367968
37.072352	18.240643
38.652134	18.240643
38.652134	19.347186
41.172060	19.347186
41.172060	20.660063
43.046642	20.660063
43.046642	21.596443
44.556737	21.596443
44.556737	22.389174
47.128734	22.389174
47.128734	22.937295
49.219793	22.937295
49.219793	23.254713
50.954995	23.254713
50.954995	23.647452
53.637332	23.647452
53.637332	24.203840
55.630813	24.203840
55.630813	24.802050
57.165548	24.802050
57.165548	25.661378
59.272994	25.661378
59.272994	26.739602
60.839334	26.739602
60.839334	27.590518
62.095321	27.590518
62.095321	28.326601
63.938390	28.326601
63.938390	28.843868
65.513166	28.843868
65.513166	29.105725
66.926163	29.105725
66.926163	29.301971
69.029941	29.301971
69.029941	29.467105
70.890980	29.467105
70.890980	29.592922
72.556102	29.592922
& cycle # 1, chisq = 577545.058879, e = 37.180753
0.000000	7.638030
0.373059	7.638030
0.373059	8.879064
0.778223	8.879064
0.778223	9.338660
1.050770	9.338660
1.050770	9.690098
1.542406	9.690098
1.542406	10.025098
2.015492	10.025098
2.015492	10.259584
2.396976	10.259584
2.396976	10.523039
3.207473	10.523039
3.207473	10.811658
3.994572	10.811658
3.994572	11.027429
4.650719	11.027429
4.650719	11.281645
6.050374	11.281645
6.050374	11.557730
7.345185	11.557730
7.345185	11.761018
8.447791	11.761018
8.447791	11.994001
10.731206	11.994001
10.731206	12.232377
12.857975	12.232377
12.857975	12.394720
14.671795	12.394720
14.671795	12.575992
18.301699	12.575992
18.301699	12.806454
21.385890	12.806454
21.385890	13.054162
23.792734	13.054162
23.792734	13.502515
27.713401	13.502515
27.713401	14.272484
30.350479	14.272484
30.350479	15.099239
32.177616	15.099239
32.177616	16.218907
35.021731	16.218907
35.021731	17.421363
37.072352	17.421363
37.072352	18.293392
38.652134	18.293392
38.652134	19.393582
41.172060	19.393582
41.172060	20.696552
43.046642	20.696552
43.046642	21.624501
44.556737	21.624501
44.556737	22.407892
47.128734	22.407892
47.128734	22.946266
49.219793	22.946266
49.219793	23.255138
50.954995	23.255138
50.954995	23.635156
53.637332	23.635156
53.637332	24.172505
55.630813	24.172505
55.630813	24.749807
57.165548	24.749807
57.165548	25.578695
59.272994	25.578695
59.272994	26.618233
60.839334	26.618233
60.839334	27.438128
62.095321	27.438128
62.095321	28.146716
63.938390	28.146716
63.938390	28.643885
65.513166	28.643885
65.513166	28.894926
66.926163	28.894926
66.926163	29.082494
69.029941	29.082494
69.029941	29.239883
70.890980	29.239883
70.890980	29.359531
72.556102	29.359531
& cycle # 2, chisq = 579953.849084, e = 37.180753
0.000000	8.310606
0.373059	8.310606
0.373059	9.204820
0.778223	9.204820
0.778223	9.493877
1.050770	9.493877
1.050770	9.737006
1.542406	9.737006
1.542406	9.986163
2.015492	9.986163
2.015492	10.171473
2.396976	10.171473
2.396976	10.390960
3.207473	10.390960
3.207473	10.642786
3.994572	10.642786
3.994572	10.838836
4.650719	10.838836
4.650719	11.078169
6.050374	11.078169
6.050374	11.346004
7.345185	11.346004
7.345185	11.548169
8.447791	11.548169
8.447791	11.784331
10.731206	11.784331
10.731206	12.029416
12.857975	12.029416
12.857975	12.198283
14.671795	12.198283
14.671795	12.388695
18.301699	12.388695
18.301699	12.631672
21.385890	12.631672
21.385890	12.892038
23.792734	12.892038
23.792734	13.359808
27.713401	13.359808
27.713401	14.154692
30.350479	14.154692
30.350479	14.995659
32.177616	14.995659
32.177616	16.105565
35.021731	16.105565
35.021731	17.249057
37.072352	17.249057
37.072352	18.038764
38.652134	18.038764
38.652134	19.012094
41.172060	19.012094
41.172060	20.162315
43.046642	20.162315
43.046642	20.987480
44.556737	20.987480
44.556737	21.699521
47.128734	21.699521
47.128734	22.216269
49.219793	22.216269
49.219793	22.540983
50.954995	22.540983
50.954995	22.967477
53.637332	22.967477
53.637332	23.590099
55.630813	23.590099
55.630813	24.272170
57.165548	24.272170
57.165548	25.267936
59.272994	25.267936
59.272994	26.539233
60.839334	26.539233
60.839334	27.564975
62.095321	27.564975
62.095321	28.481459
63.938390	28.481459
63.938390	29.157586
65.513166	29.157586
65.513166	29.523839
66.926163	29.523839
66.926163	29.816101
69.029941	29.816101
69.029941	30.071823
70.890980	30.071823
70.890980	30.269912
72.556102	30.269912
& cycle # 3, chisq = 603331.542613, e = 37.180753
0.000000	6.950489
0.373059	6.950489
0.373059	8.274435
0.778223	8.274435
0.778223	8.815723
1.050770	8.815723
1.050770	9.237114
1.542406	9.237114
1.542406	9.639497
2.015492	9.639497
2.015492	9.919924
2.396976	9.919924
2.396976	10.232388
3.207473	10.232388
3.207473	10.571161
3.994572	10.571161
3.994572	10.821553
4.650719	10.821553
4.650719	11.112983
6.050374	11.112983
6.050374	11.425638
7.345185	11.425638
7.345185	11.653085
8.447791	11.653085
8.447791	11.910569
10.731206	11.910569
10.731206	12.170395
12.857975	12.170395
12.857975	12.344103
14.671795	12.344103
14.671795	12.533133
18.301699	12.533133
18.301699	12.768181
21.385890	12.768181
21.385890	13.018235
23.792734	13.018235
23.792734	13.469285
27.713401	13.469285
27.713401	14.242764
30.350479	14.242764
30.350479	15.072650
32.177616	15.072650
32.177616	16.196021
35.021731	16.196021
35.021731	17.402084
37.072352	17.402084
37.072352	18.276657
38.652134	18.276657
38.652134	19.380264
41.172060	19.380264
41.172060	20.687644
43.046642	20.687644
43.046642	21.619096
44.556737	21.619096
44.556737	22.406032
47.128734	22.406032
47.128734	22.947658
49.219793	22.947658
49.219793	23.259060
50.954995	23.259060
50.954995	23.642602
53.637332	23.642602
53.637332	24.185048
55.630813	24.185048
55.630813	24.767830
57.165548	24.767830
57.165548	25.604555
59.272994	25.604555
59.272994	26.653866
60.839334	26.653866
60.839334	27.481386
62.095321	27.481386
62.095321	28.196411
63.938390	28.196411
63.938390	28.697840
65.513166	28.697840
65.513166	28.950734
66.926163	28.950734
66.926163	29.139284
69.029941	29.139284
69.029941	29.297036
70.890980	29.297036
70.890980	29.416563
72.556102	29.416563
& cycle # 4, chisq = 581325.936016, e = 37.180753
0.000000	7.641071
0.373059	7.641071
0.373059	8.803116
0.778223	8.803116
0.778223	9.239152
1.050770	9.239152
1.050770	9.585056
1.542406	9.585056
1.542406	9.921769
2.015492	9.921769
2.015492	10.160788
2.396976	10.160788
2.396976	10.431814
3.207473	10.431814
3.207473	10.730471
3.994572	10.730471
3.994572	10.954524
4.650719	10.954524
4.650719	11.218865
6.050374	11.218865
6.050374	11.505892
7.345185	11.505892
7.345185	11.716935
8.447791	11.716935
8.447791	11.958118
10.731206	11.958118
10.731206	12.203737
12.857975	12.203737
12.857975	12.369756
14.671795	12.369756
14.671795	12.553052
18.301699	12.553052
18.301699	12.783770
21.385890	12.783770
21.385890	13.030565
23.792734	13.030565
23.792734	13.476495
27.713401	13.476495
27.713401	14.241724
30.350479	14.241724
30.350479	15.063076
32.177616	15.063076
32.177616	16.175225
35.021731	16.175225
35.021731	17.369582
37.072352	17.369582
37.072352	18.235882
38.652134	18.235882
38.652134	19.329192
41.172060	19.329192
41.172060	20.624587
43.046642	20.624587
43.046642	21.547877
44.556737	21.547877
44.556737	22.328899
47.128734	22.328899
47.128734	22.868374
49.219793	22.868374
49.219793	23.180694
50.954995	23.180694
50.954995	23.567707
53.637332	23.567707
53.637332	24.117063
55.630813	24.117063
55.630813	24.708803
57.165548	24.708803
57.165548	25.560458
59.272994	25.560458
59.272994	26.631376
60.839334	26.631376
60.839334	27.478872
62.095321	27.478872
62.095321	28.214840
63.938390	28.214840
63.938390	28.734758
65.513166	28.734758
65.513166	28.999508
66.926163	28.999508
66.926163	29.198262
69.029941	29.198262
69.029941	29.364623
70.890980	29.364623
70.890980	29.490016
72.556102	29.490016
& cycle # 5, chisq = 581138.072093, e = 37.180753
