30.0	307.26107818446343
29.514	303.21961164324136
29.313	299.21509930033113
29.145	295.21263644994775
28.986	291.1827120667996
28.826999999999998	287.14812379106445
28.659	283.10798937384396
28.473	279.0718379023752
28.251	275.05077366115285
27.948	271.0242694124937
27.264	267.019696377992
18.291	263.0178415342932
17.223	259.0112997986113
16.587	254.99481565590006
16.086	250.99282901558675
15.618	246.99054677978373
15.201	242.97835625957546
14.526	238.9761173937167
13.553999999999998	234.97493089106996
10.184999999999999	230.97462049930616
8.439	226.95771582354018
7.943999999999999	222.9370199603396
7.6080000000000005	218.93157399750987
7.346999999999998	214.91026085780757
7.128	210.85349602042695
6.939	206.82023410814904
6.771000000000001	202.77704979640936
6.620999999999999	198.77344296663856
6.4830000000000005	194.7559047738697
6.353999999999999	190.71378473940152
6.233999999999998	186.7043678829224
6.120000000000001	182.66623523241734
6.0120000000000005	178.62713001247835
5.91	174.61855281496108
5.811	170.55053759044705
5.715	166.4458269325481
5.622	162.32671796078537
5.532	158.212161929181
5.445	154.11720334225043
5.361000000000001	150.0544578200899
5.280000000000001	146.03625979654507
5.198999999999998	141.92210177255117
5.120999999999999	137.87482347488955
5.042999999999999	133.75108687671784
4.968	129.72186263067016
4.893000000000001	125.63737589575675
4.817999999999998	121.50386333190147
4.745999999999999	117.49389380110308
4.6739999999999995	113.44618527536329
4.602	109.36391809544651
4.530000000000001	105.25139215054843
4.457999999999998	101.1147842044159
0.0	0.0
&  cycle # 1, chisq = 20486.576970338472, e = 28.125688387693664
30.0	387.02112570318013
29.97	382.6629136282664
29.937	378.33119337293397
29.901	374.1166813010756
29.862	370.09481352805284
29.814	365.854041681732
29.757	361.7060741089219
29.685	357.63317266575837
29.58	353.56692563456636
29.334	349.55617758300025
28.356	345.5420803696747
28.056	341.5189109753653
27.795	337.4988849322109
27.525	333.4680663396173
27.207	329.455638580519
26.697	325.4507777520078
24.468	321.44158330564966
23.778	317.42661897618166
23.172	313.4228876180202
22.455	309.4149634052735
20.741999999999997	305.4141511572802
16.677	301.4071264633407
15.972	297.4017872269111
15.483	293.3841214640031
15.081	289.38006300934217
14.808	285.34157571793816
14.589	281.3195624376769
14.379	277.301489539522
14.16	273.26030888357866
13.937999999999999	269.25619742136377
13.716000000000001	265.20357399628017
13.494	261.176919266409
13.259999999999998	257.1609074603825
13.008	253.14604107144072
12.738	249.1088096366336
12.440999999999999	245.0722339536073
12.093	241.05821128788565
11.669999999999998	237.03711819240866
11.088000000000001	233.02240198873204
10.125	229.02164291313915
8.751000000000001	225.01366937318014
7.98	220.99624782434154
7.544999999999998	216.98994891259292
7.242000000000001	212.96053464646926
7.004999999999999	208.92479724688957
6.809999999999999	204.9180763115302
6.6419999999999995	200.8944120905146
6.492000000000001	196.82388169513754
6.356999999999999	192.7670650675403
6.233999999999998	188.74006659213342
6.120000000000001	184.71634829687596
6.0120000000000005	180.63701546177052
5.91	176.54239673172938
5.814	172.47770229238918
5.721	168.35330152919732
5.634	164.33770700394248
5.550000000000001	160.3239449999118
5.466000000000001	156.1817990277639
5.384999999999998	152.07045264786683
5.306999999999999	148.00706808458787
5.228999999999999	143.84733286280434
5.154	139.76482568584825
5.079000000000001	135.61166974212742
5.006999999999998	131.56957670374086
4.934999999999999	127.48521794811889
4.8629999999999995	123.3696758164485
4.791	119.23292797864559
4.719000000000001	115.0838322474931
4.6469999999999985	110.93077876724661
4.574999999999999	106.78273557296147
4.503	102.65022701876039
0.0	0.0
&  cycle # 2, chisq = 20474.616863579304, e = 28.125688387693664
30.0	413.9165616561728
29.238	409.9109238948696
28.641	405.89638498820085
28.125	401.88341787388634
26.481	397.882319732163
24.423000000000002	393.8794699978895
23.835	389.8675290085817
23.394	385.8527920675652
22.998	381.83616181373134
22.602	377.81775168926646
22.155	373.81651670600024
21.488999999999997	369.8066376127463
19.314	365.80149295892585
18.878999999999998	361.8009155421069
18.594	357.7648242985658
18.366	353.7306427373924
18.171	349.7205294493267
17.997	345.6837316475278
17.838	341.62182869095693
17.691	337.59063105779813
17.549999999999997	333.52634073710885
17.415	329.4884215579402
17.283	325.4123717896102
17.157	321.40106521958523
17.034	317.3741609009814
16.914	313.359638232404
16.794	309.2994485745017
16.674	305.241903617351
16.554000000000002	301.2275667831144
16.430999999999997	297.17710336616597
16.305	293.0891967317824
16.179000000000002	289.0449210459071
16.052999999999997	285.03922713970434
15.924	281.009360086812
15.789	276.94500321804713
15.645	272.88182599952665
15.488999999999999	268.8559974487401
15.318	264.8133541761506
15.141	260.79584083812983
14.967	256.7687621074474
14.799	252.75423120573328
14.628	248.72582062436388
14.439	244.69424925996344
14.208	240.6749961462648
13.902000000000001	236.65444306891493
13.466999999999999	232.64939224613525
9.047999999999998	228.6459482276171
8.052	224.63696471209468
7.658999999999999	220.62356041206178
7.385999999999999	216.61734001142193
7.166999999999998	212.57333942394263
6.980999999999998	208.52979185900577
6.818999999999999	204.51840885014946
6.672000000000001	200.4576463902564
6.536999999999999	196.36961754490662
6.413999999999998	192.35192771359732
6.297000000000001	188.27666949979672
6.186	184.18181138006963
6.0809999999999995	180.099417881436
5.981999999999999	176.0610707469561
5.885999999999999	171.97034809182375
5.792999999999999	167.84828648935462
5.702999999999999	163.71724600193866
5.616	159.59790569470107
5.532	155.50737759867405
5.4510000000000005	151.4591515647208
5.370000000000001	147.30888085483545
5.291999999999998	143.2155381419121
5.216999999999999	139.19088013465444
5.1419999999999995	135.08182227223912
5.07	131.0617966595266
4.998000000000001	126.9728724871588
4.925999999999998	122.81978853911062
4.856999999999999	118.782931086919
4.788	114.69226076984755
4.719000000000001	110.5481557017249
4.652999999999999	106.53383795512457
4.587	102.46992884971621
0.0	0.0
&  cycle # 3, chisq = 20492.89061481631, e = 28.125688387693664
30.0	315.34431716844006
29.187	311.3440963407632
28.779	307.3270515022572
28.236	303.3260174345745
26.07	299.3255178220053
24.887999999999998	295.32444829466255
24.348	291.3186759396332
23.942999999999998	287.31272270616546
23.589	283.28543453995087
23.262	279.27193617809013
22.938	275.25122581811826
22.605	271.22688230166824
22.242	267.2043214398777
21.816	263.18651245933404
21.237000000000002	259.17785865094635
19.551000000000002	255.1771177963499
11.786999999999999	251.1712628943333
11.190000000000001	247.16347116765616
10.791	243.14875250606445
10.463999999999999	239.12427149859965
10.169999999999998	235.10555397936213
9.893999999999998	231.09589405998167
9.614999999999998	227.05568456361655
9.317999999999998	223.0457855807415
8.972999999999999	219.04550773771734
8.433	215.04401964957222
6.911999999999999	211.01794912686066
6.651	206.97899187565608
6.4830000000000005	202.92499903645387
6.353999999999999	198.8651749208197
6.245999999999999	194.75434915250077
6.152999999999999	190.65550489880636
6.071999999999999	186.6436225562986
5.997	182.5489940435895
5.928000000000001	178.4497373308642
5.864999999999998	174.42154207592932
5.805	170.32589367091148
5.748000000000001	166.1959736523965
5.693999999999999	162.06508833901043
5.643000000000001	157.96647622784715
5.594999999999999	153.93294830222214
5.547000000000001	149.728668840343
5.501999999999999	145.63277022975325
5.457000000000001	141.38879405565342
5.414999999999999	137.29580401877385
5.373000000000001	133.07736021229198
5.334	129.0497980422567
5.294999999999998	124.917819513774
5.256	120.68339071171026
5.216999999999999	116.34852232279036
5.181000000000001	112.25971946039905
5.145	108.08869753181746
5.108999999999998	103.83712629379457
0.0	0.0
&  cycle # 4, chisq = 20410.505359965086, e = 28.125688387693664
30.0	363.63977074476253
29.604	359.617373814827
29.157	355.6002891359508
28.65	351.5887893372708
28.128	347.56495729804243
27.66	343.56155179925463
27.264	339.5610544583888
26.928	335.54868955337236
26.634	331.5153295895532
26.373	327.4880946489093
26.133	323.4472173301201
25.911	319.4210319504127
25.701	315.4061932905636
25.497	311.36386530383925
25.299	307.3278114000859
25.104	303.2991031902598
24.909	299.285488707779
24.711	295.2619121109637
24.506999999999998	291.2133409143633
24.294	287.17468172381035
24.066	283.1334453161739
23.817	279.08851070159386
23.535	275.0682067002165
23.189999999999998	271.0438501753976
22.71	267.04036908582253
19.956	263.03774030536795
15.440999999999999	259.03203284784996
14.637	255.00774161763746
14.202	250.9951048307549
13.77	246.9745513982394
13.355999999999998	242.95234142609027
12.896999999999998	238.94385702494608
12.363	234.92575132527102
11.570999999999998	230.92032037449658
8.742	226.91881568522146
7.7669999999999995	222.90499833257874
7.395	218.87118198778455
7.152000000000001	214.85513314570963
6.966000000000001	210.84401926017583
6.812999999999999	206.8118374793988
6.681000000000001	202.72083716412192
6.567	198.68667355935875
6.465	194.65887859032995
6.372	190.62573138716067
6.285	186.52706504976436
6.204000000000001	182.41472545147838
6.128999999999998	178.3404682219349
6.056999999999999	174.17811052709703
5.991	170.1394271723482
5.928000000000001	166.0804521599955
5.8679999999999986	162.02690719744683
5.811	158.0049937132185
5.753999999999998	153.8159839971143
5.699999999999999	149.69333684211168
5.649000000000001	145.6621709673722
5.597999999999999	141.49741099548953
5.550000000000001	137.45545192467262
5.501999999999999	133.29468863812238
5.457000000000001	129.28568432622058
5.411999999999999	125.17150228237335
5.367000000000001	120.95187453016199
5.324999999999999	116.91838620372836
5.283000000000001	112.79326667087793
5.241	108.57712189785772
5.198999999999998	104.27095827535003
5.16	100.19301230419134
0.0	0.0
&  cycle # 5, chisq = 20495.229468310285, e = 28.125688387693664
30.0	307.26107818446343
29.886	303.2444166774294
28.956	299.239310124026
26.121	295.23928371977695
22.863	291.23796001083605
22.149	287.23618383431466
21.516	283.2319678521276
20.747999999999998	279.2198501431017
16.569	275.21802841716556
12.918	271.21759425136963
12.335999999999999	267.2014565546502
11.889	263.188691829406
11.469000000000001	259.1674734604213
11.043	255.15897647640904
10.524000000000001	251.152609459789
8.588999999999999	247.1511829572051
7.841999999999999	243.1283470903863
7.544999999999998	239.0823381922133
7.335000000000001	235.02010397488627
7.166999999999998	230.974398504846
7.023	226.9128022137372
6.8969999999999985	222.8838150879313
6.783000000000001	218.83655573498245
6.678000000000001	214.76035778774212
6.582000000000001	210.73923970025962
6.492000000000001	206.7171611501896
6.405000000000001	202.6016725929956
6.323999999999998	198.5725989841103
6.245999999999999	194.51478381372544
6.170999999999999	190.44900401065826
6.099	186.39476189386184
6.030000000000001	182.37123855205556
5.9609999999999985	178.2143113178871
5.895	174.1164999437148
5.832000000000001	170.09823043265078
5.768999999999998	165.98073800189678
5.709	161.97208068128785
5.649000000000001	157.88313853595363
5.588999999999999	153.7182788973522
5.532	149.69477350918874
5.474999999999998	145.60883416567083
5.417999999999999	141.46277011154362
5.361000000000001	137.25879096985213
5.306999999999999	133.2248684731001
5.253	129.1437184146485
5.198999999999998	125.01853306104458
5.145	120.85320308438234
5.091000000000001	116.65224088471555
5.036999999999999	112.42057806210995
4.986000000000001	108.40038223845029
4.934999999999999	104.36144429504525
4.884	100.30754460228353
0.0	0.0
&  cycle # 1, chisq = 21353.981437727736, e = 29.997551766815885
30.0	387.02112570318013
29.532	383.00835733977135
28.914	379.00469478354745
27.414	375.0019885289446
27.072	371.0017517346001
26.808	366.9651923953729
26.573999999999998	362.9178603062761
26.352	358.86850333547756
26.133	354.8454830198045
25.905	350.8395423231859
25.653	346.80056160584223
25.356	342.7796310791567
24.942	338.76906834912364
22.836	334.7668818565228
22.011	330.7637591034909
21.494999999999997	326.7510075159536
21.027	322.73735221310955
20.517	318.72485070484925
19.779	314.7234215611625
17.22	310.7147420366265
16.659	306.6943969789993
16.293	302.65758202318597
15.99	298.64867414395104
15.719999999999999	294.63925922282164
15.483	290.58649696838285
15.264	286.55021004472854
15.03	282.5316299679919
14.738999999999999	278.52256762639706
14.394	274.4913161229411
14.058	270.485950009193
13.686	266.4690838385382
13.23	262.45280735801583
12.576	258.44144305188894
9.690000000000001	254.4363006746618
8.960999999999999	250.42139937917307
8.526	246.41052187431455
8.192999999999998	242.3956226569383
7.913999999999998	238.36546404096643
7.670999999999999	234.36201081048787
7.451999999999998	230.31423671386514
7.253999999999998	226.28272074978725
7.070999999999998	222.25474884525687
6.899999999999999	218.2209357631394
6.741	214.21197512874423
6.591000000000001	210.18740703864637
6.446999999999999	206.1039801409623
6.312000000000001	202.0843125609634
6.183	198.06484793879505
6.059999999999999	194.05644993515716
5.939999999999998	189.9671930306486
5.8260000000000005	185.91316085065952
5.715	181.80809887490082
5.609999999999999	177.78351757806993
5.507999999999999	173.7403922844555
5.408999999999999	169.68378173586308
5.312999999999999	165.61682642722147
5.219999999999999	161.54458482812464
5.129999999999999	157.47611565125226
5.042999999999999	153.42386917790836
4.959	149.40131842325886
4.875	145.27119860109443
4.7940000000000005	141.18498627796282
4.716000000000001	137.15014113018006
4.637999999999998	133.0122312194936
4.562999999999999	128.93194925472332
4.491	124.91876128297011
4.4190000000000005	120.81093307226422
4.349999999999998	116.78645032020829
4.280999999999999	112.67753269009208
4.215	108.66919420722945
4.149000000000001	104.58430895034559
4.082999999999998	100.4213457272279
0.0	0.0
&  cycle # 2, chisq = 21304.991238884133, e = 29.997551766815885
30.0	413.9165616561728
27.701999999999998	409.909473799351
25.461	405.9068525064522
24.558	401.89088655815254
24.171	397.87796400579873
23.871	393.8392507011163
23.61	389.79999463256155
23.367	385.77783409697616
23.13	381.734660241504
22.893	377.7189332481455
22.641	373.6767323714271
22.365000000000002	369.67232139417956
22.035	365.6508945839514
21.555	361.63598321647464
19.392	357.63531377705556
18.801000000000002	353.6350828490651
18.429000000000002	349.6236996863345
18.131999999999998	345.6234026541416
17.862000000000002	341.58409736550715
17.61	337.58395805646256
17.366999999999997	333.561360342587
17.124000000000002	329.54543802767176
16.866	325.5116396679474
16.59	321.5003885705065
16.284	317.4720637887615
15.891	313.45861965971943
15.291	309.4451695874566
13.122	305.43625534849855
12.599999999999998	301.42104343110833
12.224999999999998	297.4057950323027
11.907	293.3693644877252
11.625	289.3260912249055
11.361	285.3137095365692
11.105999999999998	281.30718239738826
10.857	277.2780786521138
10.611	273.2723528075226
10.358999999999998	269.24636763962843
10.100999999999999	265.2087609200859
9.837	261.16693930170317
9.564	257.156438431773
9.279	253.1472630838039
8.985	249.12089498199427
8.681999999999999	245.08177305598218
8.378999999999998	241.07134867522555
8.085	237.05908860857932
7.803000000000001	233.02434527772667
7.541999999999998	228.99633187377947
7.305	224.95424528194252
7.091999999999999	220.93672127879447
6.899999999999999	216.92993882205863
6.725999999999999	212.89657585314666
6.57	208.89360986798454
6.425999999999998	204.83945778129035
6.2940000000000005	200.79405062646163
6.170999999999999	196.71094636982582
6.056999999999999	192.62508617323306
5.951999999999998	188.57976173493415
5.852999999999998	184.50091878637883
5.759999999999998	180.4252732909033
5.672999999999998	176.3921668823592
5.588999999999999	172.28990391755775
5.507999999999999	168.13317047732505
5.433	164.10061993229576
5.361000000000001	160.05559994751934
5.291999999999998	156.0129601468147
5.225999999999999	151.98921976339588
5.16	147.80904394318068
5.096999999999998	143.67153364398962
5.036999999999999	139.59695230618635
4.977	135.39173529687218
4.919999999999998	131.2759298015389
4.866	127.267941629591
4.812000000000001	123.15346576992383
4.757999999999999	118.93146208986
4.707000000000001	114.8441048154539
4.655999999999999	110.65857025401233
4.6080000000000005	106.628801287774
4.559999999999999	102.51102307983064
0.0	0.0
&  cycle # 3, chisq = 21282.96108373565, e = 29.997551766815885
30.0	315.34431716844006
29.871	311.275605788861
29.691	307.2308806431667
29.379	303.2213931924937
26.499	299.21736564128673
24.786	295.2164961202981
20.325	291.21185209631574
17.808	287.2117672313471
15.231	283.2025857275773
14.214	279.2021051842847
13.32	275.1925382594693
10.722000000000001	271.18913183318193
9.966000000000001	267.1881197589623
9.623999999999999	263.1461647585391
9.375	259.0953630943953
9.174	255.0437951493315
9.003	251.01639569407786
8.849999999999998	246.97048222715748
8.709	242.88409036087432
8.579999999999998	238.84690281408575
8.46	234.83309978945593
8.346	230.79124922517556
8.238	226.76569089144706
8.133	222.68390126116338
8.030999999999999	218.5773784525103
7.931999999999999	214.47379215416737
7.8359999999999985	210.39503298518198
7.7429999999999986	206.35801527473953
7.649999999999999	202.24317985774343
7.559999999999999	198.19443890601502
7.469999999999999	194.0904555241676
7.382999999999999	190.08365958287067
7.295999999999999	186.05283847158293
7.209	182.01336730699708
7.122	177.97938653361769
7.035	173.9625929944874
6.945	169.83515836151014
6.855	165.74462564013032
6.765000000000001	161.70012588463987
6.672000000000001	157.58125152749056
6.579000000000001	153.53928444288343
6.4830000000000005	149.46623078204524
6.384	145.39110626963333
6.282	141.34282066565046
6.1739999999999995	137.23621266811026
6.062999999999999	133.21796315329837
5.945999999999998	129.21500797442934
5.82	125.18810994681023
5.681999999999999	121.14215197483927
5.529	117.12873661836123
5.352	113.11131254865802
5.135999999999999	109.08724924813946
4.838999999999999	105.06902764672517
4.082999999999998	101.06569242546506
0.0	0.0
&  cycle # 4, chisq = 23593.12844977378, e = 29.997551766815885
30.0	363.63977074476253
29.904	359.50787523224864
29.814	355.3960026464007
29.727	351.2881338953672
29.643	347.2704513530513
29.559	343.26576878684364
29.472	339.18454342505504
29.382	335.1037578013195
29.289	331.0783150960875
29.19	327.0558557318289
29.082	323.03400719404806
28.959	318.9423766259263
28.818	314.92361704493993
28.641	310.8917355266467
28.386	306.8686860166937
26.844	302.86643117411813
25.275	298.8660981502867
22.488	294.8527973294265
21.831	290.8412541353029
21.291	286.84075436237157
20.741999999999997	282.8254443938432
20.073	278.81792275664503
17.154	274.81644975371734
15.936	270.8077412475125
15.315	266.79170868780307
14.574	262.78117367559605
13.634999999999998	258.77037275875847
12.399000000000001	254.7695226513912
8.907	250.7591174071853
8.318999999999999	246.75282893356237
7.959	242.74260306522837
7.683	238.69417647577586
7.457999999999998	234.6439693055614
7.265999999999998	230.59560784118668
7.097999999999999	226.5918656948959
6.945	222.5526234420213
6.8039999999999985	218.47180166499166
6.675000000000001	214.41756371319576
6.555	210.36465298022435
6.440999999999999	206.2649502977039
6.332999999999998	202.15933748115773
6.230999999999998	198.0824605940577
6.134999999999998	194.06384138694315
6.041999999999998	189.99763666842313
5.951999999999998	185.89720091571655
5.864999999999998	181.77918103419339
5.780999999999999	177.6627250184093
5.699999999999999	173.56747844443498
5.622	169.51159796739654
5.547000000000001	165.51067436678218
5.471999999999998	161.41195042344364
5.399999999999999	157.38523533477988
5.327999999999999	153.26827871074877
5.259	149.2387041274986
5.189999999999998	145.12864222438864
5.123999999999999	141.12519077879261
5.058	137.05563504785303
4.992000000000001	132.9250078714813
4.925999999999998	128.73833964769386
4.8629999999999995	124.69372066203098
4.800000000000001	120.6049413520455
4.736999999999998	116.47407083187402
4.6739999999999995	112.30268648103731
4.614000000000001	108.29378929563372
4.5539999999999985	104.25167219779046
4.494	100.17930889244896
0.0	0.0
&  cycle # 5, chisq = 21302.123730351417, e = 29.997551766815885
30.0	307.26107818446343
29.793	303.2185569984234
29.574	299.1867472907106
29.307	295.16645147044096
28.839	291.1556947026058
27.102	287.1525338152264
26.652	283.1355052636106
26.301	279.12410262933133
25.98	275.10834816025493
25.659	271.07266052941424
25.32	267.0470266169432
24.933	263.02805585658746
24.438	259.0143031987304
23.589	255.01033909365435
16.662	251.00608149750846
14.202	247.00531550205312
8.492999999999999	243.00438979947018
7.853999999999999	238.97858669612282
7.5120000000000005	234.97437048612954
7.265999999999998	230.96144436408997
7.067999999999998	226.93740331537728
6.899999999999999	222.9014424142708
6.753	218.84463004541826
6.620999999999999	214.74880468798457
6.503999999999998	210.74582098304592
6.396000000000001	206.73445024407178
6.2940000000000005	202.66194408537396
6.198	198.56956223695798
6.1080000000000005	194.49611772692458
6.024000000000001	190.48063285658
5.942999999999998	186.40918528478122
5.864999999999998	182.30255860242858
5.789999999999999	178.183300584694
5.718	174.07424221599314
5.649000000000001	169.99713471687028
5.582999999999998	165.97185541366667
5.5169999999999995	161.82515892094827
5.454000000000001	157.75410019672177
5.390999999999998	153.57283947208978
5.3309999999999995	149.48835942041433
5.271000000000001	145.30474942601566
5.213999999999999	141.2399847285625
5.157	137.0896020172824
5.102999999999998	133.08166080753986
5.0489999999999995	129.00324034639002
4.995000000000001	124.85808486093251
4.940999999999999	120.64997324185599
4.890000000000001	116.62103299862919
4.838999999999999	112.54173266302982
4.788	108.41432797230404
4.736999999999998	104.24076557996091
4.686	100.022851385471
0.0	0.0
&  cycle # 1, chisq = 21987.39441052371, e = 29.582570702372262
30.0	387.02112570318013
29.973	382.7005347459684
29.943	378.3320553501349
29.91	374.01904851450877
29.874	369.8469047915991
29.832	365.62573339133775
29.784	361.5640734331868
29.724	357.4715908055939
29.643	353.4025404040045
29.508	349.39355251215517
28.68	345.36779083188543
28.407	341.34349295491506
28.221	337.31473950916705
28.062	333.26789388227184
27.915	329.1846559442078
27.774	325.1069909818352
27.636	321.0924006836739
27.495	317.0589287288053
27.348	313.0193518320928
27.189	308.95005826181244
27.015	304.93597099254964
26.814	300.9198454967724
26.562	296.89194525127914
26.193	292.86954843781376
23.325	288.86844394085705
16.433999999999997	284.8621887642597
15.759	280.8411895435055
15.243	276.83823746196896
14.886	272.828228243481
14.628	268.8272494902694
14.382	264.78597073173495
14.118	260.754576868778
13.838999999999999	256.7342113162661
13.550999999999998	252.72906100668507
13.224	248.72416905932076
12.818999999999999	244.69989975814548
12.251999999999999	240.6890254183894
7.7940000000000005	236.6883761181503
7.122	232.6791962459319
6.821999999999999	228.6511945677989
6.611999999999998	224.58557893148037
6.446999999999999	220.53229477226859
6.309000000000001	216.50567382454108
6.189	212.49569033030915
6.0809999999999995	208.45241241783572
5.981999999999999	204.36330517326311
5.8919999999999995	200.31628907256408
5.808	196.25093084657888
5.73	192.22604808998426
5.655000000000001	188.12979057300427
5.582999999999998	183.98960195743442
5.513999999999999	179.8311845802141
5.448	175.67862930797867
5.384999999999998	171.55493953232858
5.324999999999999	167.48254553444215
5.265000000000001	163.2695987599599
5.207999999999998	159.13909826792147
5.154	155.11358102911547
5.099999999999998	150.98231776701843
5.045999999999999	146.74965522700387
4.995000000000001	142.6634121711685
4.943999999999999	138.4953301479285
4.893000000000001	134.249632008136
4.844999999999999	130.18638382537387
4.797000000000001	126.06109192720605
4.748999999999999	121.87674090428717
4.7010000000000005	117.63626973682926
4.655999999999999	113.61257842020696
4.611000000000001	109.54501854773416
4.565999999999999	105.43672670991266
4.521000000000001	101.29130113036243
0.0	0.0
&  cycle # 2, chisq = 21870.789087661044, e = 29.582570702372262
30.0	413.9165616561728
29.925	409.8401267181262
29.793	405.8386340996907
29.001	401.8287194248029
28.737	397.81737855123845
28.533	393.76979596731223
28.344	389.7556013107624
28.149	385.75518488793557
27.927	381.7529873517411
27.63	377.73444058597863
26.157	373.7341912310152
25.383	369.7335779743456
24.981	365.7181368842114
24.636	361.68661233661066
24.3	357.65636951581996
23.934	353.6287304642029
23.478	349.6279262650766
22.356	345.62753586120704
20.177999999999997	341.6258750350099
19.578	337.60477267735894
19.064999999999998	333.60450015218
18.528	329.5853376347708
17.856	325.5730413722825
14.985	321.57238743002176
14.4	317.5477555532038
13.983	313.5452745522681
13.643999999999998	309.53538774797033
13.347000000000001	305.5177335917092
13.065000000000001	301.494459692769
12.800999999999998	297.48068556266117
12.549	293.4499020966144
12.3	289.43338070281305
12.050999999999998	285.4300063192299
11.802	281.4009139403039
11.55	277.361252919461
11.288999999999998	273.3268769243982
11.018999999999998	269.2979483190837
10.739999999999998	265.2613207991223
10.445999999999998	261.23153744915385
10.134	257.196494284573
9.809999999999999	253.17931398264602
9.468	249.15726009941642
9.117	245.1507979847218
8.762999999999998	241.1169051242492
8.415	237.08163014435203
8.091000000000001	233.07669495161068
7.791	229.07379721658623
7.518000000000001	225.06179380091618
7.2719999999999985	221.02261629478588
7.050000000000001	216.98116767629324
6.849	212.93328868229014
6.6690000000000005	208.920893254381
6.503999999999998	204.87834050107685
6.350999999999999	200.79846071165838
6.210000000000001	196.7343828611688
6.0809999999999995	192.73166316618313
5.957999999999998	188.63434093278866
5.844000000000001	184.5747524258996
5.736000000000001	180.48821974961703
5.634	176.409471536791
5.538	172.3706276848657
5.445	168.26461101446137
5.3580000000000005	164.24161701151064
5.274000000000001	160.18187529796177
5.192999999999998	156.09786055972322
5.114999999999998	152.00511642125153
5.039999999999999	147.92117129142716
4.968	143.86390188554273
4.899000000000001	139.85017589887394
4.829999999999998	135.71275173140188
4.763999999999999	131.63752634213802
4.698	127.44446653232015
4.634999999999998	123.32933187194635
4.574999999999999	119.30581753164365
4.515000000000001	115.17945806352209
4.457999999999998	111.16420696060736
4.401	107.0571529114804
4.344000000000001	102.85989468465506
0.0	0.0
&  cycle # 3, chisq = 22029.851442365463, e = 29.582570702372262
30.0	315.34431716844006
29.373	311.34023283456844
28.824	307.32308221532963
28.311	303.32098700559266
26.376	299.30912298235484
25.578	295.30758978098174
23.012999999999998	291.3073385142518
22.242	287.289434143415
21.576	283.2748932991425
20.502000000000002	279.2747502501199
17.73	275.2727440677681
16.887	271.26671945362085
15.615	267.26647403141726
12.765	263.26096295696414
12.192	259.249129157756
11.724	255.22675515461998
11.262	251.2132869349262
10.71	247.20377569078576
8.604	243.20189704177508
7.952999999999999	239.18334742457077
7.6469999999999985	235.16197606441577
7.425000000000001	231.13149814491206
7.245000000000001	227.11247098564635
7.088999999999999	223.07753477874326
6.9510000000000005	219.07375347683342
6.824999999999999	215.05072497037693
6.707999999999998	210.99461861607975
6.599999999999998	206.9790245076209
6.498000000000001	202.9558271154592
6.399000000000001	198.84718591955675
6.306000000000001	194.81293822327316
6.216000000000001	190.7526168993561
6.128999999999998	186.68391456280497
6.044999999999998	182.62317135261884
5.963999999999999	178.58717277731355
5.882999999999999	174.43820014759956
5.805	170.343194902699
5.73	166.32126702335708
5.655000000000001	162.22429282871784
5.579999999999998	158.05900679588717
5.507999999999999	154.00085234543087
5.436	149.88761408490112
5.364000000000001	145.72155918421072
5.294999999999998	141.68165791675804
5.225999999999999	137.59821898900694
5.157	133.4754011237745
5.088000000000001	129.31869309802886
5.0219999999999985	125.31685316864686
4.9559999999999995	121.29542910776196
4.890000000000001	117.25936387721892
4.823999999999998	113.21241276000711
4.757999999999999	109.15700084825235
4.692	105.09451364919633
4.626000000000001	101.02592893211205
0.0	0.0
&  cycle # 4, chisq = 22133.5081098376, e = 29.582570702372262
30.0	363.63977074476253
29.925	359.5728765671823
29.841	355.51668608970084
29.745	351.4823285302928
29.631	347.43819269925694
29.49	343.4202062116829
29.298	339.4106123975738
28.968	335.3945875375915
24.936	331.3928377125381
24.156	327.3725758311171
23.691	323.3481403538094
23.322	319.3372423998476
23.000999999999998	315.3186667890978
22.707	311.3111326383952
22.428	307.309976943227
22.158	303.2933000298774
21.891	299.28827892563925
21.621000000000002	295.27519564468264
21.348	291.27516441895494
21.063000000000002	287.25861900613944
20.759999999999998	283.23480433444166
20.436	279.2025668055721
20.079	275.1928733797295
19.674	271.1829515890598
19.194	267.1652444669065
18.588	263.1514741597452
17.721	259.14786525341015
15.93	255.14539748354704
10.866	251.14515007533058
8.703	247.13812913928777
8.207999999999998	243.12567380016114
7.893000000000001	239.08564667060074
7.655999999999999	235.061336101788
7.463999999999999	231.0334777075681
7.302	227.02777011228812
7.158000000000001	222.96850003310612
7.029	218.9089234288295
6.911999999999999	214.85533362669406
6.8039999999999985	210.77650513951144
6.704999999999998	206.73726257680622
6.611999999999998	202.67242417979355
6.524999999999999	198.62922333072672
6.440999999999999	194.5036086117958
6.3629999999999995	190.4766245464094
6.288	186.4247055241789
6.216000000000001	182.3662759693485
6.1469999999999985	178.31881773109959
6.0809999999999995	174.29966163166608
6.015000000000001	170.13398495565815
5.951999999999998	166.02008597560402
5.8919999999999995	161.97753442974272
5.832000000000001	157.81492076934177
5.774999999999999	153.75131735975535
5.718	149.58383827029482
5.663999999999998	145.54215194746067
5.609999999999999	141.41144394416145
5.556000000000001	137.1933382711548
5.504999999999999	133.1304387274567
5.454000000000001	128.9914591562965
5.402999999999999	124.77705455691904
5.355	120.74230989032398
5.306999999999999	116.64225034029815
5.259	112.47811211206859
5.2109999999999985	108.25162822426238
5.166	104.23469608676031
5.120999999999999	100.16726258531058
0.0	0.0
&  cycle # 5, chisq = 22248.688480788944, e = 29.582570702372262
30.0	307.26107818446343
29.664	303.2380766779924
27.576	299.2371426770911
23.448	295.2361873525158
20.607	291.2352661974181
20.115000000000002	287.2308037565223
19.764	283.2055537944112
19.473	279.2044072081912
19.215	275.157025626993
18.978	271.1083467898259
18.753	267.0847408966796
18.534	263.04069135649235
18.320999999999998	259.0067163814756
18.108	254.96046630717012
17.889	250.90947414127984
17.661	246.85981722701078
17.424	242.82232196855173
17.172	238.8109249270669
16.884	234.77502422790238
16.548000000000002	230.7557102788106
16.131	226.73880985508757
15.462	222.7330860062021
8.774999999999999	218.73192702505312
7.670999999999999	214.7162667048407
7.289999999999999	210.69882220173028
7.038	206.68470953564537
6.843	202.6382319703703
6.684000000000001	198.61103053265768
6.545999999999999	194.52303676131075
6.425999999999998	190.49150186667924
6.317999999999998	186.46583503109713
6.219000000000001	182.4289193697037
6.126000000000001	178.3191958197407
6.038999999999998	174.18345461806368
5.957999999999998	170.0714635331847
5.882999999999999	166.0351608713131
5.811	161.95227202553465
5.742000000000001	157.84918128558846
5.675999999999998	153.7518402524832
5.6129999999999995	149.68484173568748
5.553000000000001	145.6710310237042
5.4929999999999986	141.52081058875103
5.436	137.45208081565406
5.378999999999998	133.26090165332135
5.324999999999999	129.17799443044294
5.271000000000001	124.98703006468551
5.219999999999999	120.93150652210657
5.1690000000000005	116.78392226313879
5.1179999999999986	112.54755694543354
5.07	108.48281824202664
5.0219999999999985	104.34661977483653
4.974	100.14285842143197
0.0	0.0
&  cycle # 1, chisq = 21360.74671420604, e = 27.43634362888992
30.0	387.02112570318013
29.952	382.8681790072913
29.895	378.6853597981216
29.826	374.5434623246725
29.739	370.4752381031183
29.619	366.4608697115543
29.418	362.4587660566583
28.683	358.4564362972535
25.02	354.4446392909639
24.426000000000002	350.4416921933255
23.967	346.4157376124406
23.532	342.41407390241693
23.031	338.39697323698175
22.067999999999998	334.3960283478957
20.046	330.38760571432374
19.608	326.3620049981719
19.278	322.3361698375451
18.993000000000002	318.29456421834453
18.726	314.2606400169324
18.468	310.25810827967564
18.207	306.2206078071166
17.930999999999997	302.2173761475879
17.616	298.20427790145044
17.229	294.17895571575343
16.545	290.17485069858606
14.574	286.1514046046381
14.181	282.12951217884796
13.866	278.09416764669135
13.608	274.07028954187155
13.373999999999999	270.041641960698
13.149000000000001	266.02114247315336
12.93	261.990286738033
12.716999999999999	257.9702599665066
12.501000000000001	253.92059782742996
12.276	249.89312420845127
12.036000000000001	245.87039142963158
11.777999999999999	241.8632851694479
11.483999999999998	237.82987250847722
11.123999999999999	233.80494884887793
10.646999999999998	229.79912935218772
9.843	225.79309370574308
8.631	221.79159139757445
8.012999999999998	217.78610928071507
7.683	213.76829051347462
7.4609999999999985	209.76483889745919
7.289999999999999	205.70373676492193
7.152000000000001	201.67780626574984
7.035	197.65838034942783
6.933	193.6386463244875
6.84	189.50572364072895
6.756	185.35180983553198
6.681000000000001	181.27907973893
6.611999999999998	177.2104471768586
6.545999999999999	173.01591164972373
6.486000000000001	168.93498760146875
6.4289999999999985	164.81306927795202
6.375	160.68016973830592
6.323999999999998	156.56640392122523
6.276	152.50178406280477
6.227999999999998	148.24423270732618
6.183	144.07221990018735
6.140999999999998	140.01618371536912
6.099	135.79947653222658
6.059999999999999	131.7367196236816
6.021000000000001	127.52918780161309
5.984999999999999	123.51449772995657
5.948999999999998	119.37227415206085
5.913	115.10083983835824
5.879999999999999	111.07060303867787
5.846999999999998	106.92960335523401
5.814	102.6770130156239
0.0	0.0
&  cycle # 2, chisq = 21931.14723096236, e = 27.43634362888992
30.0	413.9165616561728
29.94	409.8906749184845
29.874	405.7064111825164
29.805	401.61731059300126
29.73	397.51790811476513
29.649	393.4957890257938
29.556	389.3923159385257
29.448	385.30464825652643
29.316	381.2231002684491
29.139	377.17542081584156
28.83	373.16122381889517
25.092	369.16120899615265
23.832	365.1494009602402
23.136	361.1487384454152
22.335	357.13803942282595
19.038	353.1358777461351
17.735999999999997	349.13585423145355
15.531	345.1345930311684
13.71	341.1285342257974
12.998999999999999	337.12166793690454
12.57	333.102615235473
12.254999999999999	329.06813232924924
12.003	325.04096985238266
11.793	321.0016367051802
11.61	316.94968781968754
11.445	312.886861648709
11.294999999999998	308.8545745089879
11.157	304.84180143843037
11.027999999999999	300.8132803582334
10.905000000000001	296.7222421271823
10.788	292.6183474745119
10.677	288.5536284102738
10.568999999999999	284.45764307340204
10.463999999999999	280.355437666152
10.361999999999998	276.26498126558397
10.262999999999998	272.2005642905635
10.166999999999998	268.17677456427305
10.070999999999998	264.08200266704563
9.977999999999998	260.0624033474381
9.884999999999998	256.0098368182161
9.791999999999998	251.94534018530328
9.698999999999998	247.88945567140397
9.605999999999998	243.8600499760783
9.509999999999998	239.7437130663119
9.413999999999998	235.68403265749652
9.315000000000001	231.57022270121772
9.216000000000001	227.54643891066996
9.114	223.51651756540767
9.006	219.4066342609029
8.895	215.3842254557041
8.774999999999999	211.30036647294173
8.646	207.24718788286577
8.504999999999999	203.23934683487354
8.343	199.20141880830553
8.148	195.18320665395453
7.875	191.15265381858413
6.605999999999998	187.1470289632436
6.177	183.14256918009147
5.975999999999999	179.10010139346952
5.829000000000001	175.03925126229902
5.709	170.96012193384524
5.606999999999999	166.91972468096577
5.5169999999999995	162.9049108830763
5.433	158.77615983783076
5.355	154.6171456615236
5.283000000000001	150.50699506243845
5.213999999999999	146.33118677265497
5.151	142.32236345140393
5.088000000000001	138.1325856425317
5.027999999999999	133.9802694107053
4.971	129.89545814014411
4.913999999999998	125.68134647168817
4.859999999999999	121.57755380639912
4.806000000000001	117.3741532693825
4.754999999999999	113.32182980190242
4.704000000000001	109.19894349699149
4.652999999999999	105.01549251974014
4.602	100.7818326909938
0.0	0.0
&  cycle # 3, chisq = 21322.348303182986, e = 27.43634362888992
30.0	315.34431716844006
29.46	311.34351130341236
29.091	307.33059503035037
28.683	303.3281248387176
28.062	299.3158419551069
24.807	295.3157774879007
21.723	291.31257196826544
21.204	287.2997402454305
20.832	283.2654279936233
20.523	279.2422685951822
20.25	275.2280262327515
20.000999999999998	271.2273781408196
19.761	267.1820458381708
19.527	263.14609636691904
19.296	259.10270549359916
19.064999999999998	255.07551379571083
18.825	251.04529844237408
18.57	247.0152504573926
18.297	243.003866400061
17.988	238.98774354799744
17.607	234.97805716951947
17.079	230.9669244873652
14.574	226.96661444800813
11.858999999999998	222.96632947783218
7.992000000000001	218.96632516919834
7.628999999999998	214.92377619154087
7.388999999999999	210.88170435505697
7.202999999999999	206.85302610912194
7.047000000000001	202.82580933573
6.908999999999999	198.74036972012124
6.785999999999998	194.6642289065353
6.675000000000001	190.62645942508485
6.573	186.61987947720257
6.477	182.60100145109146
6.384	178.49217402582025
6.297000000000001	174.4690534289211
6.213000000000001	170.4310446503326
6.131999999999998	166.40415006673538
6.050999999999998	162.2573322739234
5.972999999999999	158.16326125030542
5.898	154.14782938667105
5.823	150.0721586958433
5.748000000000001	145.95563941177232
5.672999999999998	141.81913185670626
5.597999999999999	137.6837388559852
5.523	133.56988058620158
5.448	129.4970094646496
5.373000000000001	125.48403278431293
5.294999999999998	121.39477895077572
5.213999999999999	117.26363503379368
5.129999999999999	113.13333070163475
5.042999999999999	109.05550300390615
4.949999999999999	104.96199289778502
4.850999999999999	100.94929720393299
0.0	0.0
&  cycle # 4, chisq = 21574.748548917534, e = 27.43634362888992
30.0	363.63977074476253
29.766	359.6161563999588
27.87	355.5989594068342
27.411	351.57217516671136
27.123	347.5536888135571
26.892	343.5268936786086
26.688	339.46818366366466
26.502	335.42812189284774
26.325	331.38681864083276
26.154	327.38424621351066
25.983	323.3453458682356
25.809	319.2800179609192
25.628999999999998	315.21642846722716
25.439999999999998	311.16938575883216
25.239	307.16673854165526
25.014	303.14700890077006
24.75	299.1171711905376
24.42	295.1044506334566
23.922	291.0917187429809
19.965	287.0908779738511
18.657	283.0883076912593
18.084	279.0718239878707
17.661	275.0495831142307
17.295	271.0414157833728
16.962	267.02215304199746
16.647	262.9914171921822
16.326	258.9777953484117
16.002	254.9660803181459
15.66	250.94300535732503
15.24	246.93094862286378
14.844	242.90409608534003
14.49	238.87446276223906
14.001	234.85856373946675
13.062000000000001	230.85424701759507
8.916	226.8458148166769
8.376000000000001	222.84132116645247
8.055	218.8385954264437
7.812000000000001	214.80196661749056
7.614000000000001	210.77110797195226
7.445999999999998	206.75994193016072
7.295999999999999	202.69457719282656
7.160999999999998	198.64136211768943
7.038	194.61962396061998
6.9239999999999995	190.6040363778717
6.815999999999999	186.5349743201027
6.713999999999999	182.4501722615009
6.6179999999999986	178.39169977021584
6.524999999999999	174.26744515724798
6.437999999999999	170.24447922388072
6.353999999999999	166.21514785412063
6.273	162.19882057366218
6.192	158.05628700834893
6.114000000000001	153.9491220402808
6.038999999999998	149.8920339236255
5.963999999999999	145.73177549588934
5.8919999999999995	141.6451173719105
5.82	137.4735465283003
5.751000000000001	133.4028861571639
5.681999999999999	129.26790886283644
5.616	125.25864945982956
5.550000000000001	121.20163428598254
5.483999999999998	117.1009269275251
5.417999999999999	112.95980973752229
5.352	108.78127268052356
5.288999999999998	104.7608292441669
5.225999999999999	100.71305592569024
0.0	0.0
&  cycle # 5, chisq = 21780.741456930005, e = 27.43634362888992
30.0	307.26107818446343
29.763	303.25796353321704
29.568	299.2419111772293
29.376	295.20620104527626
29.166	291.1647023337319
28.905	287.1290715959376
28.47	283.1232349854028
24.198	279.1123556357561
23.403	275.10311276220375
22.749	271.10256929452777
21.887999999999998	267.09496770206994
19.149	263.0878472021998
18.516	259.085646573088
18.054000000000002	255.0626974426168
17.634	251.03744498741415
17.229	247.02397062274525
16.785	243.01386323515416
16.256999999999998	239.00497917753276
15.350999999999999	235.00198765436164
12.582	230.99912891916279
11.663999999999998	226.9880650608175
10.791	222.97766230442537
9.788999999999998	218.96662751580112
8.756999999999998	214.95546019273664
8.036999999999999	210.94467134779615
7.574999999999999	206.92803833938
7.251000000000001	202.91099431785693
6.998999999999999	198.86422881069066
6.794999999999998	194.8454615555746
6.620999999999999	190.7802870208592
6.471	186.74976959254752
6.3359999999999985	182.67678021709844
6.213000000000001	178.57237324477165
6.102	174.52069391873746
6.0	170.48582248507478
5.904	166.40198272482354
5.814	162.31461035553448
5.73	158.27167911002363
5.649000000000001	154.16412329048143
5.570999999999998	150.01399681291687
5.498999999999999	146.0119357169422
5.427	141.8431355833449
5.3580000000000005	137.68915949086923
5.291999999999998	133.5686993012862
5.228999999999999	129.50111174548053
5.166	125.3034489606488
5.105999999999998	121.18721018715974
5.0489999999999995	117.17288209453137
4.992000000000001	113.0608770443273
4.934999999999999	108.85487977832501
4.881	104.78674515955005
4.826999999999998	100.64009354592157
0.0	0.0
&  cycle # 1, chisq = 21107.9745855674, e = 27.140170476552083
30.0	387.02112570318013
29.934	382.9448086173167
29.865	378.9294374320889
29.79	374.8563333503812
29.709	370.7867186516654
29.619	366.67014110188575
29.52	362.6077880282312
29.406	358.51197494019897
29.274	354.4893824990049
29.109	350.4353735918572
28.887	346.4279503825802
28.503	342.41037748372094
17.853	338.40533830214065
16.956	334.40069631425644
16.497	330.3808166206538
16.149	326.37513381179195
15.87	322.3532927374619
15.621	318.3522239607781
15.381	314.33364483724074
15.165	310.3208737976823
14.982	306.26039235316887
14.826	302.18946374871376
14.685	298.1086826254833
14.549999999999999	294.01793989783647
14.418	290.0108090173235
14.283	286.0099401476886
14.142	281.95603003888505
13.998000000000001	277.89900753570095
13.854	273.86967042014464
13.71	269.85941950676727
13.562999999999999	265.83743799911196
13.41	261.8118186990314
13.248000000000001	257.78910177269626
13.073999999999998	253.7405398826493
12.890999999999998	249.73988005064925
12.693000000000001	245.6966386255484
12.474	241.64757609876986
12.222000000000001	237.61999085629014
11.922	233.60507157502448
11.544	229.584358319793
10.983	225.5794121223782
9.881999999999998	221.57262545152474
8.567999999999998	217.57256809932468
7.998000000000001	213.55166569846912
7.658999999999999	209.50890367969157
7.416	205.46202307640712
7.224	201.4190035506656
7.062000000000001	197.35628366974885
6.920999999999999	193.282097834896
6.797999999999998	189.27765850438468
6.684000000000001	185.1643080715084
6.582000000000001	181.1437198453642
6.486000000000001	177.06226281355947
6.396000000000001	172.97363303751743
6.312000000000001	168.92842243764937
6.230999999999998	164.81708404663934
6.152999999999999	160.6609822658627
6.0809999999999995	156.6519061331766
6.009	152.4772853246855
5.939999999999998	148.32335710386147
5.873999999999999	144.21357978704899
5.811	140.17126955603698
5.748000000000001	136.01852916681935
5.687999999999999	131.9670857424378
5.628	127.8277151861509
5.570999999999998	123.81927528619055
5.513999999999999	119.74166397877502
5.457000000000001	115.59949616324727
5.399999999999999	111.39736870590198
5.346	107.36552023351075
5.291999999999998	103.28892073030758
0.0	0.0
&  cycle # 2, chisq = 21412.414171898057, e = 27.140170476552083
30.0	413.9165616561728
29.871	409.8610466272739
29.688	405.83504491221385
29.286	401.82558342027505
27.705	397.8112923467556
27.276	393.7903681645113
26.934	389.7665742404233
26.622	385.74934469599737
26.313	381.7194172379791
25.992	377.69130546734226
25.637999999999998	373.6729250678921
25.218	369.6724958145435
24.639	365.6653465712221
23.235	361.66333575523504
18.408	357.6560575635254
17.009999999999998	353.6533569383087
14.379	349.6483439713204
13.86	345.64820944427964
13.544999999999998	341.62658762145577
13.299	337.5852823190226
13.088999999999999	333.52354416028095
12.908999999999999	329.51020644444776
12.747	325.43552629973806
12.599999999999998	321.3772028657459
12.462	317.29444244483284
12.332999999999998	313.2662647010597
12.21	309.242377218547
12.09	305.1403313365211
11.975999999999999	301.0792849655358
11.864999999999998	296.9784427817556
11.756999999999998	292.8678545201535
11.652000000000001	288.78272308448265
11.55	284.7560125787657
11.448	280.693228119344
11.346	276.6093675372831
11.244	272.51375753705366
11.142	268.4134637577465
11.04	264.31787919267083
10.937999999999999	260.24225521067456
10.835999999999999	256.2084789909712
10.730999999999998	252.12738883800915
10.623000000000001	248.03481190322105
10.512	243.96615211378008
10.398	239.9523781077556
10.277999999999999	235.92174599432096
10.152000000000001	231.9177475745848
10.017	227.90959726008845
9.867	223.8386930833991
9.698999999999998	219.81322371389226
9.498000000000001	215.78388086365544
9.233999999999998	211.76710155551766
8.733	207.75617396718155
7.332000000000001	203.73400314190653
7.070999999999998	199.7119405944535
6.893999999999998	195.69344831012828
6.753	191.66977288488428
6.632999999999999	187.64416217734782
6.524999999999999	183.5322090169908
6.4289999999999985	179.47907248567032
6.338999999999999	175.33642040152483
6.257999999999999	171.32757144538633
6.18	167.2233043246468
6.105	163.06077749949014
6.035999999999998	159.05363835397833
5.966999999999999	154.88568652137562
5.901	150.75693826237432
5.838000000000001	146.69372387486465
5.774999999999999	142.51831131697205
5.715	138.44425665529104
5.655000000000001	134.28251841383675
5.597999999999999	130.2553613132632
5.541	126.16516164942452
5.483999999999998	122.02152128157348
5.427	117.83503395096255
5.370000000000001	113.61697420544674
5.315999999999999	109.60227223759496
5.2620000000000005	105.57936501790317
5.207999999999998	101.55769428044763
0.0	0.0
&  cycle # 3, chisq = 21311.466837340275, e = 27.140170476552083
30.0	315.34431716844006
26.502	311.3440487717287
25.428	307.34305301154916
24.509999999999998	303.3362800294835
21.396	299.334758160056
19.47	295.32895612877746
16.086	291.3279809034343
15.189	287.31286603047516
14.814	283.2846608528542
14.565	279.2412602101407
14.34	275.19282299570193
14.121	271.18145259878884
13.908000000000001	267.1265388813322
13.707	263.06506707023
13.515	259.0496418567566
13.32	254.99209511959407
13.122	250.97213753069394
12.918	246.91436127515536
12.710999999999999	242.88435617207557
12.495000000000001	238.88291794276245
12.258	234.8778127208022
11.991	230.87775251686836
11.675999999999998	226.84506586092212
11.253	222.83654580840823
10.122	218.8353651855907
8.294999999999998	214.8239350419511
7.8870000000000005	210.81119188335717
7.593	206.7950833328528
7.349999999999998	202.77234355692067
7.140000000000001	198.76659636796376
6.9510000000000005	194.73196614682428
6.777000000000001	190.68096218833054
6.614999999999998	186.64063417986839
6.462	182.5875148231809
6.317999999999998	178.55608905921355
6.18	174.49918709901468
6.047999999999998	170.4551667670734
5.9190000000000005	166.36099681589468
5.795999999999999	162.32874136288385
5.675999999999998	158.2681994299748
5.559000000000001	154.18316159726677
5.445	150.08380371972527
5.334	145.98538619880023
5.225999999999999	141.90202297380296
5.120999999999999	137.84168723441823
5.018999999999998	133.8063698091823
4.919999999999998	129.79638502687098
4.820999999999998	125.68896991446643
4.724999999999998	121.61191329051553
4.631999999999998	117.57574591874578
4.538999999999998	113.45581954205109
4.448999999999998	109.38709326139546
4.361999999999998	105.3721004897076
4.274999999999999	101.26925407842107
0.0	0.0
&  cycle # 4, chisq = 21162.60587346215, e = 27.140170476552083
30.0	363.63977074476253
29.745	359.6178165128836
27.948	355.6062169540526
27.543	351.58954294358864
27.273	347.5392232388804
27.054	343.49186215276933
26.859	339.43597022766465
26.679	335.41263603881475
26.505	331.35665808492803
26.334	327.32566808293694
26.16	323.27746009240565
25.98	319.2222243652905
25.791	315.20942005521465
25.581	311.1635237602613
25.341	307.14220257667677
25.044	303.13239582197156
24.6	299.1192428665656
19.872	295.1171814507924
18.927	291.1024402637933
18.456	287.0735253441549
18.087	283.0583297799743
17.769	279.03560901119624
17.472	275.02903799221633
17.174999999999997	270.9991457933511
16.878	266.99152455920404
16.557000000000002	262.98613599535065
16.17	258.9810432449234
15.648	254.97834004491997
13.326	250.97693809599167
12.468	246.9664955751365
12.041999999999998	242.9645218734018
11.693999999999999	238.937537628534
11.381999999999998	234.9374655514272
11.079	230.92169377300797
10.758	226.90351087609233
10.392	222.8895015011353
9.876000000000001	218.88743242172123
8.003999999999998	214.88407752705797
7.620000000000001	210.85308460865227
7.3919999999999995	206.79698969512947
7.221	202.77361079778896
7.079999999999998	198.77236878150325
6.957000000000001	194.74543517756018
6.846	190.65708038384327
6.747	186.63088851748182
6.654	182.51453345597682
6.567	178.3690761249325
6.486000000000001	174.25533511824915
6.410999999999998	170.2305437016568
6.338999999999999	166.17386512909383
6.27	162.11030112614134
6.204000000000001	158.06288468770373
6.140999999999998	154.0532242043788
6.077999999999999	149.90110531471785
6.018000000000001	145.8151827856876
5.957999999999998	141.60276513452362
5.901	137.48645223410915
5.844000000000001	133.2620708680497
5.789999999999999	129.16418294567436
5.736000000000001	124.9771570018409
5.684999999999999	120.94467582551958
5.634	116.83987031405154
5.582999999999998	112.66593422775382
5.532	108.42572542042342
5.483999999999998	104.37666613759991
5.436	100.27304976394605
0.0	0.0
&  cycle # 5, chisq = 21470.277342189773, e = 27.140170476552083
30.0	307.26107818446343
29.682	303.2176427692767
29.418	299.18568545695274
29.127	295.1600574621455
28.668	291.1473159943655
26.865	287.1390172552286
26.367	283.1318183274766
25.965	279.12079130660715
25.566	275.09574583988757
25.11	271.09375376613593
24.417	267.08515709055865
20.631	263.08324136890093
16.656	259.08053399272563
15.828	255.06496011662014
15.234	251.06170542348136
14.286	247.05363256474732
12.951	243.04823932818542
8.972999999999999	239.04412404589434
8.283000000000001	235.04349950547996
7.869	231.02530542876158
7.556999999999999	226.98523451906055
7.305	222.9400316769693
7.091999999999999	218.9345026156131
6.902999999999999	214.89860738655224
6.734999999999999	210.88529648338226
6.582000000000001	206.85381952720954
6.440999999999999	202.81508876358203
6.309000000000001	198.75224892618016
6.186	194.71360077426607
6.068999999999999	190.63258458647275
5.957999999999998	186.53373577214208
5.852999999999998	182.4481620531723
5.753999999999998	178.41189553495752
5.658000000000001	174.33092217145116
5.564999999999998	170.22306714566238
5.474999999999998	166.1024194544581
5.387999999999998	161.98021457721853
5.3039999999999985	157.86711929740963
5.222999999999999	153.7752825330725
5.145	149.71908293128115
5.07	145.71447387839578
4.995000000000001	141.61161024019367
4.922999999999998	137.58436783273402
4.850999999999999	133.47338545270512
4.782	129.4565024440584
4.713000000000001	125.36425518666553
4.643999999999998	121.1963175184378
4.577999999999999	117.13883914534028
4.5120000000000005	113.01334853670762
4.445999999999998	108.82248915143808
4.382999999999999	104.76485205028622
4.32	100.65560662769033
0.0	0.0
&  cycle # 1, chisq = 20339.750327798858, e = 29.0840946202765
30.0	387.02112570318013
29.979	382.9536692445775
29.955	378.5880797832348
29.931	374.5159434624354
29.904	370.2619646918886
29.874	365.91468614133095
29.841	361.5693723286551
29.805	357.3141708371117
29.766	353.22273732323964
29.721	349.10758936055413
29.667	344.9411101969431
29.601	340.84076012548064
29.514	336.8043705262648
29.373	332.7709664296575
28.374	328.7559484364168
27.887999999999998	324.75537556458903
27.486	320.7382221499859
26.943	316.7313724452666
24.807	312.72847188194913
24.222	308.7089769064647
23.778	304.6985671497903
23.361	300.6815014398754
22.926000000000002	296.67187298021395
22.41	292.6554977005278
21.66	288.6445241040099
18.615000000000002	284.6423412964467
16.836	280.6349745241998
16.128	276.61731340232495
15.624	272.6105106622706
15.158999999999999	268.60020854115396
14.831999999999999	264.58569952092836
14.574	260.5700104074174
14.312999999999999	256.5405147714141
14.022	252.53140321867392
13.707	248.50931430638033
13.352999999999998	244.49371474327899
12.881999999999998	240.4740564077887
12.033000000000001	236.4704150187955
7.533000000000001	232.45614663276842
7.169999999999998	228.42141877815754
6.945	224.37196689407267
6.777000000000001	220.34830546784352
6.638999999999999	216.29137505597114
6.5219999999999985	212.2675560389562
6.416999999999998	208.1715429088684
6.323999999999998	204.14202050875147
6.236999999999998	200.01520726969287
6.158999999999999	196.00877592231265
6.084	191.8722440318649
6.015000000000001	187.8127094438008
5.948999999999998	183.69681845796725
5.885999999999999	179.55286148243832
5.8260000000000005	175.40994294339873
5.768999999999998	171.29707089691084
5.715	167.2423601373546
5.660999999999998	163.03473320918397
5.609999999999999	158.92147383538742
5.559000000000001	154.67367414099223
5.510999999999999	150.5534709993427
5.463000000000001	146.31520895793776
5.417999999999999	142.23507567478285
5.373000000000001	138.05219100666358
5.327999999999999	133.7673700328913
5.285999999999998	129.6772856790884
5.244	125.50080241276072
5.201999999999998	121.23970216903861
5.163	117.20913533080352
5.123999999999999	113.10962590772087
5.085000000000001	108.94355685453874
5.045999999999999	104.71353237588042
5.006999999999998	100.42230941625228
0.0	0.0
&  cycle # 2, chisq = 20262.87856198031, e = 29.0840946202765
30.0	413.9165616561728
29.967	409.78616440316114
29.928	405.53243859079
29.883	401.37757221654493
29.829	397.32403371984753
29.757	393.2503927163224
29.643	389.181960796188
28.896	385.1774283301087
28.578	381.14538945969923
28.383	377.1383239095213
28.218	373.0979226378512
28.065	369.0414655448168
27.918	365.0162042034814
27.768	360.9377779876955
27.612000000000002	356.87523718782614
27.444	352.8118843575748
27.258	348.80857563476076
27.033	344.7804346582348
26.73	340.75407130485456
26.115	336.75058652212925
20.586	332.7490289767761
19.35	328.7477833652436
16.2	324.73819751298123
15.51	320.72990364763865
15.081	316.7187320531598
14.817	312.6648620746863
14.613	308.61260145267414
14.427	304.5903869782115
14.241	300.5336097150377
14.055	296.4733073190189
13.875	292.44223856402664
13.701	288.409107320114
13.530000000000001	284.38655253481494
13.355999999999998	280.3518094120089
13.175999999999998	276.3086699596368
12.989999999999998	272.25555614526263
12.800999999999998	268.2375521602489
12.602999999999998	264.18031715991935
12.393	260.15689446213054
12.161999999999999	256.12722981661994
11.907	252.10942914954333
11.619	248.10133921902232
11.268	244.09478612588148
10.806000000000001	240.08116333689617
10.082999999999998	236.07890599422151
8.727	232.07717583775639
7.727999999999998	228.06352416628403
7.251000000000001	224.04766523519902
6.942	220.00932644879464
6.713999999999999	216.00421890371766
6.530999999999999	211.994996958145
6.375	207.94354235538822
6.239999999999998	203.91903091274756
6.120000000000001	199.8960971303689
6.0120000000000005	195.88308724735313
5.913	191.8547885227137
5.82	187.75194292793176
5.7330000000000005	183.62647592970632
5.652000000000001	179.53085465921478
5.576999999999998	175.51528774526662
5.504999999999999	171.453536404611
5.436	167.3657825700255
5.370000000000001	163.27203786242436
5.306999999999999	159.19278833981957
5.247	155.14928317269454
5.187000000000001	150.94970407474165
5.129999999999999	146.81536541914147
5.0760000000000005	142.76925268015196
5.0219999999999985	138.59853515916572
4.971	134.54649310370206
4.919999999999998	130.38596513687338
4.872	126.372057835491
4.823999999999998	122.2636962162172
4.776	118.06131106560518
4.730999999999998	114.03642092050337
4.686	109.92932876892837
4.640999999999998	105.74035781384308
4.596	101.47009946633912
0.0	0.0
&  cycle # 3, chisq = 20232.37626729643, e = 29.0840946202765
30.0	315.34431716844006
29.136	311.3433294725838
28.689	307.3381286850831
26.706	303.33476852580225
25.569	299.3288492080672
23.148	295.32861343862754
22.545	291.3109828131503
22.017	287.307033391552
21.414	283.2960916696913
18.912	279.2929055419489
17.724	275.2918038341296
16.988999999999997	271.28401703812386
16.089	267.2814677161891
13.035	263.2720830783639
12.428999999999998	259.26110339805444
12.006	255.24356263933885
11.631	251.23710489034607
11.271	247.220609396781
10.893	243.21956918685285
10.440000000000001	239.21275869542004
9.654	235.20973035385873
7.716000000000001	231.20872731104322
7.3679999999999986	227.1657696598011
7.134	223.12767433625143
6.948	219.06592526863727
6.791999999999998	215.0144516765408
6.657	210.99572308646282
6.533999999999999	206.90526828747187
6.422999999999998	202.8596248647319
6.320999999999998	198.84393551577546
6.224999999999998	194.79935399181377
6.134999999999998	190.76773667904402
6.047999999999998	186.64344464441137
5.966999999999999	182.59861204579096
5.888999999999999	178.51514622739984
5.814	174.41506839006394
5.742000000000001	170.32079983101713
5.672999999999998	166.25385308649405
5.606999999999999	162.23396786575606
5.541	158.08765111773914
5.477999999999998	154.01127884138387
5.414999999999999	149.8178041505649
5.355	145.71363047754204
5.294999999999998	141.50046408616305
5.2379999999999995	137.3963588433891
5.181000000000001	133.19337336728532
5.126999999999999	129.12117501590683
5.073	124.96229129140815
5.0219999999999985	120.95627574300383
4.971	116.87567205478372
4.919999999999998	112.72158766208923
4.869	108.4947184149936
4.820999999999998	104.45016705704647
4.773	100.3410340107121
0.0	0.0
&  cycle # 4, chisq = 20324.676771339502, e = 29.0840946202765
30.0	363.63977074476253
29.94	359.46175931394873
29.871	355.34724976219945
29.79	351.3416312468102
29.685	347.25735205804637
29.538	343.21661429525864
29.265	339.20805753934417
25.628999999999998	335.19662354263727
24.999	331.18407174715895
24.591	327.154654949553
24.261	323.14619880305617
23.967	319.1376221487768
23.694	315.12033592860746
23.43	311.0972153548523
23.169	307.059752090586
22.908	303.0265209318973
22.641	299.02159520263166
22.362000000000002	295.017650832966
22.064999999999998	290.99954559389795
21.738	286.97674703528713
21.372	282.9553789428113
20.945999999999998	278.9481796947611
20.427	274.94784950611523
19.749000000000002	270.93869955633704
18.831	266.92817608493215
17.682000000000002	262.9220016072457
16.503	258.91313100260965
15.354	254.90473662205247
14.58	250.8839715179085
13.902000000000001	246.87112285184585
12.957	242.8664264461064
9.053999999999998	238.86343504919284
7.998000000000001	234.84243721993667
7.596	230.81715604353732
7.329000000000001	226.7672659731251
7.125	222.74192203093165
6.957000000000001	218.73189856244164
6.812999999999999	214.7248331409646
6.684000000000001	210.63901381031988
6.57	206.61168677441657
6.465	202.54358235853223
6.369	198.5153006459988
6.279	194.46323768622227
6.195	190.43253847268886
6.114000000000001	186.31003165535267
6.038999999999998	182.279877582421
5.966999999999999	178.21381605382282
5.898	174.1339219436828
5.832000000000001	170.06348155069182
5.768999999999998	166.026034920918
5.7059999999999995	161.84190415441608
5.646000000000001	157.72243510293234
5.588999999999999	153.68867564506513
5.532	149.53861536892407
5.477999999999998	145.50012102341125
5.4239999999999995	141.35784287441035
5.373000000000001	137.35057067983695
5.321999999999999	133.2513005556675
5.271000000000001	129.06088120243808
5.222999999999999	125.03499871370137
5.175000000000001	120.93147334540427
5.126999999999999	116.75267223126757
5.079000000000001	112.50145428558345
5.033999999999999	108.4530259603209
4.989000000000001	104.3465786496479
4.943999999999999	100.18492538827067
0.0	0.0
&  cycle # 5, chisq = 20356.03150971925, e = 29.0840946202765
30.0	307.26107818446343
29.439	303.2503823362575
28.977	299.2445699291672
27.249	295.2443704380693
26.778	291.2394608456285
26.451	287.2096951451291
26.169	283.16768520109764
25.902	279.1232388318921
25.637999999999998	275.119779508284
25.359	271.0932516614703
25.047	267.06674083064803
24.672	263.0626744934426
24.125999999999998	259.0617436557218
20.499000000000002	255.05974871728267
17.661	251.05707181730588
15.051	247.05453111057616
14.064	243.05006186668044
12.873000000000001	239.04422833038856
9.18	235.04201191933583
7.791	231.03556363706042
7.346999999999998	227.01779737172464
7.062000000000001	223.0038994037128
6.846	218.99146041560778
6.6690000000000005	214.9365331884984
6.518999999999998	210.88567349181906
6.3870000000000005	206.81927015005465
6.27	202.79764677179085
6.161999999999999	198.71323666794035
6.062999999999999	194.6337213732215
5.972999999999999	190.6308581016229
5.885999999999999	186.48485728184895
5.805	182.37518460598358
5.73	178.353184008387
5.658000000000001	174.29491806061756
5.588999999999999	170.22333122337895
5.523	166.15992880994332
5.460000000000001	162.12496370667168
5.3969999999999985	157.93482979629627
5.337	153.79775889574213
5.280000000000001	149.73376013927472
5.222999999999999	145.53889006800364
5.1690000000000005	141.44451720858092
5.114999999999998	137.2343949005742
5.064	133.1536714238696
5.012999999999998	128.97355199069568
4.965	124.95053418226192
4.916999999999998	120.84328509098133
4.869	116.65344988631645
4.823999999999998	112.65171448785621
4.779	108.57956132601139
4.733999999999998	104.43779760201465
4.689	100.22720043356405
0.0	0.0
&  cycle # 1, chisq = 20332.664676773347, e = 28.966339567272676
30.0	387.02112570318013
29.703	383.01728526835507
29.499	379.0156978216588
29.307	374.97215920644913
29.106	370.9390177408726
28.872	366.9307776284813
28.545	362.92233342732885
27.326999999999998	358.92223312035577
24.78	354.906331251611
24.240000000000002	350.8851249363398
23.814	346.8737065106734
23.412	342.87264577731156
22.974	338.86091465484276
22.359	334.8497781824096
20.163	330.84254726870086
19.683	326.81564063039235
19.371000000000002	322.79057616707627
19.125	318.7846775392721
18.909	314.7431684022792
18.711	310.6846175208012
18.528	306.65741609313073
18.354	302.6060651058212
18.186	298.5494569387423
18.021	294.5099452185727
17.856	290.48217154240314
17.688000000000002	286.4217816551873
17.52	282.4128670906436
17.346	278.3549587933513
17.166	274.34978544482317
16.971	270.3384862152941
16.755	266.3242454118617
16.512	262.286728736955
16.227	258.2677607661633
15.828	254.2653289477881
15.017999999999999	250.26447497390134
12.695999999999998	246.2615197282393
11.867999999999999	242.26053892954454
10.896	238.25769968379657
8.768999999999998	234.25408815712223
7.704000000000001	230.2457878590658
7.295999999999999	226.21057959817182
7.035	222.1733207446393
6.84	218.1592601684386
6.681000000000001	214.10252842606897
6.545999999999999	210.02447739855424
6.4289999999999985	205.9775649042774
6.323999999999998	201.91295580670084
6.227999999999998	197.81545627542516
6.140999999999998	193.76784404322294
6.059999999999999	189.69774554674416
5.984999999999999	185.65831357654238
5.913	181.52774495155975
5.846999999999998	177.51969069115088
5.783999999999999	173.49397978719196
5.724	169.47772579431526
5.663999999999998	165.28340735146722
5.606999999999999	161.13369151402873
5.553000000000001	157.0536663691651
5.498999999999999	152.82844390240544
5.448	148.70408070566197
5.399999999999999	144.7031010080354
5.352	140.58632810110754
5.3039999999999985	136.35397509237646
5.259	132.28184303644878
5.213999999999999	128.1099557786269
5.1690000000000005	123.84004657204913
5.126999999999999	119.76837944533982
5.085000000000001	115.6155902935929
5.042999999999999	111.38426339001643
5.001000000000001	107.0772064480252
4.962	103.01254926120808
0.0	0.0
&  cycle # 2, chisq = 20370.026386640457, e = 28.966339567272676
30.0	413.9165616561728
29.967	409.9052374351629
29.925	405.64900189869445
29.874	401.5807280625365
29.802	397.5209241037273
29.658	393.5136250894147
29.025	389.47324550492425
28.866	385.4425074679245
28.749	381.3430875015948
28.653	377.34238930133483
28.566	373.29361522316367
28.485	369.2149086573709
28.407	365.05252732379756
28.335	361.05070009565526
28.262999999999998	356.93990401168645
28.194	352.9351594557806
28.125	348.8967320486194
28.056	344.8500899192076
27.987000000000002	340.8196958772031
27.915	336.6590572193897
27.843	332.5734446542782
27.768	328.42604025771544
27.693	324.4122937735692
27.615	320.3971878011627
27.531	316.26982364169226
27.444	312.2260952637434
27.351	308.1830926280759
27.249	304.1009057166444
27.137999999999998	300.08605978201155
27.012	296.0570241466594
26.865	292.0356558519682
26.682	288.0001738281449
26.427	283.97123116900934
25.914	279.9643032885122
17.109	275.9614399188315
15.711	271.9472756518856
15.0	267.9273788496808
14.625	263.8979563176474
14.295	259.8695860152957
13.937999999999999	255.84583080913885
13.578	251.8196999657639
13.184999999999999	247.79885537926145
12.725999999999999	243.78886573453659
12.140999999999998	239.7847572728461
11.145	235.78054385625168
8.364	231.77864922493612
7.527000000000001	227.75589133408656
7.134	223.72048202103161
6.867000000000001	219.7182815583301
6.66	215.68708256676425
6.489000000000001	211.63099466355914
6.341999999999999	207.5657753384709
6.213000000000001	203.51831800875703
6.096	199.42236955699576
5.991	195.37303428386724
5.895	191.34239129702942
5.805	187.26761293065601
5.721	183.19973099881736
5.643000000000001	179.18920750747245
5.567999999999998	175.11678140971034
5.495999999999999	171.00278498933338
5.427	166.86667837979383
5.361000000000001	162.72782180316614
5.297999999999998	158.606145923964
5.2379999999999995	154.52242857909712
5.181000000000001	150.49813332764097
5.123999999999999	146.33214862276748
5.07	142.25490686529588
5.015999999999998	138.05132833775576
4.965	133.96602138967384
4.913999999999998	129.76936480092928
4.866	125.71815419818522
4.817999999999998	121.56858201229525
4.77	117.32033979299773
4.724999999999998	113.24754895964512
4.68	109.08712691343875
4.634999999999998	104.83871296531991
4.593	100.79403374404872
0.0	0.0
&  cycle # 3, chisq = 20317.608219337097, e = 28.966339567272676
30.0	315.34431716844006
29.058	311.3215030968334
28.74	307.30680428467826
28.44	303.29513307561143
28.086	299.27353899965004
27.471	295.2678596392423
22.266	291.2607951430066
21.234	287.2555402941639
20.052	283.25243515311087
13.178999999999998	279.249081900279
12.524999999999999	275.2460409009118
12.131999999999998	271.2398216888693
11.82	267.23474732699333
11.544	263.18882051883753
11.294999999999998	259.1582985617321
11.058	255.12384931454292
10.823999999999998	251.11109576813985
10.587	247.10382970742145
10.338000000000001	243.0588767532816
10.065000000000001	239.04231007760634
9.735	235.0188816427726
9.251999999999999	231.01765966402547
7.5	226.99719741345243
7.155000000000001	222.96831665480846
6.942	218.91305957676107
6.780000000000001	214.8631664314985
6.645	210.78056830324388
6.527999999999999	206.69615967852903
6.422999999999998	202.59167282464026
6.326999999999998	198.47358272390065
6.239999999999998	194.43838458643452
6.158999999999999	190.42048447007724
6.0809999999999995	186.3123430950372
6.006	182.14152773020643
5.937000000000001	178.11585227130655
5.870999999999999	174.10049670099994
5.805	169.93011977911945
5.742000000000001	165.81151452214283
5.681999999999999	161.77061527306722
5.622	157.62071572511348
5.564999999999998	153.58305377595514
5.507999999999999	149.4577652543298
5.4510000000000005	145.24972305698572
5.3969999999999985	141.19121663958933
5.343	137.06715216812964
5.288999999999998	132.88239471725657
5.2379999999999995	128.8794324616604
5.187000000000001	124.83275947990239
5.135999999999999	120.7485211881893
5.085000000000001	116.63347959883183
5.033999999999999	112.49483178828531
4.9830000000000005	108.3399713091614
4.931999999999999	104.17623788672964
4.881	100.01070475590993
0.0	0.0
&  cycle # 4, chisq = 20419.253824647654, e = 28.966339567272676
30.0	363.63977074476253
29.91	359.54868577197067
29.799	355.5207374357919
29.649	351.51632096911544
29.4	347.48646185437497
26.982	343.483022433896
25.995	339.4739415498105
25.563	335.4698997228106
25.239	331.43705655344826
24.966	327.41712190649554
24.72	323.3935898157062
24.492	319.381615848261
24.273	315.3742961618054
24.057	311.3531862176002
23.841	307.3125115421182
23.622	303.28160341052484
23.394	299.25113614934156
23.154	295.23585458474196
22.893	291.1944120908044
22.599	287.1589268751559
22.253999999999998	283.1300398880057
21.816	279.1251444017132
21.15	275.12398226151794
19.061999999999998	271.1225466886128
16.662	267.11289315659815
15.783	263.1050638641587
15.110999999999999	259.1048534652626
14.709	255.09761563108094
14.379	251.09214597140607
14.007	247.08768451404495
13.602	243.08661764838035
13.107	239.0697689853221
12.332999999999998	235.06552869471014
7.634999999999998	231.04861761031472
7.209	227.01883712568113
6.966000000000001	222.99534991128385
6.785999999999998	218.9216437197235
6.6419999999999995	214.8550092654611
6.5219999999999985	210.85266022530442
6.413999999999998	206.73779439525597
6.317999999999998	202.6478571393298
6.230999999999998	198.57000111714152
6.149999999999999	194.4387858844564
6.074999999999999	190.31190510270227
6.006	186.24872764206467
5.939999999999998	182.11610340918185
5.876999999999999	177.94223659033443
5.817	173.7564455268663
5.759999999999998	169.58822971786142
5.7059999999999995	165.46646241376115
5.655000000000001	161.4188349561159
5.603999999999999	157.22041789985448
5.556000000000001	153.13075856775217
5.507999999999999	148.906478809302
5.463000000000001	144.82332974748462
5.417999999999999	140.62065722832463
5.376000000000001	136.58989842955643
5.334	132.45439130950135
5.291999999999998	128.21420096727672
5.253	124.18350840198183
5.213999999999999	120.06356707292456
5.175000000000001	115.85535981169174
5.135999999999999	111.56019257636702
5.099999999999998	107.51961962151816
5.064	103.40775896647449
0.0	0.0
&  cycle # 5, chisq = 20370.156595171065, e = 28.966339567272676
30.0	307.26107818446343
29.841	303.2194878087233
29.697	299.13224156082316
29.559	295.0484284248516
29.421	290.9678094054084
29.28	286.95457860426075
29.127	282.9003171622349
28.956	278.8552704502774
28.755	274.8343720172492
28.494	270.8005152349792
28.083	266.79621209475266
25.659	262.79391112944603
24.102	258.7868879225252
23.378999999999998	254.7792388879961
22.746	250.76238937284523
22.035	246.7489093738928
19.314	242.7487912651895
17.103	238.7479792536491
13.794	234.74724618424858
12.428999999999998	230.74596458641724
11.553	226.74130454587583
10.748999999999999	222.72725597759188
9.939	218.72444598764156
9.137999999999998	214.71905697448875
8.439	210.70397009671714
7.896000000000001	206.6900548644296
7.478999999999999	202.6827975162831
7.152000000000001	198.67296631932354
6.881999999999998	194.65016927813357
6.654	190.61446831257672
6.4559999999999995	186.55760117272072
6.282	182.53991410961873
6.123000000000001	178.46536198027982
5.978999999999999	174.4065220984767
5.846999999999998	170.35608914785965
5.724	166.29225146326613
5.609999999999999	162.27721715823296
5.501999999999999	158.25167760825835
5.399999999999999	154.2464327089947
5.300999999999998	150.16383183193346
5.207999999999998	146.15031772004053
5.1179999999999986	142.1032041317244
5.030999999999999	138.04383521527456
4.946999999999999	133.99401341487743
4.866	129.97346218221662
4.785	125.84385645416101
4.707000000000001	121.76646759853581
4.631999999999998	117.75432850327117
4.556999999999999	113.6548943992012
4.484999999999999	109.64153173802
4.413	105.55823569949123
4.341000000000001	101.41318806465003
0.0	0.0
&  cycle # 1, chisq = 23258.688636714334, e = 27.079847597992828
30.0	387.02112570318013
29.889	383.0044014896977
29.769	378.9174609877238
29.637	374.91047472655606
29.475	370.8791039570543
29.238	366.87649230325775
28.011	362.8600962639279
27.612000000000002	358.8226325380452
27.357	354.7709141298009
27.144	350.75003231343584
26.945999999999998	346.7086311478929
26.754	342.6927356034301
26.556	338.6622367322238
26.343	334.6258827114183
26.1	330.5849055420485
25.791	326.55735839744045
25.262999999999998	322.55171478424734
22.641	318.54616547257075
19.878	314.53803249739735
19.329	310.5317065169046
18.990000000000002	306.5051137989391
18.72	302.4812681862715
18.488999999999997	298.4709826397699
18.282	294.4372478136509
18.09	290.398123439677
17.907	286.3684516941347
17.73	282.3435796283935
17.558999999999997	278.340019548468
17.391	274.3174050511316
17.223	270.2741986525315
17.052	266.2294479166692
16.875	262.1764870521926
16.692	258.1226093156516
16.503	254.06174080317464
16.305	250.01120401458166
16.089	245.99929878743745
15.84	241.98032271397057
15.558	237.9580728029874
15.225	233.9495554474158
12.809999999999999	229.94933998069382
10.773	225.94232029257424
9.620999999999999	221.93217444969835
8.805	217.9164858058283
8.259	213.8989381353182
7.872	209.86533658089314
7.574999999999999	205.83887822724205
7.335000000000001	201.7931884243024
7.134	197.77845508742908
6.957000000000001	193.7211657308886
6.800999999999998	189.6879240001684
6.66	185.63633191269554
6.530999999999999	181.5766563500059
6.410999999999998	177.49537800194418
6.300000000000001	173.45824864017843
6.195	169.40424138995672
6.096	165.36741477389063
6.0	161.25055729692065
5.91	157.21072026753944
5.823	153.14484165399188
5.739000000000001	149.0774463036898
5.658000000000001	145.03254756769292
5.579999999999998	141.03172868639328
5.501999999999999	136.93412157659645
5.427	132.908365216962
5.352	128.80376882095666
5.280000000000001	124.79489927036153
5.207999999999998	120.72633220558933
5.135999999999999	116.60765510287165
5.064	112.45065265667785
4.995000000000001	108.44316107792578
4.925999999999998	104.42468557562557
4.856999999999999	100.40676495602321
0.0	0.0
&  cycle # 2, chisq = 23446.86827701673, e = 27.079847597992828
30.0	413.9165616561728
29.67	409.90616985468904
29.184	405.90366632696634
23.736	401.89982243107914
22.401	397.8851196532492
21.717	393.8841049631454
21.162	389.8778464868508
20.646	385.8600974234252
20.139	381.8575484337646
19.602	377.84611078101415
18.999000000000002	373.83709183924117
18.282	369.82863241985393
17.381999999999998	365.824513025355
16.35	361.8140544433058
15.477	357.8096297510041
14.901	353.77855604451094
14.594999999999999	349.76045819872155
14.337	345.75922478991504
14.091	341.7402672697666
13.866	337.6925939108915
13.668	333.6835950598374
13.485	329.63862248202616
13.314	325.6373463464512
13.149000000000001	321.58499571475403
12.992999999999999	317.5384521122632
12.846	313.49576364049875
12.704999999999998	309.40720081638995
12.57	305.32796504447936
12.440999999999999	301.31332281108246
12.315000000000001	297.30191882165224
12.189	293.20339219602187
12.065999999999999	289.110077628784
11.945999999999998	285.02360136117375
11.829	280.958301305431
11.715	276.9403557207881
11.600999999999999	272.8931850358882
11.486999999999998	268.8423350834713
11.373000000000001	264.8054069200459
11.259	260.79062601915547
11.142	256.6965908574986
11.024999999999999	252.6353105564956
10.908000000000001	248.62190177440212
10.788	244.58170428056437
10.665	240.55407497964936
10.536000000000001	236.4867052114694
10.401	232.42592060762465
10.259999999999998	228.4109620106054
10.11	224.40486433934552
9.945	220.34300646980296
9.762	216.31919491745654
9.546	212.2890164849063
9.27	208.27483712272894
8.817	204.26679130910327
7.1789999999999985	200.25686327833856
6.855	196.24975420258463
6.6419999999999995	192.20135658569689
6.474	188.13000606147048
6.332999999999998	184.0788839764848
6.210000000000001	180.06722405298333
6.096	175.9646631731885
5.991	171.87750488495388
5.8919999999999995	167.7703279451596
5.7989999999999995	163.70183402660214
5.709	159.58326751475653
5.622	155.4461682881631
5.538	151.32275903792032
5.457000000000001	147.24558480225298
5.376000000000001	143.0908301215502
5.297999999999998	139.03823522884926
5.219999999999999	134.95583225428058
5.1419999999999995	130.86319117490805
5.064	126.77860220244918
4.986000000000001	122.71982669085472
4.908000000000001	118.70537163569402
4.826999999999998	114.60527591298023
4.745999999999999	110.60019515751316
4.661999999999999	106.57573847912269
4.571999999999999	102.44227945798666
0.0	0.0
&  cycle # 3, chisq = 23317.96811977207, e = 27.079847597992828
30.0	315.34431716844006
27.447	311.34297159858187
27.042	307.33528205693364
26.754	303.3148765440155
26.508	299.2912458282318
26.28	295.2863148958289
26.055	291.25838598948695
25.823999999999998	287.20895710427976
25.578	283.2076163391246
25.296	279.18572326255986
24.939	275.1759822758032
24.317999999999998	271.1661547336712
21.384	267.1611521002934
17.967	263.1584846979021
16.968	259.14860097624097
16.383	255.13887586501085
15.894	251.1174832002346
15.417	247.10543811254854
14.967	243.09783005483408
14.64	239.0914849899269
14.31	235.06108654485914
13.902000000000001	231.05870781174985
13.407	227.05463360945933
12.591000000000001	223.04941441842502
9.084	219.03976627019782
8.355	215.02259028687627
7.919999999999998	210.9897358679724
7.602	206.96250672715183
7.344000000000001	202.91959882065066
7.128	198.89751793168585
6.942	194.8953435906274
6.774000000000001	190.82465592492292
6.623999999999999	186.80517586462395
6.486000000000001	182.75806878269213
6.359999999999999	178.74284135616384
6.2429999999999986	174.72328700032156
6.131999999999998	170.64339398961408
6.027000000000001	166.54279829430723
5.928000000000001	162.45861491236903
5.835000000000001	158.42343255028428
5.745000000000001	154.32742020865663
5.658000000000001	150.1816909628184
5.576999999999998	146.15224373885445
5.498999999999999	142.1154550418288
5.4239999999999995	138.08951142807902
5.349	133.92381680818582
5.277000000000001	129.79518797120673
5.207999999999998	125.72054025111692
5.1419999999999995	121.71486665619668
5.0760000000000005	117.60245226903
5.012999999999998	113.57613736350322
4.949999999999999	109.45035246632673
4.890000000000001	105.42839771952411
4.829999999999998	101.31697206087622
0.0	0.0
&  cycle # 4, chisq = 23378.131169878216, e = 27.079847597992828
30.0	363.63977074476253
29.895	359.5876236968816
29.676	355.56343471961395
27.45	351.5564397993286
27.027	347.53477983308704
26.733	343.5153753671082
26.484	339.46681439965926
26.256	335.4290597859433
26.037	331.40422518210676
25.817999999999998	327.3715241696217
25.59	323.3385283306483
25.344	319.3008897693127
25.067999999999998	315.2915993131526
24.729	311.28203807326975
24.246	307.2713995724124
22.641	303.2710248603007
19.728	299.263189435433
19.17	295.2582892385974
18.789	291.2546908442028
18.483	287.2264782837666
18.216	283.2153002883483
17.976	279.20729642744374
17.753999999999998	275.1792458492336
17.541	271.137253011386
17.334	267.1371329849441
17.13	263.1340739358293
16.929000000000002	259.1335112981711
16.725	255.1131295668864
16.509	251.06185076450717
16.278	247.02215741102663
16.035	243.01758524366142
15.767999999999999	239.0037607259537
15.429	234.99779145006556
14.997	230.97307534932253
14.577	226.9712906603596
13.658999999999999	222.96905343731447
9.783000000000001	218.96849850193652
8.015999999999998	214.94952191843214
7.6739999999999995	210.93225624015142
7.437000000000001	206.89695673743353
7.248000000000001	202.8287405626759
7.088999999999999	198.79090680598247
6.948	194.71708369787873
6.821999999999999	190.66213363054416
6.707999999999998	186.64209387462526
6.602999999999998	182.64039737734882
6.503999999999998	178.6079573516502
6.410999999999998	174.59609852724031
6.320999999999998	170.51186724002903
6.233999999999998	166.37746470104463
6.152999999999999	162.36396001338872
6.074999999999999	158.3493563459047
5.997	154.18867884154696
5.922000000000001	150.05291703874977
5.849999999999998	145.9624182873165
5.780999999999999	141.93744351846556
5.712	137.81596565275504
5.646000000000001	133.7890758455004
5.579999999999998	129.68439434713594
5.513999999999999	125.50588130361903
5.4510000000000005	121.4512481294977
5.387999999999998	117.3343289485246
5.324999999999999	113.15734017097633
5.265000000000001	109.1259393176528
5.204999999999998	105.04579412670726
5.145	100.92110312863026
0.0	0.0
&  cycle # 5, chisq = 23555.940656850344, e = 27.079847597992828
30.0	307.26107818446343
29.823	303.223755944844
28.938	299.2206969904946
28.314	295.2063488016727
28.056	291.16831865989815
27.855	287.13394103459814
27.678	283.09477249997497
27.512999999999998	279.0453307264519
27.354	274.9869470583408
27.198	270.97732801039973
27.039	266.96228095480507
26.874	262.9493544725528
26.697	258.9215899543882
26.499	254.8672040629279
26.271	250.85109775681704
25.98	246.8200083865813
25.518	242.80365960595734
22.326	238.80191428698717
18.765	234.80032974897196
17.781	230.78946438614275
16.506	226.78690603558238
13.227	222.7803355078236
11.117999999999999	218.7799309880012
7.515000000000001	214.76561125708443
7.0859999999999985	210.76286639969717
6.815999999999999	206.71200273456745
6.614999999999998	202.65993575121493
6.452999999999999	198.64137633531223
6.315000000000001	194.64029415996595
6.192	190.59057452815532
6.0809999999999995	186.51423785571697
5.978999999999999	182.39294214085052
5.885999999999999	178.30884604052773
5.7989999999999995	174.20077718710832
5.718	170.124955065303
5.640000000000001	165.97148710145316
5.567999999999998	161.93851432316276
5.498999999999999	157.89373222832805
5.433	153.85907958267825
5.370000000000001	149.85571886405873
5.306999999999999	145.7034336612064
5.247	141.61107406605154
5.189999999999998	137.6005377038652
5.132999999999999	133.47318275176613
5.079000000000001	129.4587790952038
5.024999999999999	125.34693326294096
4.971	121.14197574618666
4.919999999999998	117.08910790837842
4.869	112.96070631574202
4.817999999999998	108.76011508097326
4.77	104.74345581988992
4.721999999999998	100.66808237059716
0.0	0.0
&  cycle # 1, chisq = 21788.960339773334, e = 27.54703632815589
30.0	387.02112570318013
29.961	382.8259547039439
29.907	378.64956453164183
29.811	374.6140314601794
29.298	370.5939243027094
29.151	366.51489189247604
29.046	362.42394258678627
28.956	358.28204442137655
28.875	354.1829439614891
28.8	350.18102822984173
28.725	346.0681571551063
28.65	341.9202746511996
28.575	337.8109005021347
28.497	333.65450660709774
28.416	329.53738924292594
28.329	325.40388437293757
28.236	321.366469237964
28.131	317.33110946669655
28.005	313.2714448970708
27.84	309.23780854103717
27.555	305.22970443838415
26.235	301.2113165714698
25.866	297.2057242334401
25.584	293.19703781802895
25.323	289.17840467538593
25.056	285.147730739203
24.759	281.113671422683
24.378	277.107481079432
23.547	273.10730485503757
18.558	269.1059477592859
17.733	265.1005869571071
17.241	261.09259794921365
16.823999999999998	257.0668398259229
16.439999999999998	253.04891253502083
16.055999999999997	249.0348330967412
15.624	245.0150684446118
15.129	240.99994322032921
11.847000000000001	236.99247145090405
10.817999999999998	232.98571695845217
10.038	228.97910240467854
9.344999999999999	224.9740095798004
8.742	220.96919252689557
8.244	216.94605167869994
7.850999999999999	212.9126011392031
7.538999999999998	208.90595316675456
7.283999999999999	204.8609717582088
7.070999999999998	200.83238985700075
6.887999999999998	196.8032264769303
6.728999999999999	192.7871439424096
6.588000000000001	188.76562191392273
6.459	184.6737562138156
6.341999999999999	180.59840168066418
6.233999999999998	176.50652077346297
6.134999999999998	172.45475660414724
6.041999999999998	168.3660818167435
5.954999999999998	164.27789481483288
5.873999999999999	160.2326850108563
5.795999999999999	156.11325644779683
5.724	152.11194828496417
5.655000000000001	148.095570837909
5.588999999999999	144.08457110007416
5.523	139.9046795252914
5.460000000000001	135.75339967870002
5.399999999999999	131.64946810176053
5.343	127.6116569566177
5.285999999999998	123.43572470668677
5.231999999999999	119.35052743365571
5.178000000000001	115.13902982798109
5.126999999999999	111.04565110251622
5.0760000000000005	106.84048728913596
5.027999999999999	102.78165061966689
0.0	0.0
&  cycle # 2, chisq = 22006.249605747314, e = 27.54703632815589
30.0	413.9165616561728
29.883	409.83979965228394
29.739	405.81569799740697
29.547	401.78376014852944
29.259	397.7668488692557
28.656	393.7634715180414
25.743000000000002	389.76115197968323
24.609	385.7607338227025
24.0	381.74255305208465
23.547	377.7205107629225
23.166	373.69135987182835
22.83	369.6680733461408
22.518	365.6484508368753
22.224	361.6428642662039
21.936	357.60912896659545
21.648	353.57029611949724
21.36	349.56001626832466
21.060000000000002	345.5349892057714
20.738999999999997	341.5082029421156
20.391	337.50415287792475
19.983	333.47957312255136
19.473	329.46663138170186
18.669	325.4598031992145
14.682	321.45045075609477
13.911000000000001	317.4334156291898
13.457999999999998	313.427307437335
13.116	309.3923674104442
12.84	305.3525728719802
12.608999999999998	301.3144296588401
12.405000000000001	297.30044240488417
12.216000000000001	293.24030701576726
12.041999999999998	289.1882481778836
11.879999999999999	285.12256357993465
11.73	281.12044923867126
11.585999999999999	277.10311812930837
11.445	273.0427197639221
11.306999999999999	268.970142365288
11.172	264.8991433726294
11.04	260.8413369156105
10.911000000000001	256.8193292404619
10.782	252.7742727706364
10.652999999999999	248.74754406241019
10.521	244.68585719513152
10.386	240.62232631834584
10.248000000000001	236.58177041231195
10.104	232.50777376562695
9.954	228.45509509175298
9.794999999999998	224.43136757982398
9.620999999999999	220.41900682696044
9.422999999999998	216.4036636096594
9.186	212.3917477546645
8.861999999999998	208.3651495528771
7.379999999999999	204.35931561427722
6.84	200.3427044722777
6.596999999999998	196.30025157828035
6.419999999999998	192.2437949395522
6.276	188.18172734675946
6.152999999999999	184.15446089729207
6.041999999999998	180.08444910035857
5.939999999999998	175.99043678146225
5.846999999999998	171.97115610889958
5.756999999999998	167.82920693946124
5.672999999999998	163.74760317698744
5.591999999999999	159.62471349682573
5.513999999999999	155.49395485724253
5.439	151.3887328924368
5.367000000000001	147.34079361579865
5.294999999999998	143.2047691846812
5.225999999999999	139.17384225106426
5.157	135.09154431111227
5.088000000000001	130.97152601348304
5.018999999999998	126.82723107829283
4.949999999999999	122.67260803459274
4.881	118.52287342856665
4.812000000000001	114.39499320969152
4.7429999999999986	110.30763793204437
4.6739999999999995	106.28056008310224
4.602	102.16407375841857
0.0	0.0
&  cycle # 3, chisq = 21882.8458097715, e = 27.54703632815589
30.0	315.34431716844006
29.961	311.3026390649731
29.916	307.2671883413601
29.862	303.18885480338434
29.796	299.16964507309945
29.709	295.16244770656726
29.577	291.1529557494149
29.262	287.1421158232139
26.469	283.1377531391154
24.819	279.135998570308
18.585	275.13524730241755
17.157	271.13096131789285
12.579	267.1288237677792
11.556000000000001	263.1142561916585
11.079	259.0995701037668
10.745999999999999	255.07463106228874
10.479	251.07371775425997
10.248000000000001	247.0582832218001
10.044	243.05808145065427
9.855	238.9949420363848
9.678	234.9394132216045
9.509999999999998	230.91719795832554
9.347999999999999	226.90775363251151
9.189	222.87544649830332
9.033000000000001	218.87405089039288
8.873999999999999	214.82074003491547
8.712	210.79154756869747
8.544	206.7815077158956
8.364	202.73175979389603
8.169	198.71828116798815
7.943999999999999	194.7161799556328
7.652999999999999	190.71470057259012
7.065000000000001	186.7077737071684
5.835000000000001	182.66560111179533
5.619	178.62518630933653
5.471999999999998	174.5657348302203
5.3580000000000005	170.5616271519217
5.2620000000000005	166.5535802732186
5.178000000000001	162.53582717475024
5.102999999999998	158.52216562501215
5.033999999999999	154.45646868891018
4.971	150.41890445972905
4.910999999999998	146.2750852917719
4.853999999999999	142.0618062226393
4.803000000000001	138.05944962033053
4.751999999999999	133.83487089615375
4.704000000000001	129.65441188418603
4.658999999999999	125.55459096023567
4.614000000000001	121.27969158532343
4.571999999999999	117.13174986942495
4.530000000000001	112.83120270891557
4.491	108.7011790058059
4.451999999999998	104.43954282661262
4.416	100.38891819104046
0.0	0.0
&  cycle # 4, chisq = 21802.086311063293, e = 27.54703632815589
30.0	363.63977074476253
29.526	359.6395850862885
28.734	355.6343790364669
28.344	351.63091717786006
28.089	347.62257754380414
27.887999999999998	343.573657269296
27.72	339.57137991991993
27.57	335.53615556211645
27.432	331.48420127967086
27.303	327.43234011150145
27.18	323.3560641202765
27.063	319.3235792379215
26.948999999999998	315.29267837472463
26.835	311.1972923653335
26.724	307.1734859337928
26.613	303.14076573603444
26.502	299.13424932631517
26.387999999999998	295.0874913007671
26.271	291.0418964954928
26.151	287.031704178129
26.025	282.9964090322107
25.893	278.99520217141327
25.749	274.93955491678463
25.59	270.8743785177953
25.413	266.87024135571033
25.203	262.83716816210784
24.933	258.80617381241115
24.509999999999998	254.79436023806727
21.993000000000002	250.79356602791714
20.658	246.78801740583955
14.847	242.7879886156237
12.428999999999998	238.77815930671764
11.777999999999999	234.76148395100387
11.192999999999998	230.75693526694818
10.475999999999999	226.74595247457466
8.268	222.73678451593904
7.850999999999999	218.70550813281676
7.605	214.69586367497587
7.4190000000000005	210.64514649407545
7.265999999999998	206.58079873408442
7.134	202.51492744023966
7.0169999999999995	198.45849681363703
6.911999999999999	194.43830825296055
6.815999999999999	190.43415077288444
6.725999999999999	186.3861141327795
6.6419999999999995	182.34722784815636
6.561	178.2141240080689
6.486000000000001	174.18041302218515
6.413999999999998	170.12347231335224
6.344999999999999	166.0678513900643
6.279	162.0360289762045
6.213000000000001	157.8553756840342
6.149999999999999	153.72579157513505
6.09	149.6665862800352
6.030000000000001	145.48457069295088
5.972999999999999	141.39897488872526
5.916	137.2055121023935
5.861999999999998	133.13580245393763
5.808	128.9748791185849
5.756999999999998	124.96455350155837
5.7059999999999995	120.87919134514962
5.655000000000001	116.72192593188231
5.603999999999999	112.49567952707686
5.556000000000001	108.45734995170675
5.507999999999999	104.36208632764863
5.460000000000001	100.21151629404629
0.0	0.0
&  cycle # 5, chisq = 22303.93390906006, e = 27.54703632815589
