  10.7773284520154  0.056189318103994274
  4.557158840553432  0.04971469385713785
  3.1729973599811747  0.02455456371069386
  6.763142544668542  0.03800389513974439
  5.939974519367058  0.03450703722337355
  4.253368063615395  0.02719967983009388
  9.650953107388535  0.057433292665056146
  7.920567238892875  0.0515612664970612
  5.769562441018269  0.032188655119419506
  13.0419957178706  0.06728890507663025
  10.286033197603192  0.06091166572922334
  7.39389263321141  0.03959707174376389
  14.074243256072712  0.07170033604358517
  11.652315582595843  0.06158890987034181
  9.457309542267398  0.05815952403179503
  18.733863609103462  0.09552416244452423
  14.649173369263009  0.09022049504425785
  11.429975442287644  0.05915726746942398
  19.29791517303558  0.09875230856275619
  12.174569359692828  0.06303500996770853
  8.295297341191516  0.04857379853559981
  13.001232815142286  0.07144321797414567
  8.748065054393592  0.047870797628222266
  6.1295069777070506  0.034275108242154295
  11.100972920620524  0.06047376887008087
  8.433904764159172  0.045573805651075994
  6.988026950073705  0.037130667506736145
  16.627824952239774  0.08934473543674519
  17.447678346502308  0.08871991820238319
  14.833590939772359  0.08247805153920283
  28.099386859134054  0.14326886835379504
  17.24075901975106  0.08753354994406586
  11.865302863965198  0.06206534739248315
  18.71949812372766  0.09430260604584505
  16.16617329481891  0.08231680450075458
  14.250478599248964  0.0731946620249275
  31.116118442900607  0.1576772031843373
  24.982300623517897  0.12657220757703666
  19.538689194660922  0.09949510097741011
  40.82239295878936  0.20532904108433356
  28.122803101922198  0.1420879017247857
  21.09794620267138  0.10709835175554944
  67.78792900952267  0.34043930575204384
  47.91257124535135  0.24434540740780933
  33.86396731994693  0.17008485639555063
  91.53653416949867  0.4597236589722105
  49.70161101891276  0.24982663514022954
  20.662975908591594  0.10531082208058988
  15.228948367233434  0.07781665610609767
  2.508752383152227  0.017732536109911854
  0.9544682472314422  0.017527380269087293
  1.1122700857147882  0.013606306912357372
  0.6991742004808347  0.017233824969706758
  0.47396070998955553  0.014938990862994335
  0.6789623075912575  0.019533377375356726
  0.36351538354050056  0.016052528630076952
  0.21294516605089703  0.010199205865804096
  0.36954101699819714  0.011372177806262653
  0.22628525766068708  0.01696416017185051
  0.12260796221874318  0.013255041411793718
  0.0970214772299714  0.00954519497527435
  0.08855260201918275  0.014672438356318603
  0.0749163003980226  0.01341646664377851
  0.06752157095449704  0.014589702034412063
  0.04641915678474252  0.015703009937248665
  0.04029432831372731  0.018043446839708845
  0.05263906654754748  0.014171517015913983
  0.016677062402119816  0.014865350787037665