4.487265042458673
0.535451261361231
0.4892406966135072
0.3557893584937595
0.24900107754784176
0.2807765322412656
0.24869488924559127
0.17204898221648077
0.15556493749030406
0.26756674769819766
0.1440681188248052
0.16070811705278892
0.3159047437171002
0.08330509152168228
0.08067591660150326
0.12389394809605923
0.07521210087850737
0.11593652074281446
0.18444576866983384
0.1319290894865698
0.13321842170162787
0.11568704317558345
0.13839870719834338
0.15002572061943578
0.15813763995490338
0.17099996086706237
0.2170162475586659
0.2059771911463223
0.17966533258246953
0.15929620266168598
0.15792614493144555
0.11294968990120366
0.13191474059604846
0.17157303204098662
0.12338986113817091
0.12740284121514045
0.15111662779127982
0.14259622772350805
0.1399521663266217
0.1454785342882032
0.15256716660788944
0.16042068347644733
0.13185050807515564
0.14554857594069504
0.15534394849883318
0.11606810435289658
0.11443531367722004
0.12924699822690575
0.14185518826348822
0.3357298718721696
0.8146562060742358
0.7298444508969119
1.3229235951566185
1.7806123605495459
1.3790207748800343
2.157632655502371
4.069887841458643
2.8489519061769113
3.887568406920365
5.985981894353698
7.994559980524227
10.61624420220715
12.162987214655113
11.22637494404241
19.253739955704418
19.22796157332172
14.612676204124314
61.54603240172733