68
275.13
384.0
684.13
4225.0
746.13
1825.0
748.13
1829.0
776.13
1824.0
786.13
1827.0
786.13
1826.0
819.13
1828.0
828.13
1826.0
828.13
1828.0
863.13
1822.0
871.13
1829.0
871.13
1824.0
909.13
1828.0
916.13
1824.0
916.13
1828.0
957.13
1826.0
963.13
1827.0
963.13
1828.0
1006.13
1825.0
1010.13
1826.0
1010.13
1829.0
1057.13
1825.0
1061.13
1828.0
1061.13
1828.0
1108.13
1826.0
1110.13
1829.0
1110.13
1828.0
1161.13
1826.0
1163.13
1825.0
1163.13
1825.0
1214.13
1826.0
1214.13
1826.0
1214.13
1827.0
1265.13
1825.0
1266.13
1826.0
1266.13
1828.0
1317.13
1823.0
1317.13
1826.0
1317.13
1824.0
1366.13
1828.0
1366.13
1827.0
1366.13
1829.0
1421.13
1823.0
1421.13
1827.0
1421.13
1826.0
1473.13
1827.0
1473.13
1827.0
1473.13
1827.0
1523.13
1826.0
1523.13
1827.0
1523.13
1824.0
1578.13
1826.0
1578.13
1824.0
1578.13
1827.0
1629.13
1824.0
1629.13
1825.0
1629.13
1826.0
1681.13
1826.0
1681.13
1826.0
1681.13
1827.0
1681.13
1824.0
1681.13
1828.0
1681.13
1823.0
1681.13
1827.0
1681.13
1824.0
1681.13
1826.0
1681.13
1826.0