1,409,70.43,2.298579829,0.011031211,0.189041473,777.296233,3.175848756,,777.296233,3.175848756
2,471,30.48,1.575006537,0.014449204,0.318574305,30.92142415,0.68043734,,30.92142415,0.68043734
3,473,30.47,1.212526867,0.011885691,0.41829582,20.40781606,0.789295811,,20.40781606,0.789295811
4,501,30.38,4.068475234,0.021055483,0.752898317,121.2839732,0.672932255,,121.2839732,0.672932255
5,511,30.5,3.983546622,0.009909974,1.080516053,17.43273049,0.199005454,,17.43273049,0.199005454
6,511,30.43,2.722445116,0.010932366,1.304417362,11.42530945,0.287190806,,11.42530945,0.287190806
7,544,30.47,7.466607421,0.020184475,1.918491515,51.13994181,0.208296974,,51.13994181,0.208296974
8,553,30.43,6.192368981,0.021076622,2.427768825,10.01197177,0.125032998,,10.01197177,0.125032998
9,553,30.47,4.462854802,0.010715195,2.794806172,8.432587423,0.179714183,,8.432587423,0.179714183
10,588,30.43,11.07163963,0.072622452,3.705368004,24.16091075,0.318163336,,24.16091075,0.318163336
11,596,30.45,8.570012735,0.034040069,4.410189219,8.098870752,0.109129278,,8.098870752,0.109129278
12,596,30.47,5.390693277,0.022535122,4.853534532,6.890578968,0.145451794,,6.890578968,0.145451794
13,634,30.48,14.31302157,0.039837751,6.030676453,13.24053696,0.088412584,,13.24053696,0.088412584
14,641,30.48,13.36374519,0.015564513,7.129747296,7.392231943,0.061876481,,7.392231943,0.061876481
15,641,30.48,9.869086715,0.029443104,7.941407896,6.818457008,0.074561869,,6.818457008,0.074561869
16,682,30.43,22.42340412,0.019774698,9.785569792,11.08652879,0.049244151,,11.08652879,0.049244151
17,688,30.5,21.36388728,0.016059634,11.54259413,6.466149313,0.035238101,,6.466149313,0.035238101
18,688,30.47,18.45750744,0.019121428,13.06058987,6.398454019,0.040806457,,6.398454019,0.040806457
19,732,30.53,35.81999487,0.030039352,16.00652392,9.697706202,0.031899402,,9.697706202,0.031899402
20,735,30.45,29.17324878,0.026643708,18.40581144,7.419050089,0.030750769,,7.419050089,0.030750769
21,735,30.43,22.74668053,0.017966903,20.27656047,9.596246172,0.044004335,,9.596246172,0.044004335
22,782,30.45,43.47463559,0.034595448,23.85203304,12.15288458,0.038201767,,12.15288458,0.038201767
23,786,30.45,28.38770729,0.022992292,26.18671549,10.53940507,0.03356402,,10.53940507,0.03356402
24,786,30.47,18.29815744,0.012882635,27.69160586,10.54722263,0.051059837,,10.54722263,0.051059837
25,833,30.47,27.39186538,0.031360533,29.94438755,11.0793162,0.042490059,,11.0793162,0.042490059
26,835,30.47,18.31932911,0.017823088,31.45101913,12.25761535,0.06565753,,12.25761535,0.06565753
27,835,30.42,12.65706768,0.01523572,32.49197089,14.54820777,0.09267643,,14.54820777,0.09267643
28,886,30.5,20.89998042,0.014146531,34.21084226,15.93056525,0.060290388,,15.93056525,0.060290388
29,888,30.5,15.15286888,0.018545334,35.45705552,18.51816604,0.061689766,,18.51816604,0.061689766
30,888,30.47,11.64710579,0.010230236,36.41494525,19.86022109,0.07598151,,19.86022109,0.07598151
31,939,30.43,24.36063135,0.027263735,38.41843,17.93948976,0.054610928,,17.93948976,0.054610928
32,939,30.48,27.64197164,0.032171298,40.69178112,16.01481628,0.033589792,,16.01481628,0.033589792
33,939,30.45,22.03466215,0.014985527,42.50397181,14.30578446,0.052696191,,14.30578446,0.052696191
34,990,30.43,39.19863312,0.036209087,45.72777428,14.29129411,0.035137578,,14.29129411,0.035137578
35,991,30.42,20.24576919,0.019058522,47.39284154,13.18516569,0.044102388,,13.18516569,0.044102388
36,991,30.55,12.56811709,0.018221921,48.42647776,12.99807232,0.072339937,,12.99807232,0.072339937
37,1042,30.43,23.83508591,0.01904773,50.38674021,14.13622367,0.050300646,,14.13622367,0.050300646
38,1042,30.45,18.81012459,0.046186309,51.93373615,13.6970373,0.06881857,,13.6970373,0.06881857
39,1042,30.47,13.61008234,0.014302485,53.05306643,13.10653118,0.06747002,,13.10653118,0.06747002
40,1091,30.48,33.7124789,0.036163889,55.82567262,15.11491884,0.035975277,,15.11491884,0.035975277
41,1091,30.47,54.82383666,0.0373361,60.33453443,15.09940554,0.023221665,,15.09940554,0.023221665
42,1091,30.47,36.11316944,0.028652275,63.30457995,13.49622509,0.028724478,,13.49622509,0.028724478
43,1146,30.48,57.20790277,0.039546018,68.00951386,15.93049178,0.028407613,,15.93049178,0.028407613
44,1146,30.5,39.37260618,0.028455333,71.24762435,16.39531831,0.040316487,,16.39531831,0.040316487
45,1146,30.45,31.20847341,0.028645569,73.8142943,16.40615702,0.032526382,,16.40615702,0.032526382
46,1198,30.47,111.1887715,0.054943097,82.95876204,16.28195331,0.018862495,,16.28195331,0.018862495
47,1198,30.43,72.81828498,0.062133876,88.94753634,14.27148361,0.026200268,,14.27148361,0.026200268
48,1198,30.5,45.52349595,0.041746069,92.69151278,13.41653313,0.026601617,,13.41653313,0.026601617
49,1248,30.48,65.12095616,0.03929488,98.04723777,12.83465717,0.017001827,,12.83465717,0.017001827
50,1248,30.47,14.4051537,0.013972568,99.23195689,12.85625366,0.060493691,,12.85625366,0.060493691
51,1248,30.47,3.136514849,0.017922096,99.48991242,14.39053287,0.242458065,,14.39053287,0.242458065
52,1303,30.47,2.237935161,0.012728504,99.67396631,15.40485426,0.406120722,,15.40485426,0.406120722
53,1303,30.45,0.932380868,0.01135287,99.75064786,16.9977229,0.958680624,,16.9977229,0.958680624
54,1303,30.47,0.569861856,0.013200083,99.79751485,18.37697737,1.569563008,,18.37697737,1.569563008
55,1354,30.48,0.98421089,0.015958474,99.87845904,15.69106353,1.084088838,,15.69106353,1.084088838
56,1354,30.47,0.490533342,0.0161635,99.91880184,23.33868383,1.911146965,,23.33868383,1.911146965
57,1354,30.45,0.222192074,0.007910424,99.93707552,25.64887331,4.839371761,,25.64887331,4.839371761
58,1406,30.43,0.395911645,0.009776083,99.96963637,32.65429292,2.741219033,,32.65429292,2.741219033
59,1406,30.47,0.230089627,0.015794902,99.98855957,32.95634443,4.532806943,,32.95634443,4.532806943
60,1406,30.48,0.139105644,0.009914304,99.99999999,59.78501714,8.255990895,,59.78501714,8.255990895
