  60
   682.14999999999998     
   70.430000000000007     
   744.14999999999998     
   30.480000000000000     
   746.14999999999998     
   30.469999999999999     
   774.14999999999998     
   30.379999999999999     
   784.14999999999998     
   30.500000000000000     
   784.14999999999998     
   30.430000000000000     
   817.14999999999998     
   30.469999999999999     
   826.14999999999998     
   30.430000000000000     
   826.14999999999998     
   30.469999999999999     
   861.14999999999998     
   30.430000000000000     
   869.14999999999998     
   30.449999999999999     
   869.14999999999998     
   30.469999999999999     
   907.14999999999998     
   30.480000000000000     
   914.14999999999998     
   30.480000000000000     
   914.14999999999998     
   30.480000000000000     
   955.14999999999998     
   30.430000000000000     
   961.14999999999998     
   30.500000000000000     
   961.14999999999998     
   30.469999999999999     
   1005.1500000000000     
   30.530000000000001     
   1008.1500000000000     
   30.449999999999999     
   1008.1500000000000     
   30.430000000000000     
   1055.1500000000001     
   30.449999999999999     
   1059.1500000000001     
   30.449999999999999     
   1059.1500000000001     
   30.469999999999999     
   1106.1500000000001     
   30.469999999999999     
   1108.1500000000001     
   30.469999999999999     
   1108.1500000000001     
   30.420000000000002     
   1159.1500000000001     
   30.500000000000000     
   1161.1500000000001     
   30.500000000000000     
   1161.1500000000001     
   30.469999999999999     
   1212.1500000000001     
   30.430000000000000     
   1212.1500000000001     
   30.480000000000000     
   1212.1500000000001     
   30.449999999999999     
   1263.1500000000001     
   30.430000000000000     
   1264.1500000000001     
   30.420000000000002     
   1264.1500000000001     
   30.550000000000001     
   1315.1500000000001     
   30.430000000000000     
   1315.1500000000001     
   30.449999999999999     
   1315.1500000000001     
   30.469999999999999     
   1364.1500000000001     
   30.480000000000000     
   1364.1500000000001     
   30.469999999999999     
   1364.1500000000001     
   30.469999999999999     
   1419.1500000000001     
   30.480000000000000     
   1419.1500000000001     
   30.500000000000000     
   1419.1500000000001     
   30.449999999999999     
   1471.1500000000001     
   30.469999999999999     
   1471.1500000000001     
   30.430000000000000     
   1471.1500000000001     
   30.500000000000000     
   1521.1500000000001     
   30.480000000000000     
   1521.1500000000001     
   30.469999999999999     
   1521.1500000000001     
   30.469999999999999     
   1576.1500000000001     
   30.469999999999999     
   1576.1500000000001     
   30.449999999999999     
   1576.1500000000001     
   30.469999999999999     
   1627.1500000000001     
   30.480000000000000     
   1627.1500000000001     
   30.469999999999999     
   1627.1500000000001     
   30.449999999999999     
   1679.1500000000001     
   30.430000000000000     
   1679.1500000000001     
   30.469999999999999     
   1679.1500000000001     
   30.480000000000000     
