   3.1758487560000002     
  0.68043734000000000     
  0.78929581100000001     
  0.67293225499999998     
  0.19900545400000000     
  0.28719080600000002     
  0.20829697400000000     
  0.12503299800000001     
  0.17971418300000000     
  0.31816333600000002     
  0.10912927800000000     
  0.14545179400000000     
   8.8412584000000002E-002
   6.1876480999999997E-002
   7.4561869000000003E-002
   4.9244151000000000E-002
   3.5238101000000001E-002
   4.0806456999999997E-002
   3.1899402000000000E-002
   3.0750769000000001E-002
   4.4004334999999999E-002
   3.8201766999999998E-002
   3.3564020000000000E-002
   5.1059836999999997E-002
   4.2490058999999997E-002
   6.5657530000000006E-002
   9.2676430000000004E-002
   6.0290388000000000E-002
   6.1689766000000000E-002
   7.5981510000000002E-002
   5.4610928000000003E-002
   3.3589792000000000E-002
   5.2696191000000003E-002
   3.5137578000000003E-002
   4.4102387999999999E-002
   7.2339937000000007E-002
   5.0300645999999997E-002
   6.8818569999999996E-002
   6.7470020000000006E-002
   3.5975277000000000E-002
   2.3221664999999999E-002
   2.8724478000000001E-002
   2.8407613000000002E-002
   4.0316486999999998E-002
   3.2526382000000000E-002
   1.8862495000000000E-002
   2.6200267999999999E-002
   2.6601617000000001E-002
   1.7001827000000001E-002
   6.0493691000000002E-002
  0.24245806500000000     
  0.40612072199999999     
  0.95868062399999998     
   1.5695630080000000     
   1.0840888380000000     
   1.9111469649999999     
   4.8393717609999998     
   2.7412190330000001     
   4.5328069429999998     
   8.2559908950000001     
