   1.8904147299999999E-003
   3.1857430500000002E-003
   4.1829581999999997E-003
   7.5289831699999997E-003
   1.0805160530000000E-002
   1.3044173619999998E-002
   1.9184915149999999E-002
   2.4277688249999999E-002
   2.7948061720000000E-002
   3.7053680040000002E-002
   4.4101892190000005E-002
   4.8535345320000006E-002
   6.0306764530000001E-002
   7.1297472959999997E-002
   7.9414078960000009E-002
   9.7855697919999998E-002
  0.11542594130000000     
  0.13060589870000000     
  0.16006523919999999     
  0.18405811440000000     
  0.20276560469999999     
  0.23852033039999998     
  0.26186715490000001     
  0.27691605860000001     
  0.29944387549999996     
  0.31451019129999996     
  0.32491970889999999     
  0.34210842260000002     
  0.35457055519999997     
  0.36414945250000003     
  0.38418430000000003     
  0.40691781120000003     
  0.42503971810000002     
  0.45727774280000000     
  0.47392841539999997     
  0.48426477759999997     
  0.50386740210000003     
  0.51933736149999998     
  0.53053066430000007     
  0.55825672620000000     
  0.60334534429999997     
  0.63304579949999995     
  0.68009513860000004     
  0.71247624349999994     
  0.73814294300000005     
  0.82958762040000000     
  0.88947536340000000     
  0.92691512779999996     
  0.98047237769999995     
  0.99231956890000006     
  0.99489912419999993     
  0.99673966309999995     
  0.99750647859999997     
  0.99797514850000002     
  0.99878459040000001     
  0.99918801840000004     
  0.99937075519999996     
  0.99969636370000003     
  0.99988559570000002     
  0.99999999990000010     
