       0.62416575E-01	       5.7423649    
       0.24993235    	       6.1941576    
       0.35716381    	       6.3639956    
       0.62605791    	       6.4506381    
       0.90542608    	       6.5350255    
        1.1165710    	       6.5876718    
        1.7734557    	       6.6486445    
        2.4209765    	       6.7048659    
        2.8847852    	       6.7452518    
        3.8980488    	       6.8514036    
        4.4855723    	       7.1252793    
        4.8636219    	       7.3528624    
        5.9387403    	       7.5463697    
        6.9300883    	       7.7345751    
        7.7257358    	       7.8648019    
        9.9334265    	       8.0724297    
        11.667166    	       8.4036795    
        12.915497    	       8.7170554    
        16.035597    	       9.1301918    
        18.370278    	       9.4500705    
        20.134861    	       9.6435192    
        23.968576    	       10.038985    
        26.159491    	       10.737748    
        27.535856    	       11.287814    
        30.028281    	       11.811422    
        31.398077    	       12.397521    
        32.268508    	       12.945990    
        34.026466    	       13.591739    
        35.377782    	       13.949810    
        36.517274    	       14.048009    
        39.079591    	       14.128253    
        40.977026    	       14.211487    
        42.433254    	       14.288893    
        45.028401    	       14.428779    
        46.735390    	       14.643559    
        48.023650    	       14.818430    
        50.422018    	       14.986273    
        52.369866    	       15.106224    
        54.075606    	       15.170009    
        57.305769    	       15.234600    
        60.062267    	       15.294929    
        62.507202    	       15.333610    
 &  cycle #   2 chisq =   106175.876 E =  57.54
       0.62416575E-01	       4.3934345    
       0.24993235    	       4.9228015    
       0.35716381    	       5.1304940    
       0.62605791    	       5.2446719    
       0.90542608    	       5.3565247    
        1.1165710    	       5.4267086    
        1.7734557    	       5.5086094    
        2.4209765    	       5.5851820    
        2.8847852    	       5.6413054    
        3.8980488    	       5.7900829    
        4.4855723    	       6.1752773    
        4.8636219    	       6.4968270    
        5.9387403    	       6.7727000    
        6.9300883    	       7.0420682    
        7.7257358    	       7.2280497    
        9.9334265    	       7.5223826    
        11.667166    	       7.9873292    
        12.915497    	       8.4216212    
        16.035597    	       8.9759989    
        18.370278    	       9.3685939    
        20.134861    	       9.5753314    
        23.968576    	       9.9771553    
        26.159491    	       10.672711    
        27.535856    	       11.210291    
        30.028281    	       11.703090    
        31.398077    	       12.229468    
        32.268508    	       12.718100    
        34.026466    	       13.300625    
        35.377782    	       13.634662    
        36.517274    	       13.734548    
        39.079591    	       13.825060    
        40.977026    	       13.927867    
        42.433254    	       14.027856    
        45.028401    	       14.211875    
        46.735390    	       14.497848    
        48.023650    	       14.733777    
        50.422018    	       14.965184    
        52.369866    	       15.136310    
        54.075606    	       15.230719    
        57.305769    	       15.328242    
        60.062267    	       15.420365    
        62.507202    	       15.479858    
 &  cycle #   3 chisq =   111700.570 E =  57.54
       0.62416575E-01	       4.7065688    
       0.24993235    	       6.3358282    
       0.35716381    	       6.7016183    
       0.62605791    	       6.8641369    
       0.90542608    	       7.0048842    
        1.1165710    	       7.0860005    
        1.7734557    	       7.1740420    
        2.4209765    	       7.2483617    
        2.8847852    	       7.2952316    
        3.8980488    	       7.4115859    
        4.4855723    	       7.7048066    
        4.8636219    	       7.9404942    
        5.9387403    	       8.1252182    
        6.9300883    	       8.2914798    
        7.7257358    	       8.3993845    
        9.9334265    	       8.5608017    
        11.667166    	       8.8099695    
        12.915497    	       9.0431519    
        16.035597    	       9.3509439    
        18.370278    	       9.5932209    
        20.134861    	       9.7446761    
        23.968576    	       10.062066    
        26.159491    	       10.637142    
        27.535856    	       11.109548    
        30.028281    	       11.612785    
        31.398077    	       12.258502    
        32.268508    	       12.888167    
        34.026466    	       13.637734    
        35.377782    	       14.060420    
        36.517274    	       14.178615    
        39.079591    	       14.273508    
        40.977026    	       14.368900    
        42.433254    	       14.455895    
        45.028401    	       14.611684    
        46.735390    	       14.849448    
        48.023650    	       15.041816    
        50.422018    	       15.224622    
        52.369866    	       15.353249    
        54.075606    	       15.420532    
        57.305769    	       15.488126    
        60.062267    	       15.551015    
        62.507202    	       15.591244    
 &  cycle #   6 chisq =   107508.237 E =  57.54
       0.62416575E-01	       7.7468303    
       0.24993235    	       8.4232481    
       0.35716381    	       8.6633920    
       0.62605791    	       8.7875313    
       0.90542608    	       8.9012455    
        1.1165710    	       8.9682233    
        1.7734557    	       9.0407724    
        2.4209765    	       9.1001565    
        2.8847852    	       9.1351300    
        3.8980488    	       9.2185325    
        4.4855723    	       9.4242312    
        4.8636219    	       9.5840124    
        5.9387403    	       9.6977300    
        6.9300883    	       9.7891988    
        7.7257358    	       9.8421752    
        9.9334265    	       9.9110114    
        11.667166    	       10.007630    
        12.915497    	       10.093416    
        16.035597    	       10.199430    
        18.370278    	       10.270763    
        20.134861    	       10.306258    
        23.968576    	       10.376921    
        26.159491    	       10.506820    
        27.535856    	       10.619807    
        30.028281    	       10.760727    
        31.398077    	       10.975294    
        32.268508    	       11.201669    
        34.026466    	       11.498231    
        35.377782    	       11.706862    
        36.517274    	       11.799438    
        39.079591    	       11.917569    
        40.977026    	       12.086197    
        42.433254    	       12.267878    
        45.028401    	       12.619087    
        46.735390    	       13.187178    
        48.023650    	       13.679291    
        50.422018    	       14.202442    
        52.369866    	       14.637915    
        54.075606    	       14.907968    
        57.305769    	       15.205166    
        60.062267    	       15.496513    
        62.507202    	       15.689197    
 &  cycle #   9 chisq =   139379.491 E =  57.54
       0.62416575E-01	       4.7857206    
       0.24993235    	       5.4959504    
       0.35716381    	       5.7685424    
       0.62605791    	       5.9216894    
       0.90542608    	       6.0674505    
        1.1165710    	       6.1565065    
        1.7734557    	       6.2572192    
        2.4209765    	       6.3463372    
        2.8847852    	       6.4064627    
        3.8980488    	       6.5600043    
        4.4855723    	       6.9505201    
        4.8636219    	       7.2679697    
        5.9387403    	       7.5230110    
        6.9300883    	       7.7565603    
        7.7257358    	       7.9091185    
        9.9334265    	       8.1373846    
        11.667166    	       8.4875789    
        12.915497    	       8.8116349    
        16.035597    	       9.2262586    
        18.370278    	       9.5256146    
        20.134861    	       9.6900416    
        23.968576    	       10.018469    
        26.159491    	       10.599530    
        27.535856    	       11.063827    
        30.028281    	       11.529566    
        31.398077    	       12.091018    
        32.268508    	       12.633051    
        34.026466    	       13.286708    
        35.377782    	       13.668695    
        36.517274    	       13.785991    
        39.079591    	       13.892335    
        40.977026    	       14.012123    
        42.433254    	       14.127939    
        45.028401    	       14.340376    
        46.735390    	       14.669702    
        48.023650    	       14.940666    
        50.422018    	       15.205325    
        52.369866    	       15.399854    
        54.075606    	       15.506552    
        57.305769    	       15.616500    
        60.062267    	       15.720254    
        62.507202    	       15.787224    
 &  cycle #  11 chisq =   112840.792 E =  57.54
       0.55978299E-01	       5.4991552    
       0.19493646    	       6.8266525    
       0.27643289    	       7.2207479    
       0.46336969    	       7.4785817    
       0.65539598    	       7.7247629    
       0.80245148    	       7.8831325    
        1.2178671    	       8.0727173    
        1.6359231    	       8.2769262    
        1.9674717    	       8.4117393    
        2.8738617    	       8.5705624    
        3.7529394    	       8.7276027    
        4.4598925    	       8.8166676    
        6.2917363    	       8.9109958    
        7.7369530    	       9.0470918    
        8.6875755    	       9.2118931    
        10.527820    	       9.5403887    
        11.870909    	       9.9114450    
        12.946238    	       10.059882    
        15.740472    	       10.182848    
        18.049031    	       10.272214    
        19.922431    	       10.309716    
        24.070694    	       10.358048    
        26.628884    	       10.458326    
        28.103989    	       10.614419    
        30.070206    	       11.009207    
        31.099522    	       11.645106    
        31.890201    	       11.929482    
        33.711921    	       12.110343    
        35.237042    	       12.256091    
        36.527316    	       12.350850    
        39.162476    	       12.483521    
        41.091828    	       12.682315    
        42.559528    	       12.898105    
        45.012431    	       13.275336    
        46.702129    	       13.815690    
        48.028165    	       14.235650    
        50.412008    	       14.633597    
        52.397612    	       14.950740    
        54.152540    	       15.147619    
        57.296985    	       15.352260    
        60.014703    	       15.544593    
        62.439676    	       15.670835    
 &  cycle #   1 chisq =   183007.955 E =  52.60
       0.55978299E-01	       5.5373521    
       0.19493646    	       7.5562921    
       0.27643289    	       7.9744756    
       0.46336969    	       8.1820274    
       0.65539598    	       8.3620915    
       0.80245148    	       8.4718746    
        1.2178671    	       8.5994838    
        1.6359231    	       8.7348485    
        1.9674717    	       8.8236943    
        2.8738617    	       8.9287501    
        3.7529394    	       9.0340329    
        4.4598925    	       9.0955336    
        6.2917363    	       9.1650200    
        7.7369530    	       9.2714093    
        8.6875755    	       9.4035842    
        10.527820    	       9.6724947    
        11.870909    	       9.9864056    
        12.946238    	       10.121201    
        15.740472    	       10.242002    
        18.049031    	       10.337120    
        19.922431    	       10.384513    
        24.070694    	       10.458919    
        26.628884    	       10.622185    
        28.103989    	       10.877946    
        30.070206    	       11.521919    
        31.099522    	       12.546391    
        31.890201    	       12.987455    
        33.711921    	       13.238258    
        35.237042    	       13.409166    
        36.527316    	       13.496853    
        39.162476    	       13.591232    
        41.091828    	       13.711470    
        42.559528    	       13.832248    
        45.012431    	       14.033693    
        46.702129    	       14.309900    
        48.028165    	       14.512472    
        50.412008    	       14.686982    
        52.397612    	       14.808502    
        54.152540    	       14.874880    
        57.296985    	       14.939143    
        60.014703    	       14.996626    
        62.439676    	       15.032451    
 &  cycle #   2 chisq =   166301.723 E =  52.60
       0.55978299E-01	       5.8483439    
       0.19493646    	       6.5194898    
       0.27643289    	       6.6657675    
       0.46336969    	       6.7681901    
       0.65539598    	       6.8734628    
       0.80245148    	       6.9459255    
        1.2178671    	       7.0389689    
        1.6359231    	       7.1467824    
        1.9674717    	       7.2235884    
        2.8738617    	       7.3222249    
        3.7529394    	       7.4304098    
        4.4598925    	       7.5017551    
        6.2917363    	       7.5993044    
        7.7369530    	       7.7701441    
        8.6875755    	       7.9927840    
        10.527820    	       8.4607554    
        11.870909    	       9.0325612    
        12.946238    	       9.2983870    
        15.740472    	       9.5477040    
        18.049031    	       9.7390406    
        19.922431    	       9.8247306    
        24.070694    	       9.9414245    
        26.628884    	       10.182795    
        28.103989    	       10.552057    
        30.070206    	       11.460941    
        31.099522    	       12.861391    
        31.890201    	       13.421588    
        33.711921    	       13.695987    
        35.237042    	       13.865621    
        36.527316    	       13.949111    
        39.162476    	       14.036574    
        41.091828    	       14.147090    
        42.559528    	       14.258347    
        45.012431    	       14.444792    
        46.702129    	       14.701937    
        48.028165    	       14.892170    
        50.412008    	       15.058574    
        52.397612    	       15.177202    
        54.152540    	       15.243578    
        57.296985    	       15.308700    
        60.014703    	       15.367436    
        62.439676    	       15.404322    
 &  cycle #   3 chisq =   164118.200 E =  52.60
       0.55978299E-01	       7.3428483    
       0.19493646    	       8.1228721    
       0.27643289    	       8.2981728    
       0.46336969    	       8.4114306    
       0.65539598    	       8.5204923    
       0.80245148    	       8.5911411    
        1.2178671    	       8.6762599    
        1.6359231    	       8.7685120    
        1.9674717    	       8.8297837    
        2.8738617    	       8.9024264    
        3.7529394    	       8.9747740    
        4.4598925    	       9.0162429    
        6.2917363    	       9.0610743    
        7.7369530    	       9.1269790    
        8.6875755    	       9.2074080    
        10.527820    	       9.3686688    
        11.870909    	       9.5525662    
        12.946238    	       9.6277502    
        15.740472    	       9.6918516    
        18.049031    	       9.7403147    
        19.922431    	       9.7627558    
        24.070694    	       9.7956846    
        26.628884    	       9.8673525    
        28.103989    	       9.9807948    
        30.070206    	       10.272950    
        31.099522    	       10.757175    
        31.890201    	       10.989258    
        33.711921    	       11.160243    
        35.237042    	       11.319722    
        36.527316    	       11.439336    
        39.162476    	       11.627177    
        41.091828    	       11.925572    
        42.559528    	       12.258944    
        45.012431    	       12.854336    
        46.702129    	       13.726970    
        48.028165    	       14.426709    
        50.412008    	       15.122647    
        52.397612    	       15.711453    
        54.152540    	       16.094879    
        57.296985    	       16.501797    
        60.014703    	       16.886935    
        62.439676    	       17.139174    
 &  cycle #   5 chisq =   212274.823 E =  52.60
       0.55978299E-01	       5.4993402    
       0.19493646    	       7.3829616    
       0.27643289    	       7.7508417    
       0.46336969    	       7.9526866    
       0.65539598    	       8.1346970    
       0.80245148    	       8.2480495    
        1.2178671    	       8.3813520    
        1.6359231    	       8.5237333    
        1.9674717    	       8.6175831    
        2.8738617    	       8.7288252    
        3.7529394    	       8.8404683    
        4.4598925    	       8.9057538    
        6.2917363    	       8.9796100    
        7.7369530    	       9.0927969    
        8.6875755    	       9.2334630    
        10.527820    	       9.5197002    
        11.870909    	       9.8538963    
        12.946238    	       9.9974110    
        15.740472    	       10.125867    
        18.049031    	       10.226603    
        19.922431    	       10.276288    
        24.070694    	       10.353419    
        26.628884    	       10.521953    
        28.103989    	       10.785467    
        30.070206    	       11.447530    
        31.099522    	       12.497471    
        31.890201    	       12.946364    
        33.711921    	       13.198528    
        35.237042    	       13.369566    
        36.527316    	       13.457646    
        39.162476    	       13.553274    
        41.091828    	       13.676080    
        42.559528    	       13.800053    
        45.012431    	       14.007556    
        46.702129    	       14.293064    
        48.028165    	       14.503474    
        50.412008    	       14.686279    
        52.397612    	       14.815267    
        54.152540    	       14.886704    
        57.296985    	       14.956424    
        60.014703    	       15.019130    
        62.439676    	       15.058432    
 &  cycle #   6 chisq =   166057.665 E =  52.60
       0.54027472E-01	       5.8403125    
       0.22743697    	       6.2550830    
       0.32570367    	       6.4232119    
       0.57445599    	       6.5088676    
       0.82403759    	       6.5984351    
        1.0094718    	       6.6545156    
        1.6053951    	       6.7202487    
        2.2053282    	       6.7838420    
        2.6613728    	       6.8182726    
        3.8392000    	       6.8799964    
        4.5466369    	       7.0544955    
        4.9206958    	       7.3093916    
        5.8351511    	       7.6338904    
        6.6531323    	       7.8839712    
        7.3102144    	       8.0440815    
        9.2814221    	       8.2715465    
        11.034304    	       8.5149200    
        12.443886    	       8.6668966    
        16.247324    	       8.9081133    
        18.733445    	       9.3347030    
        20.375206    	       9.7977168    
        23.890757    	       10.508727    
        26.228396    	       11.008445    
        27.837275    	       11.180380    
        30.616893    	       11.529997    
        31.887960    	       12.351996    
        32.672488    	       13.095270    
        34.455318    	       13.631062    
        35.889071    	       13.842821    
        37.087183    	       13.914957    
        39.757593    	       13.990327    
        41.607664    	       14.091461    
        42.953495    	       14.198304    
        45.292485    	       14.393985    
        46.825159    	       14.661677    
        48.032573    	       14.829567    
        50.454204    	       14.963099    
        52.459539    	       15.063451    
        54.216849    	       15.126024    
        57.610892    	       15.192938    
        60.493626    	       15.254642    
        63.042066    	       15.292353    
 &  cycle #   2 chisq =   122594.670 E =  59.27
       0.54027472E-01	       4.3834992    
       0.22743697    	       4.8137157    
       0.32570367    	       4.9925748    
       0.57445599    	       5.0883839    
       0.82403759    	       5.1908791    
        1.0094718    	       5.2563456    
        1.6053951    	       5.3351805    
        2.2053282    	       5.4144707    
        2.6613728    	       5.4607000    
        3.8392000    	       5.5507442    
        4.5466369    	       5.8116681    
        4.9206958    	       6.1981041    
        5.8351511    	       6.7050608    
        6.6531323    	       7.1147133    
        7.3102144    	       7.3832324    
        9.2814221    	       7.7637496    
        11.034304    	       8.1582775    
        12.443886    	       8.3864248    
        16.247324    	       8.7084792    
        18.733445    	       9.2435181    
        20.375206    	       9.8113804    
        23.890757    	       10.666681    
        26.228396    	       11.232972    
        27.837275    	       11.385411    
        30.616893    	       11.659715    
        31.887960    	       12.301664    
        32.672488    	       12.885644    
        34.455318    	       13.315870    
        35.889071    	       13.497971    
        37.087183    	       13.568254    
        39.757593    	       13.652155    
        41.607664    	       13.774245    
        42.953495    	       13.907310    
        45.292485    	       14.155094    
        46.825159    	       14.499778    
        48.032573    	       14.721693    
        50.454204    	       14.906459    
        52.459539    	       15.052678    
        54.216849    	       15.147026    
        57.610892    	       15.249953    
        60.493626    	       15.346456    
        63.042066    	       15.406464    
 &  cycle #   3 chisq =   128929.289 E =  59.27
       0.54027472E-01	       5.5351391    
       0.22743697    	       6.1521674    
       0.32570367    	       6.3910435    
       0.57445599    	       6.5205897    
       0.82403759    	       6.6536656    
        1.0094718    	       6.7347734    
        1.6053951    	       6.8268744    
        2.2053282    	       6.9127104    
        2.6613728    	       6.9560877    
        3.8392000    	       7.0274399    
        4.5466369    	       7.2238311    
        4.9206958    	       7.5065757    
        5.8351511    	       7.8548025    
        6.6531323    	       8.1074021    
        7.3102144    	       8.2623208    
        9.2814221    	       8.4762387    
        11.034304    	       8.6994285    
        12.443886    	       8.8350632    
        16.247324    	       9.0450142    
        18.733445    	       9.4136868    
        20.375206    	       9.8143338    
        23.890757    	       10.434663    
        26.228396    	       10.884973    
        27.837275    	       11.058929    
        30.616893    	       11.431479    
        31.887960    	       12.314057    
        32.672488    	       13.116358    
        34.455318    	       13.700958    
        35.889071    	       13.936482    
        37.087183    	       14.017090    
        39.757593    	       14.099889    
        41.607664    	       14.209435    
        42.953495    	       14.324404    
        45.292485    	       14.534167    
        46.825159    	       14.820045    
        48.032573    	       14.998300    
        50.454204    	       15.138654    
        52.459539    	       15.242959    
        54.216849    	       15.307561    
        57.610892    	       15.376436    
        60.493626    	       15.439828    
        63.042066    	       15.478523    
 &  cycle #   6 chisq =   124030.665 E =  59.27
       0.54027472E-01	       8.5752455    
       0.22743697    	       8.9420292    
       0.32570367    	       9.0816294    
       0.57445599    	       9.1430210    
       0.82403759    	       9.2037960    
        1.0094718    	       9.2403817    
        1.6053951    	       9.2812302    
        2.2053282    	       9.3182142    
        2.6613728    	       9.3356658    
        3.8392000    	       9.3615081    
        4.5466369    	       9.4299261    
        4.9206958    	       9.5261621    
        5.8351511    	       9.6380517    
        6.6531323    	       9.7098967    
        7.3102144    	       9.7495816    
        9.2814221    	       9.7998776    
        11.034304    	       9.8473990    
        12.443886    	       9.8723305    
        16.247324    	       9.9042059    
        18.733445    	       9.9557118    
        20.375206    	       10.011060    
        23.890757    	       10.099137    
        26.228396    	       10.171015    
        27.837275    	       10.209891    
        30.616893    	       10.306192    
        31.887960    	       10.548433    
        32.672488    	       10.787080    
        34.455318    	       11.002124    
        35.889071    	       11.143443    
        37.087183    	       11.231979    
        39.757593    	       11.379866    
        41.607664    	       11.633074    
        42.953495    	       11.928084    
        45.292485    	       12.503975    
        46.825159    	       13.350480    
        48.032573    	       13.944754    
        50.454204    	       14.513285    
        52.459539    	       15.030128    
        54.216849    	       15.393301    
        57.610892    	       15.808048    
        60.493626    	       16.208328    
        63.042066    	       16.461282    
 &  cycle #   9 chisq =   170929.983 E =  59.27
       0.54027472E-01	       4.7828417    
       0.22743697    	       5.5302378    
       0.32570367    	       5.8292493    
       0.57445599    	       6.0019438    
       0.82403759    	       6.1814433    
        1.0094718    	       6.2912954    
        1.6053951    	       6.4163555    
        2.2053282    	       6.5329343    
        2.6613728    	       6.5916458    
        3.8392000    	       6.6875491    
        4.5466369    	       6.9504421    
        4.9206958    	       7.3274168    
        5.8351511    	       7.7863162    
        6.6531323    	       8.1102591    
        7.3102144    	       8.3033364    
        9.2814221    	       8.5612697    
        11.034304    	       8.8174083    
        12.443886    	       8.9604551    
        16.247324    	       9.1579306    
        18.733445    	       9.4863930    
        20.375206    	       9.8379580    
        23.890757    	       10.378456    
        26.228396    	       10.765263    
        27.837275    	       10.909370    
        30.616893    	       11.217347    
        31.887960    	       11.955493    
        32.672488    	       12.638576    
        34.455318    	       13.160480    
        35.889071    	       13.397045    
        37.087183    	       13.492389    
        39.757593    	       13.606345    
        41.607664    	       13.771440    
        42.953495    	       13.950665    
        45.292485    	       14.283275    
        46.825159    	       14.744158    
        48.032573    	       15.039096    
        50.454204    	       15.282264    
        52.459539    	       15.472837    
        54.216849    	       15.595192    
        57.610892    	       15.728468    
        60.493626    	       15.853393    
        63.042066    	       15.931153    
 &  cycle #  11 chisq =   134096.328 E =  59.27
       0.54513312E-01	       3.7604278    
       0.24597567    	       5.0535093    
       0.35347530    	       5.4011443    
       0.64381524    	       5.5929521    
       0.94839551    	       5.7508201    
        1.1761042    	       5.8356373    
        1.9211435    	       5.9192048    
        2.5364084    	       6.0280964    
        2.8881387    	       6.1748897    
        3.6714480    	       6.4706842    
        4.3303024    	       6.7096090    
        4.8240752    	       6.8196594    
        6.1465909    	       7.0523893    
        7.0927325    	       7.4577357    
        7.7833160    	       7.7210526    
        9.8756541    	       7.9827131    
        11.598135    	       8.2920774    
        12.853331    	       8.5761094    
        16.100258    	       9.0496797    
        18.384336    	       9.4760003    
        20.084448    	       9.6831807    
        23.982892    	       10.086073    
        26.130383    	       10.809023    
        27.479007    	       11.323354    
        30.090165    	       11.755741    
        31.444263    	       12.278916    
        32.263562    	       12.822034    
        33.984572    	       13.483072    
        35.294908    	       13.832774    
        36.395874    	       13.933373    
        39.039314    	       14.022073    
        40.971021    	       14.111986    
        42.435455    	       14.195835    
        45.122635    	       14.361059    
        46.794051    	       14.636096    
        48.018660    	       14.865542    
        50.397012    	       15.086822    
        52.307332    	       15.242364    
        53.971249    	       15.326154    
        57.272108    	       15.415628    
        60.058020    	       15.500787    
        62.514030    	       15.555160    
 &  cycle #   2 chisq =   112831.639 E =  61.69
       0.54513312E-01	       3.4570695    
       0.24597567    	       3.9323269    
       0.35347530    	       4.1371172    
       0.64381524    	       4.2630292    
       0.94839551    	       4.3715910    
        1.1761042    	       4.4341721    
        1.9211435    	       4.5030280    
        2.5364084    	       4.6063622    
        2.8881387    	       4.7529477    
        3.6714480    	       5.0602035    
        4.3303024    	       5.3337126    
        4.8240752    	       5.4836477    
        6.1465909    	       5.8221674    
        7.0927325    	       6.4297362    
        7.7833160    	       6.8380328    
        9.8756541    	       7.2645226    
        11.598135    	       7.7797377    
        12.853331    	       8.2492477    
        16.100258    	       9.0047129    
        18.384336    	       9.6184421    
        20.084448    	       9.8469305    
        23.982892    	       10.223709    
        26.130383    	       10.872370    
        27.479007    	       11.319730    
        30.090165    	       11.669140    
        31.444263    	       12.056597    
        32.263562    	       12.456084    
        33.984572    	       12.954434    
        35.294908    	       13.236246    
        36.395874    	       13.329835    
        39.039314    	       13.425633    
        40.971021    	       13.538413    
        42.435455    	       13.651719    
        45.122635    	       13.881346    
        46.794051    	       14.270911    
        48.018660    	       14.603117    
        50.397012    	       14.936178    
        52.307332    	       15.185204    
        53.971249    	       15.327740    
        57.272108    	       15.484742    
        60.058020    	       15.637137    
        62.514030    	       15.735770    
 &  cycle #   3 chisq =   122688.576 E =  61.69
       0.54513312E-01	       5.7236292    
       0.24597567    	       6.1880307    
       0.35347530    	       6.3878857    
       0.64381524    	       6.5090803    
       0.94839551    	       6.6116095    
        1.1761042    	       6.6694240    
        1.9211435    	       6.7298202    
        2.5364084    	       6.8141835    
        2.8881387    	       6.9303795    
        3.6714480    	       7.1664795    
        4.3303024    	       7.3598429    
        4.8240752    	       7.4506201    
        6.1465909    	       7.6427852    
        7.0927325    	       7.9761160    
        7.7833160    	       8.1906425    
        9.8756541    	       8.3989805    
        11.598135    	       8.6402569    
        12.853331    	       8.8604114    
        16.100258    	       9.2299811    
        18.384336    	       9.5714404    
        20.084448    	       9.7475325    
        23.982892    	       10.102091    
        26.130383    	       10.747355    
        27.479007    	       11.214666    
        30.090165    	       11.628026    
        31.444263    	       12.157868    
        32.263562    	       12.712856    
        33.984572    	       13.385731    
        35.294908    	       13.737728    
        36.395874    	       13.836574    
        39.039314    	       13.921815    
        40.971021    	       14.006241    
        42.435455    	       14.084058    
        45.122635    	       14.236820    
        46.794051    	       14.490542    
        48.018660    	       14.701674    
        50.397012    	       14.904356    
        52.307332    	       15.045707    
        53.971249    	       15.121206    
        57.272108    	       15.201434    
        60.058020    	       15.277540    
        62.514030    	       15.326018    
 &  cycle #   6 chisq =   110775.921 E =  61.69
       0.54513312E-01	       4.1476119    
       0.24597567    	       4.6529444    
       0.35347530    	       4.8677505    
       0.64381524    	       4.9991256    
       0.94839551    	       5.1118953    
        1.1761042    	       5.1762736    
        1.9211435    	       5.2457540    
        2.5364084    	       5.3474803    
        2.8881387    	       5.4904034    
        3.6714480    	       5.7870256    
        4.3303024    	       6.0442980    
        4.8240752    	       6.1790861    
        6.1465909    	       6.4777592    
        7.0927325    	       7.0077833    
        7.7833160    	       7.3582553    
        9.8756541    	       7.7130606    
        11.598135    	       8.1313341    
        12.853331    	       8.5093279    
        16.100258    	       9.1181847    
        18.384336    	       9.6181756    
        20.084448    	       9.8112143    
        23.982892    	       10.139274    
        26.130383    	       10.710646    
        27.479007    	       11.110300    
        30.090165    	       11.436911    
        31.444263    	       11.822873    
        32.263562    	       12.227021    
        33.984572    	       12.734227    
        35.294908    	       13.024923    
        36.395874    	       13.123846    
        39.039314    	       13.227259    
        40.971021    	       13.351309    
        42.435455    	       13.477068    
        45.122635    	       13.732960    
        46.794051    	       14.168493    
        48.018660    	       14.541430    
        50.397012    	       14.918135    
        52.307332    	       15.203129    
        53.971249    	       15.368134    
        57.272108    	       15.551031    
        60.058020    	       15.729307    
        62.514030    	       15.845033    
 &  cycle #  11 chisq =   123763.702 E =  61.69
       0.54513312E-01	       5.0776190    
       0.24597567    	       5.6050623    
       0.35347530    	       5.8248698    
       0.64381524    	       5.9569981    
       0.94839551    	       6.0685239    
        1.1761042    	       6.1309441    
        1.9211435    	       6.1957511    
        2.5364084    	       6.2858567    
        2.8881387    	       6.4099825    
        3.6714480    	       6.6631104    
        4.3303024    	       6.8730346    
        4.8240752    	       6.9744055    
        6.1465909    	       7.1922030    
        7.0927325    	       7.5736865    
        7.7833160    	       7.8227602    
        9.8756541    	       8.0717485    
        11.598135    	       8.3665279    
        12.853331    	       8.6367565    
        16.100258    	       9.0857561    
        18.384336    	       9.4866304    
        20.084448    	       9.6781478    
        23.982892    	       10.048133    
        26.130383    	       10.713165    
        27.479007    	       11.189559    
        30.090165    	       11.600907    
        31.444263    	       12.116764    
        32.263562    	       12.658333    
        33.984572    	       13.324181    
        35.294908    	       13.684971    
        36.395874    	       13.793573    
        39.039314    	       13.892765    
        40.971021    	       13.996911    
        42.435455    	       14.095784    
        45.122635    	       14.291847    
        46.794051    	       14.619553    
        48.018660    	       14.894225    
        50.397012    	       15.161381    
        52.307332    	       15.351842    
        53.971249    	       15.455959    
        57.272108    	       15.568022    
        60.058020    	       15.675232    
        62.514030    	       15.743936    
 &  cycle #  13 chisq =   115056.595 E =  61.69
       0.52381408E-01	       4.2338608    
       0.22206489    	       5.1271798    
       0.31823942    	       5.4302868    
       0.56807034    	       5.5892471    
       0.82882260    	       5.7376425    
        1.0248994    	       5.8278171    
        1.6590482    	       5.9346830    
        2.2959247    	       6.0325175    
        2.7735764    	       6.0831369    
        3.9613150    	       6.1811898    
        4.6469028    	       6.4602309    
        5.0249259    	       6.8106841    
        6.0289801    	       7.1645270    
        6.9416843    	       7.4356160    
        7.6740567    	       7.6074370    
        9.8439092    	       7.8465961    
        11.628861    	       8.1701993    
        12.929574    	       8.4771559    
        16.139542    	       8.9941024    
        18.362541    	       9.5204857    
        20.018143    	       9.8009525    
        23.872412    	       10.197180    
        26.198168    	       10.702456    
        27.643043    	       11.073761    
        30.046794    	       11.682036    
        31.271890    	       12.567809    
        32.105605    	       13.048387    
        33.935004    	       13.477251    
        35.290355    	       13.814074    
        36.411709    	       13.939621    
        39.004287    	       14.029336    
        40.912377    	       14.116031    
        42.368908    	       14.196921    
        45.003867    	       14.349657    
        46.694394    	       14.593648    
        47.953258    	       14.795148    
        50.344743    	       14.990210    
        52.276672    	       15.129713    
        53.964158    	       15.204939    
        57.231166    	       15.283481    
        60.004577    	       15.357783    
        62.457458    	       15.405473    
 &  cycle #   2 chisq =   131155.137 E =  59.51
       0.52381408E-01	       4.7285361    
       0.22206489    	       5.2486929    
       0.31823942    	       5.4801270    
       0.56807034    	       5.6021788    
       0.82882260    	       5.7209285    
        1.0248994    	       5.7957206    
        1.6590482    	       5.8872462    
        2.2959247    	       5.9740823    
        2.7735764    	       6.0218874    
        3.9613150    	       6.1198363    
        4.6469028    	       6.4025085    
        5.0249259    	       6.7605185    
        6.0289801    	       7.1287977    
        6.9416843    	       7.4174937    
        7.6740567    	       7.6018440    
        9.8439092    	       7.8579132    
        11.628861    	       8.2018840    
        12.929574    	       8.5252829    
        16.139542    	       9.0618266    
        18.362541    	       9.5926927    
        20.018143    	       9.8619095    
        23.872412    	       10.227999    
        26.198168    	       10.684237    
        27.643043    	       11.011874    
        30.046794    	       11.543553    
        31.271890    	       12.328073    
        32.105605    	       12.769212    
        33.935004    	       13.184468    
        35.290355    	       13.523426    
        36.411709    	       13.656892    
        39.004287    	       13.762224    
        40.912377    	       13.873983    
        42.368908    	       13.982592    
        45.003867    	       14.190734    
        46.694394    	       14.526505    
        47.953258    	       14.806868    
        50.344743    	       15.083436    
        52.276672    	       15.287285    
        53.964158    	       15.400727    
        57.231166    	       15.521179    
        60.004577    	       15.636294    
        62.457458    	       15.710670    
 &  cycle #   3 chisq =   135904.512 E =  59.51
       0.52381408E-01	       5.7255437    
       0.22206489    	       6.2990937    
       0.31823942    	       6.5380411    
       0.56807034    	       6.6594583    
       0.82882260    	       6.7740738    
        1.0248994    	       6.8443785    
        1.6590482    	       6.9281181    
        2.2959247    	       7.0048314    
        2.7735764    	       7.0443312    
        3.9613150    	       7.1202799    
        4.6469028    	       7.3355952    
        5.0249259    	       7.6049089    
        6.0289801    	       7.8736294    
        6.9416843    	       8.0754140    
        7.6740567    	       8.2013546    
        9.8439092    	       8.3739507    
        11.628861    	       8.6050519    
        12.929574    	       8.8241156    
        16.139542    	       9.1967914    
        18.362541    	       9.5863398    
        20.018143    	       9.8048731    
        23.872412    	       10.132232    
        26.198168    	       10.579827    
        27.643043    	       10.942995    
        30.046794    	       11.585291    
        31.271890    	       12.549531    
        32.105605    	       13.089995    
        33.935004    	       13.589632    
        35.290355    	       13.984656    
        36.411709    	       14.129631    
        39.004287    	       14.228565    
        40.912377    	       14.318885    
        42.368908    	       14.400728    
        45.003867    	       14.553544    
        46.694394    	       14.795976    
        47.953258    	       14.994732    
        50.344743    	       15.184835    
        52.276672    	       15.318219    
        53.964158    	       15.388744    
        57.231166    	       15.461676    
        60.004577    	       15.530309    
        62.457458    	       15.574214    
 &  cycle #   6 chisq =   129946.298 E =  59.51
       0.52381408E-01	       8.5268525    
       0.22206489    	       8.8822547    
       0.31823942    	       9.0294219    
       0.56807034    	       9.0880140    
       0.82882260    	       9.1418269    
        1.0248994    	       9.1744438    
        1.6590482    	       9.2126170    
        2.2959247    	       9.2465045    
        2.7735764    	       9.2626941    
        3.9613150    	       9.2912517    
        4.6469028    	       9.3698563    
        5.0249259    	       9.4658047    
        6.0289801    	       9.5551909    
        6.9416843    	       9.6144393    
        7.6740567    	       9.6476727    
        9.8439092    	       9.6874987    
        11.628861    	       9.7340588    
        12.929574    	       9.7748989    
        16.139542    	       9.8405752    
        18.362541    	       9.9043018    
        20.018143    	       9.9367925    
        23.872412    	       9.9847027    
        26.198168    	       10.055101    
        27.643043    	       10.120375    
        30.046794    	       10.254542    
        31.271890    	       10.490928    
        32.105605    	       10.662849    
        33.935004    	       10.880050    
        35.290355    	       11.098950    
        36.411709    	       11.217218    
        39.004287    	       11.365359    
        40.912377    	       11.582291    
        42.368908    	       11.822271    
        45.003867    	       12.310471    
        46.694394    	       13.137644    
        47.953258    	       13.871336    
        50.344743    	       14.672101    
        52.276672    	       15.354802    
        53.964158    	       15.789537    
        57.231166    	       16.284233    
        60.004577    	       16.776943    
        62.457458    	       17.103758    
 &  cycle #   9 chisq =   187241.322 E =  59.51
       0.52381408E-01	       4.6589793    
       0.22206489    	       5.4479341    
       0.31823942    	       5.7794750    
       0.56807034    	       5.9637391    
       0.82882260    	       6.1385322    
        1.0248994    	       6.2456501    
        1.6590482    	       6.3730054    
        2.2959247    	       6.4891602    
        2.7735764    	       6.5482858    
        3.9613150    	       6.6604475    
        4.6469028    	       6.9765902    
        5.0249259    	       7.3696101    
        6.0289801    	       7.7544111    
        6.9416843    	       8.0325719    
        7.6740567    	       8.1993826    
        9.8439092    	       8.4149549    
        11.628861    	       8.6862017    
        12.929574    	       8.9331009    
        16.139542    	       9.3362257    
        18.362541    	       9.7300212    
        20.018143    	       9.9284032    
        23.872412    	       10.203815    
        26.198168    	       10.564562    
        27.643043    	       10.846412    
        30.046794    	       11.340143    
        31.271890    	       12.101377    
        32.105605    	       12.555909    
        33.935004    	       13.014437    
        35.290355    	       13.400438    
        36.411709    	       13.555755    
        39.004287    	       13.681096    
        40.912377    	       13.815650    
        42.368908    	       13.946668    
        45.003867    	       14.197585    
        46.694394    	       14.601959    
        47.953258    	       14.939157    
        50.344743    	       15.271060    
        52.276672    	       15.514924    
        53.964158    	       15.650263    
        57.231166    	       15.793833    
        60.004577    	       15.931001    
        62.457458    	       16.019615    
 &  cycle #  11 chisq =   140152.354 E =  59.51
       0.85541198E-01	       4.6607086    
       0.28289143    	       5.1887266    
       0.39978917    	       5.3199047    
       0.65952298    	       5.4183290    
       0.92526551    	       5.5199457    
        1.1297596    	       5.5904559    
        1.6875870    	       5.6785751    
        2.2479342    	       5.7765428    
        2.6904054    	       5.8439021    
        3.7731136    	       5.9501856    
        4.6112841    	       6.1688767    
        5.1410071    	       6.4610980    
        6.2113032    	       6.9667484    
        7.1075194    	       7.4662858    
        7.8383032    	       7.7403033    
        9.7202559    	       8.0813209    
        11.420784    	       8.4362197    
        12.812686    	       8.6673759    
        16.112214    	       8.9855632    
        18.517228    	       9.4201640    
        20.275629    	       9.7886215    
        23.801440    	       10.252830    
        26.141069    	       10.666465    
        27.698363    	       10.909988    
        30.078945    	       11.336001    
        31.328899    	       12.134186    
        32.179027    	       12.751937    
        33.934208    	       13.178609    
        35.389243    	       13.383620    
        36.628077    	       13.475062    
        39.121657    	       13.581223    
        41.000024    	       13.721507    
        42.465298    	       13.864017    
        44.928659    	       14.100192    
        46.675914    	       14.431501    
        48.054749    	       14.698233    
        50.460001    	       14.959611    
        52.458061    	       15.166247    
        54.225077    	       15.287678    
        57.327535    	       15.407424    
        60.021821    	       15.517836    
        62.434033    	       15.589815    
 &  cycle #   1 chisq =    94899.790 E =  50.83
       0.85541198E-01	       4.3319109    
       0.28289143    	       5.1790972    
       0.39978917    	       5.4131153    
       0.65952298    	       5.5728957    
       0.92526551    	       5.7278354    
        1.1297596    	       5.8295738    
        1.6875870    	       5.9497254    
        2.2479342    	       6.0748372    
        2.6904054    	       6.1533868    
        3.7731136    	       6.2650671    
        4.6112841    	       6.4844119    
        5.1410071    	       6.7720678    
        6.2113032    	       7.2591699    
        7.1075194    	       7.7235060    
        7.8383032    	       7.9677157    
        9.7202559    	       8.2675088    
        11.420784    	       8.5803689    
        12.812686    	       8.7872730    
        16.112214    	       9.0788350    
        18.517228    	       9.4844895    
        20.275629    	       9.8333320    
        23.801440    	       10.280397    
        26.141069    	       10.691767    
        27.698363    	       10.948385    
        30.078945    	       11.410113    
        31.328899    	       12.275188    
        32.179027    	       12.939996    
        33.934208    	       13.389311    
        35.389243    	       13.592311    
        36.628077    	       13.673832    
        39.121657    	       13.759494    
        41.000024    	       13.865359    
        42.465298    	       13.969386    
        44.928659    	       14.138561    
        46.675914    	       14.372102    
        48.054749    	       14.556508    
        50.460001    	       14.731839    
        52.458061    	       14.864431    
        54.225077    	       14.938616    
        57.327535    	       15.009471    
        60.021821    	       15.073398    
        62.434033    	       15.114169    
 &  cycle #   2 chisq =    90114.723 E =  50.83
       0.85541198E-01	       5.6416703    
       0.28289143    	       6.2179022    
       0.39978917    	       6.3636408    
       0.65952298    	       6.4681273    
       0.92526551    	       6.5722511    
        1.1297596    	       6.6420514    
        1.6875870    	       6.7259163    
        2.2479342    	       6.8146411    
        2.6904054    	       6.8714153    
        3.7731136    	       6.9538665    
        4.6112841    	       7.1173158    
        5.1410071    	       7.3324230    
        6.2113032    	       7.6982217    
        7.1075194    	       8.0498160    
        7.8383032    	       8.2372249    
        9.7202559    	       8.4705113    
        11.420784    	       8.7188743    
        12.812686    	       8.8880500    
        16.112214    	       9.1342269    
        18.517228    	       9.4843581    
        20.275629    	       9.7909861    
        23.801440    	       10.195361    
        26.141069    	       10.591266    
        27.698363    	       10.865976    
        30.078945    	       11.386561    
        31.328899    	       12.369610    
        32.179027    	       13.126484    
        33.934208    	       13.638153    
        35.389243    	       13.867073    
        36.628077    	       13.955687    
        39.121657    	       14.044134    
        41.000024    	       14.149192    
        42.465298    	       14.250322    
        44.928659    	       14.412954    
        46.675914    	       14.635493    
        48.054749    	       14.809431    
        50.460001    	       14.972237    
        52.458061    	       15.092492    
        54.225077    	       15.157995    
        57.327535    	       15.219505    
        60.021821    	       15.274433    
        62.434033    	       15.309146    
 &  cycle #   3 chisq =    88034.835 E =  50.83
       0.85541198E-01	       4.1539852    
       0.28289143    	       4.7042910    
       0.39978917    	       4.8480433    
       0.65952298    	       4.9571236    
       0.92526551    	       5.0707883    
        1.1297596    	       5.1503972    
        1.6875870    	       5.2509430    
        2.2479342    	       5.3641409    
        2.6904054    	       5.4432752    
        3.7731136    	       5.5702468    
        4.6112841    	       5.8330372    
        5.1410071    	       6.1844577    
        6.2113032    	       6.7914134    
        7.1075194    	       7.3867180    
        7.8383032    	       7.7075603    
        9.7202559    	       8.0957740    
        11.420784    	       8.4816910    
        12.812686    	       8.7154202    
        16.112214    	       9.0119773    
        18.517228    	       9.3978774    
        20.275629    	       9.7164861    
        23.801440    	       10.109779    
        26.141069    	       10.451240    
        27.698363    	       10.644238    
        30.078945    	       10.976655    
        31.328899    	       11.604304    
        32.179027    	       12.099091    
        33.934208    	       12.459324    
        35.389243    	       12.657568    
        36.628077    	       12.764684    
        39.121657    	       12.909165    
        41.000024    	       13.117809    
        42.465298    	       13.339284    
        44.928659    	       13.716630    
        46.675914    	       14.259713    
        48.054749    	       14.711024    
        50.460001    	       15.174908    
        52.458061    	       15.566110    
        54.225077    	       15.811158    
        57.327535    	       16.061688    
        60.021821    	       16.297132    
        62.434033    	       16.452563    
 &  cycle #   5 chisq =   112574.825 E =  50.83
       0.85541198E-01	       3.6474113    
       0.28289143    	       5.1508709    
       0.39978917    	       5.5696750    
       0.65952298    	       5.8056037    
       0.92526551    	       6.0121730    
        1.1297596    	       6.1380196    
        1.6875870    	       6.2780921    
        2.2479342    	       6.4164125    
        2.6904054    	       6.4978672    
        3.7731136    	       6.6052418    
        4.6112841    	       6.8090622    
        5.1410071    	       7.0733163    
        6.2113032    	       7.5160097    
        7.1075194    	       7.9310324    
        7.8383032    	       8.1453555    
        9.7202559    	       8.4080671    
        11.420784    	       8.6848505    
        12.812686    	       8.8713862    
        16.112214    	       9.1402313    
        18.517228    	       9.5201100    
        20.275629    	       9.8506639    
        23.801440    	       10.281226    
        26.141069    	       10.690803    
        27.698363    	       10.961448    
        30.078945    	       11.462083    
        31.328899    	       12.402410    
        32.179027    	       13.123519    
        33.934208    	       13.607003    
        35.389243    	       13.819883    
        36.628077    	       13.901052    
        39.121657    	       13.981588    
        41.000024    	       14.077007    
        42.465298    	       14.168819    
        44.928659    	       14.316524    
        46.675914    	       14.518775    
        48.054749    	       14.677027    
        50.460001    	       14.825430    
        52.458061    	       14.935385    
        54.225077    	       14.995506    
        57.327535    	       15.052121    
        60.021821    	       15.102779    
        62.434033    	       15.134859    
 &  cycle #   6 chisq =    88197.920 E =  50.83
       0.48003570E-01	       3.1032668    
       0.25074341    	       4.9370288    
       0.36234376    	       5.2922058    
       0.69180335    	       5.5024363    
        1.0406662    	       5.6692621    
        1.2910391    	       5.7375808    
        2.0115156    	       5.8567466    
        2.4419422    	       6.1702378    
        2.7109887    	       6.3994908    
        3.6331697    	       6.5484850    
        4.4388635    	       6.6837326    
        4.9543913    	       6.8285123    
        6.1628162    	       7.2226605    
        7.0236860    	       7.7153118    
        7.6927679    	       7.8998873    
        9.9089664    	       8.1341161    
        11.620355    	       8.4675339    
        12.809626    	       8.7752552    
        16.139656    	       9.2212598    
        18.407359    	       9.5979701    
        20.020169    	       9.8303147    
        23.963742    	       10.223319    
        26.152763    	       10.725948    
        27.482787    	       11.096850    
        30.093101    	       11.588178    
        31.454706    	       12.067159    
        32.286786    	       12.452992    
        34.042731    	       13.084162    
        35.287123    	       13.528587    
        36.321248    	       13.655574    
        39.009416    	       13.767367    
        40.954772    	       13.874921    
        42.418858    	       13.972717    
        45.222678    	       14.184092    
        46.858495    	       14.570576    
        48.015692    	       14.905286    
        50.378709    	       15.233781    
        52.250434    	       15.462750    
        53.869894    	       15.588366    
        57.266509    	       15.730145    
        60.095206    	       15.867745    
        62.571405    	       15.955149    
 &  cycle #   2 chisq =   116810.360 E =  66.68
       0.48003570E-01	       5.9164478    
       0.25074341    	       7.8144137    
       0.36234376    	       8.1438192    
       0.69180335    	       8.3240283    
        1.0406662    	       8.4611885    
        1.2910391    	       8.5130373    
        2.0115156    	       8.5953777    
        2.4419422    	       8.8058696    
        2.7109887    	       8.9554444    
        3.6331697    	       9.0437797    
        4.4388635    	       9.1122688    
        4.9543913    	       9.1786172    
        6.1628162    	       9.3521497    
        7.0236860    	       9.5570278    
        7.6927679    	       9.6236719    
        9.9089664    	       9.6957827    
        11.620355    	       9.7871760    
        12.809626    	       9.8671523    
        16.139656    	       9.9776489    
        18.407359    	       10.063940    
        20.020169    	       10.114142    
        23.963742    	       10.200303    
        26.152763    	       10.316952    
        27.482787    	       10.410634    
        30.093101    	       10.552616    
        31.454706    	       10.732029    
        32.286786    	       10.906963    
        34.042731    	       11.214236    
        35.287123    	       11.460988    
        36.321248    	       11.555305    
        39.009416    	       11.668121    
        40.954772    	       11.816010    
        42.418858    	       11.973800    
        45.222678    	       12.336380    
        46.858495    	       13.030012    
        48.015692    	       13.665395    
        50.378709    	       14.358057    
        52.250434    	       14.924932    
        53.869894    	       15.281898    
        57.266509    	       15.713829    
        60.095206    	       16.153498    
        62.571405    	       16.442033    
 &  cycle #   3 chisq =   152902.737 E =  66.68
       0.48003570E-01	       4.2038735    
       0.25074341    	       5.4567558    
       0.36234376    	       5.7986901    
       0.69180335    	       6.0101832    
        1.0406662    	       6.1770397    
        1.2910391    	       6.2441993    
        2.0115156    	       6.3583784    
        2.4419422    	       6.6563257    
        2.7109887    	       6.8724814    
        3.6331697    	       7.0094757    
        4.4388635    	       7.1292899    
        4.9543913    	       7.2548655    
        6.1628162    	       7.5940932    
        7.0236860    	       8.0138339    
        7.6927679    	       8.1676995    
        9.9089664    	       8.3594633    
        11.620355    	       8.6301816    
        12.809626    	       8.8801345    
        16.139656    	       9.2461894    
        18.407359    	       9.5642083    
        20.020169    	       9.7679199    
        23.963742    	       10.126018    
        26.152763    	       10.609586    
        27.482787    	       10.985233    
        30.093101    	       11.497875    
        31.454706    	       12.020928    
        32.286786    	       12.456328    
        34.042731    	       13.168405    
        35.287123    	       13.665789    
        36.321248    	       13.804562    
        39.009416    	       13.922582    
        40.954772    	       14.030980    
        42.418858    	       14.126779    
        45.222678    	       14.331947    
        46.858495    	       14.705192    
        48.015692    	       15.026717    
        50.378709    	       15.339227    
        52.250434    	       15.553665    
        53.869894    	       15.669678    
        57.266509    	       15.799813    
        60.095206    	       15.925612    
        62.571405    	       16.005305    
 &  cycle #   6 chisq =   115898.256 E =  66.68
       0.48003570E-01	       5.8938757    
       0.25074341    	       7.1004172    
       0.36234376    	       7.4336766    
       0.69180335    	       7.6384774    
        1.0406662    	       7.7973470    
        1.2910391    	       7.8587381    
        2.0115156    	       7.9571135    
        2.4419422    	       8.2086418    
        2.7109887    	       8.3872118    
        3.6331697    	       8.4923034    
        4.4388635    	       8.5732733    
        4.9543913    	       8.6513717    
        6.1628162    	       8.8553117    
        7.0236860    	       9.0956096    
        7.6927679    	       9.1734083    
        9.9089664    	       9.2572135    
        11.620355    	       9.3631081    
        12.809626    	       9.4556499    
        16.139656    	       9.5833441    
        18.407359    	       9.6828160    
        20.020169    	       9.7405364    
        23.963742    	       9.8395151    
        26.152763    	       9.9734773    
        27.482787    	       10.081117    
        30.093101    	       10.244639    
        31.454706    	       10.452187    
        32.286786    	       10.655211    
        34.042731    	       11.012764    
        35.287123    	       11.301674    
        36.321248    	       11.413698    
        39.009416    	       11.549950    
        40.954772    	       11.731081    
        42.418858    	       11.925520    
        45.222678    	       12.373392    
        46.858495    	       13.231709    
        48.015692    	       14.019591    
        50.378709    	       14.881523    
        52.250434    	       15.590017    
        53.869894    	       16.037363    
        57.266509    	       16.578995    
        60.095206    	       17.130400    
        62.571405    	       17.492260    
 &  cycle #  11 chisq =   171604.865 E =  66.68
       0.48003570E-01	       4.4223958    
       0.25074341    	       4.9296570    
       0.36234376    	       5.0757995    
       0.69180335    	       5.1934670    
        1.0406662    	       5.2939333    
        1.2910391    	       5.3369513    
        2.0115156    	       5.4197220    
        2.4419422    	       5.6445757    
        2.7109887    	       5.8144518    
        3.6331697    	       5.9367184    
        4.4388635    	       6.0645956    
        4.9543913    	       6.2120062    
        6.1628162    	       6.6251745    
        7.0236860    	       7.1626239    
        7.6927679    	       7.3816098    
        9.9089664    	       7.6800307    
        11.620355    	       8.1201702    
        12.809626    	       8.5281975    
        16.139656    	       9.1068210    
        18.407359    	       9.5658383    
        20.020169    	       9.8260407    
        23.963742    	       10.236113    
        26.152763    	       10.712613    
        27.482787    	       11.032185    
        30.093101    	       11.438839    
        31.454706    	       11.817122    
        32.286786    	       12.111998    
        34.042731    	       12.597807    
        35.287123    	       12.948894    
        36.321248    	       13.056824    
        39.009416    	       13.162035    
        40.954772    	       13.276627    
        42.418858    	       13.388442    
        45.222678    	       13.636330    
        46.858495    	       14.097272    
        48.015692    	       14.504518    
        50.378709    	       14.919595    
        52.250434    	       15.227077    
        53.869894    	       15.405283    
        57.266509    	       15.612012    
        60.095206    	       15.816461    
        62.571405    	       15.948032    
 &  cycle #  13 chisq =   122517.168 E =  66.68
       0.69006536E-01	       5.8794254    
       0.26513823    	       6.4075712    
       0.37807225    	       6.5801620    
       0.65405953    	       6.6772669    
       0.93984907    	       6.7704381    
        1.1566599    	       6.8280131    
        1.8119350    	       6.8922741    
        2.4493595    	       6.9523159    
        2.8977963    	       7.0014580    
        3.8426032    	       7.1290686    
        4.4286026    	       7.4121484    
        4.8327213    	       7.6057931    
        5.9738923    	       7.7696463    
        7.0206980    	       7.9364966    
        7.8437485    	       8.0658713    
        9.9567249    	       8.3025224    
        11.588411    	       8.6599664    
        12.821826    	       8.9147000    
        16.047445    	       9.1724272    
        18.449150    	       9.4445449    
        20.200080    	       9.6939669    
        23.872599    	       10.143659    
        26.128143    	       10.704464    
        27.618196    	       11.024691    
        30.139206    	       11.460490    
        31.398412    	       12.303914    
        32.200813    	       13.065729    
        33.922473    	       13.675762    
        35.314933    	       13.944857    
        36.494419    	       14.036821    
        39.078929    	       14.120166    
        40.990032    	       14.210261    
        42.454418    	       14.295468    
        45.016499    	       14.446049    
        46.722224    	       14.671068    
        48.021755    	       14.850313    
        50.412617    	       15.018041    
        52.366809    	       15.136889    
        54.082288    	       15.200190    
        57.279206    	       15.263405    
        60.017720    	       15.321981    
        62.451727    	       15.359475    
 &  cycle #   2 chisq =    96443.116 E =  56.11
       0.69006536E-01	       4.2237681    
       0.26513823    	       4.7752819    
       0.37807225    	       4.9654892    
       0.65405953    	       5.0780075    
       0.93984907    	       5.1883341    
        1.1566599    	       5.2580225    
        1.8119350    	       5.3381334    
        2.4493595    	       5.4171510    
        2.8977963    	       5.4858910    
        3.8426032    	       5.6685729    
        4.4286026    	       6.0799212    
        4.8327213    	       6.3685301    
        5.9738923    	       6.6255855    
        7.0206980    	       6.8982313    
        7.8437485    	       7.1153973    
        9.9567249    	       7.5162147    
        11.588411    	       8.1176805    
        12.821826    	       8.5364022    
        16.047445    	       8.9301929    
        18.449150    	       9.3046323    
        20.200080    	       9.6284469    
        23.872599    	       10.190992    
        26.128143    	       10.857459    
        27.618196    	       11.195532    
        30.139206    	       11.580734    
        31.398412    	       12.287117    
        32.200813    	       12.922398    
        33.922473    	       13.433484    
        35.314933    	       13.664388    
        36.494419    	       13.748742    
        39.078929    	       13.833270    
        40.990032    	       13.933621    
        42.454418    	       14.033037    
        45.016499    	       14.212366    
        46.722224    	       14.484225    
        48.021755    	       14.704317    
        50.412617    	       14.915782    
        52.366809    	       15.071903    
        54.082288    	       15.158750    
        57.279206    	       15.247511    
        60.017720    	       15.330824    
        62.451727    	       15.384611    
 &  cycle #   3 chisq =   101224.053 E =  56.11
       0.69006536E-01	       5.6812972    
       0.26513823    	       6.3240252    
       0.37807225    	       6.5334526    
       0.65405953    	       6.6518980    
       0.93984907    	       6.7633621    
        1.1566599    	       6.8311221    
        1.8119350    	       6.9054379    
        2.4493595    	       6.9728920    
        2.8977963    	       7.0262635    
        3.8426032    	       7.1631277    
        4.4286026    	       7.4644760    
        4.8327213    	       7.6680176    
        5.9738923    	       7.8355765    
        7.0206980    	       8.0019892    
        7.8437485    	       8.1284853    
        9.9567249    	       8.3571162    
        11.588411    	       8.7004107    
        12.821826    	       8.9439945    
        16.047445    	       9.1891358    
        18.449150    	       9.4474785    
        20.200080    	       9.6850892    
        23.872599    	       10.116567    
        26.128143    	       10.662264    
        27.618196    	       10.984404    
        30.139206    	       11.441983    
        31.398412    	       12.337645    
        32.200813    	       13.147256    
        33.922473    	       13.794647    
        35.314933    	       14.078476    
        36.494419    	       14.173941    
        39.078929    	       14.258380    
        40.990032    	       14.347460    
        42.454418    	       14.430681    
        45.016499    	       14.577044    
        46.722224    	       14.795130    
        48.021755    	       14.968363    
        50.412617    	       15.129767    
        52.366809    	       15.243390    
        54.082288    	       15.303502    
        57.279206    	       15.363346    
        60.017720    	       15.418719    
        62.451727    	       15.454133    
 &  cycle #   6 chisq =    96494.422 E =  56.11
       0.69006536E-01	       5.7421609    
       0.26513823    	       6.7514907    
       0.37807225    	       7.1484348    
       0.65405953    	       7.3908151    
       0.93984907    	       7.6134093    
        1.1566599    	       7.7443108    
        1.8119350    	       7.8806010    
        2.4493595    	       7.9912888    
        2.8977963    	       8.0660370    
        3.8426032    	       8.2450163    
        4.4286026    	       8.6225717    
        4.8327213    	       8.8588738    
        5.9738923    	       9.0205865    
        7.0206980    	       9.1527105    
        7.8437485    	       9.2363484    
        9.9567249    	       9.3690471    
        11.588411    	       9.5528751    
        12.821826    	       9.6723922    
        16.047445    	       9.7711587    
        18.449150    	       9.8511017    
        20.200080    	       9.9170427    
        23.872599    	       10.035084    
        26.128143    	       10.188590    
        27.618196    	       10.288471    
        30.139206    	       10.451409    
        31.398412    	       10.793237    
        32.200813    	       11.122653    
        33.922473    	       11.429310    
        35.314933    	       11.620686    
        36.494419    	       11.725033    
        39.078929    	       11.869032    
        40.990032    	       12.081528    
        42.454418    	       12.313502    
        45.016499    	       12.753581    
        46.722224    	       13.450471    
        48.021755    	       14.046417    
        50.412617    	       14.672897    
        52.366809    	       15.199430    
        54.082288    	       15.531640    
        57.279206    	       15.895199    
        60.017720    	       16.250424    
        62.451727    	       16.485982    
 &  cycle #   8 chisq =   137055.524 E =  56.11
       0.69006536E-01	       4.3381670    
       0.26513823    	       4.8920045    
       0.37807225    	       5.0848068    
       0.65405953    	       5.2004962    
       0.93984907    	       5.3149932    
        1.1566599    	       5.3879872    
        1.8119350    	       5.4728763    
        2.4493595    	       5.5582382    
        2.8977963    	       5.6339548    
        3.8426032    	       5.8363241    
        4.4286026    	       6.2927495    
        4.8327213    	       6.6131856    
        5.9738923    	       6.8970619    
        7.0206980    	       7.1933900    
        7.8437485    	       7.4245708    
        9.9567249    	       7.8424369    
        11.588411    	       8.4558349    
        12.821826    	       8.8676727    
        16.047445    	       9.2183928    
        18.449150    	       9.5054350    
        20.200080    	       9.7358004    
        23.872599    	       10.127219    
        26.128143    	       10.587778    
        27.618196    	       10.823538    
        30.139206    	       11.100753    
        31.398412    	       11.620801    
        32.200813    	       12.098483    
        33.922473    	       12.503045    
        35.314933    	       12.711484    
        36.494419    	       12.804223    
        39.078929    	       12.915877    
        40.990032    	       13.067869    
        42.454418    	       13.228211    
        45.016499    	       13.526718    
        46.722224    	       13.991324    
        48.021755    	       14.379970    
        50.412617    	       14.774264    
        52.366809    	       15.089915    
        54.082288    	       15.280428    
        57.279206    	       15.484162    
        60.017720    	       15.680701    
        62.451727    	       15.810086    
 &  cycle #   9 chisq =   113984.378 E =  56.11
       0.97624924E-01	       5.1089098    
       0.30043748    	       5.6540783    
       0.42243003    	       5.8045273    
       0.68113536    	       5.9173735    
       0.94429978    	       6.0326225    
        1.1482754    	       6.1131277    
        1.6768024    	       6.2116689    
        2.2074469    	       6.3220082    
        2.6327066    	       6.3982301    
        3.6691286    	       6.4973611    
        4.5572345    	       6.6599131    
        5.1666267    	       6.8626110    
        6.3431315    	       7.2630173    
        7.2512929    	       7.7849501    
        7.9745579    	       8.0766785    
        9.7438037    	       8.3855650    
        11.355259    	       8.7067671    
        12.699529    	       8.9111470    
        15.894965    	       9.1186296    
        18.431154    	       9.3214591    
        20.366650    	       9.4953775    
        24.003443    	       9.8190263    
        26.213852    	       10.381541    
        27.617670    	       10.922455    
        29.829896    	       11.564688    
        31.207619    	       12.228837    
        32.188728    	       12.714251    
        34.029958    	       13.229518    
        35.493421    	       13.569121    
        36.732954    	       13.691763    
        39.133286    	       13.803314    
        40.970540    	       13.939236    
        42.425478    	       14.071567    
        44.836898    	       14.276682    
        46.604629    	       14.549567    
        48.023557    	       14.766350    
        50.431690    	       14.976240    
        52.445741    	       15.140791    
        54.232573    	       15.235185    
        57.278902    	       15.323673    
        59.942752    	       15.403581    
        62.339246    	       15.455809    
 &  cycle #   1 chisq =    85301.844 E =  48.26
       0.97624924E-01	       5.4899177    
       0.30043748    	       6.4672968    
       0.42243003    	       6.6723539    
       0.68113536    	       6.8091881    
       0.94429978    	       6.9400555    
        1.1482754    	       7.0266215    
        1.6768024    	       7.1272266    
        2.2074469    	       7.2339799    
        2.6327066    	       7.3030637    
        3.6691286    	       7.3851616    
        4.5572345    	       7.5113202    
        5.1666267    	       7.6646757    
        6.3431315    	       7.9626794    
        7.2512929    	       8.3430959    
        7.9745579    	       8.5488849    
        9.7438037    	       8.7616674    
        11.355259    	       8.9831430    
        12.699529    	       9.1271950    
        15.894965    	       9.2825942    
        18.431154    	       9.4493306    
        20.366650    	       9.6030108    
        24.003443    	       9.9010945    
        26.213852    	       10.435359    
        27.617670    	       10.966487    
        29.829896    	       11.633588    
        31.207619    	       12.373611    
        32.188728    	       12.935060    
        34.029958    	       13.529128    
        35.493421    	       13.909701    
        36.732954    	       14.034934    
        39.133286    	       14.133664    
        40.970540    	       14.242930    
        42.425478    	       14.344208    
        44.836898    	       14.496847    
        46.604629    	       14.695474    
        48.023557    	       14.849434    
        50.431690    	       14.993258    
        52.445741    	       15.100250    
        54.232573    	       15.157935    
        57.278902    	       15.209801    
        59.942752    	       15.255626    
        62.339246    	       15.285229    
 &  cycle #   2 chisq =    80839.534 E =  48.26
       0.97624924E-01	       5.8667260    
       0.30043748    	       6.4874293    
       0.42243003    	       6.6577268    
       0.68113536    	       6.7786132    
       0.94429978    	       6.8974970    
        1.1482754    	       6.9777760    
        1.6768024    	       7.0727207    
        2.2074469    	       7.1751485    
        2.6327066    	       7.2427028    
        3.6691286    	       7.3251148    
        4.5572345    	       7.4542564    
        5.1666267    	       7.6124729    
        6.3431315    	       7.9215380    
        7.2512929    	       8.3188781    
        7.9745579    	       8.5364078    
        9.7438037    	       8.7637827    
        11.355259    	       9.0014133    
        12.699529    	       9.1559103    
        15.894965    	       9.3214333    
        18.431154    	       9.4967594    
        20.366650    	       9.6564413    
        24.003443    	       9.9633420    
        26.213852    	       10.508715    
        27.617670    	       11.045072    
        29.829896    	       11.706070    
        31.207619    	       12.422380    
        32.188728    	       12.958822    
        34.029958    	       13.525605    
        35.493421    	       13.889714    
        36.732954    	       14.010996    
        39.133286    	       14.108815    
        40.970540    	       14.218993    
        42.425478    	       14.322089    
        44.836898    	       14.478298    
        46.604629    	       14.682387    
        48.023557    	       14.841259    
        50.431690    	       14.990584    
        52.445741    	       15.102685    
        54.232573    	       15.163795    
        57.278902    	       15.219150    
        59.942752    	       15.268245    
        62.339246    	       15.300021    
 &  cycle #   3 chisq =    81206.948 E =  48.26
       0.97624924E-01	       4.7348036    
       0.30043748    	       5.3023776    
       0.42243003    	       5.4670972    
       0.68113536    	       5.5921648    
       0.94429978    	       5.7209813    
        1.1482754    	       5.8116332    
        1.6768024    	       5.9233778    
        2.2074469    	       6.0493363    
        2.6327066    	       6.1369500    
        3.6691286    	       6.2517819    
        4.5572345    	       6.4408588    
        5.1666267    	       6.6767300    
        6.3431315    	       7.1419211    
        7.2512929    	       7.7458984    
        7.9745579    	       8.0804779    
        9.7438037    	       8.4298616    
        11.355259    	       8.7874275    
        12.699529    	       9.0096716    
        15.894965    	       9.2248913    
        18.431154    	       9.4206475    
        20.366650    	       9.5794559    
        24.003443    	       9.8676536    
        26.213852    	       10.362529    
        27.617670    	       10.835241    
        29.829896    	       11.393042    
        31.207619    	       11.967239    
        32.188728    	       12.388425    
        34.029958    	       12.842725    
        35.493421    	       13.154657    
        36.732954    	       13.279943    
        39.133286    	       13.408907    
        40.970540    	       13.576882    
        42.425478    	       13.745639    
        44.836898    	       14.012143    
        46.604629    	       14.372372    
        48.023557    	       14.663883    
        50.431690    	       14.953857    
        52.445741    	       15.190007    
        54.232573    	       15.331322    
        57.278902    	       15.467508    
        59.942752    	       15.592327    
        62.339246    	       15.674598    
 &  cycle #   5 chisq =    91151.071 E =  48.26
       0.97624924E-01	       6.5943782    
       0.30043748    	       7.0159234    
       0.42243003    	       7.1068002    
       0.68113536    	       7.1757930    
       0.94429978    	       7.2468235    
        1.1482754    	       7.2967948    
        1.6768024    	       7.3584069    
        2.2074469    	       7.4279483    
        2.6327066    	       7.4764680    
        3.6691286    	       7.5404252    
        4.5572345    	       7.6462955    
        5.1666267    	       7.7788612    
        6.3431315    	       8.0416897    
        7.2512929    	       8.3862865    
        7.9745579    	       8.5810249    
        9.7438037    	       8.7902570    
        11.355259    	       9.0114497    
        12.699529    	       9.1558601    
        15.894965    	       9.3103876    
        18.431154    	       9.4734148    
        20.366650    	       9.6214331    
        24.003443    	       9.9057051    
        26.213852    	       10.411516    
        27.617670    	       10.910625    
        29.829896    	       11.530175    
        31.207619    	       12.208327    
        32.188728    	       12.719916    
        34.029958    	       13.263022    
        35.493421    	       13.615074    
        36.732954    	       13.735226    
        39.133286    	       13.835454    
        40.970540    	       13.950766    
        42.425478    	       14.059789    
        44.836898    	       14.225942    
        46.604629    	       14.444024    
        48.023557    	       14.614672    
        50.431690    	       14.776307    
        52.445741    	       14.899060    
        54.232573    	       14.966926    
        57.278902    	       15.029003    
        59.942752    	       15.084350    
        62.339246    	       15.120274    
 &  cycle #   6 chisq =    81656.446 E =  48.26
       0.56897719E-01	       5.7173164    
       0.22078227    	       6.3016953    
       0.31500847    	       6.4962559    
       0.54657296    	       6.6042322    
       0.78653433    	       6.7107930    
       0.96842893    	       6.7795391    
        1.5224054    	       6.8647421    
        2.0808734    	       6.9542137    
        2.5182247    	       7.0070785    
        3.7483854    	       7.0659454    
        4.7212245    	       7.1628154    
        5.3022362    	       7.3040218    
        6.4000003    	       7.6465041    
        7.2007901    	       8.0552841    
        7.8379167    	       8.2340862    
        9.6530835    	       8.4557748    
        11.278232    	       8.6936718    
        12.601707    	       8.8425433    
        16.123587    	       9.0411451    
        18.620726    	       9.3363883    
        20.355821    	       9.6471830    
        23.870216    	       10.204221    
        26.061845    	       10.799446    
        27.553442    	       11.070096    
        30.126573    	       11.469927    
        31.405367    	       12.303395    
        32.211186    	       13.082612    
        33.931735    	       13.723104    
        35.318520    	       14.003271    
        36.492821    	       14.096113    
        39.079705    	       14.179094    
        40.991737    	       14.267489    
        42.456219    	       14.350607    
        45.026099    	       14.498145    
        46.731066    	       14.719806    
        48.027179    	       14.896842    
        50.418565    	       15.062803    
        52.370968    	       15.180202    
        54.084064    	       15.242589    
        57.287735    	       15.304973    
        60.029732    	       15.362667    
        62.465527    	       15.399351    
 &  cycle #   2 chisq =   136479.238 E =  56.42
       0.56897719E-01	       4.1865634    
       0.22078227    	       4.8277640    
       0.31500847    	       5.0560208    
       0.54657296    	       5.1909680    
       0.78653433    	       5.3263400    
       0.96842893    	       5.4149878    
        1.5224054    	       5.5266308    
        2.0808734    	       5.6460186    
        2.5182247    	       5.7183254    
        3.7483854    	       5.8028248    
        4.7212245    	       5.9478453    
        5.3022362    	       6.1619234    
        6.4000003    	       6.6856628    
        7.2007901    	       7.3195870    
        7.8379167    	       7.6033858    
        9.6530835    	       7.9568583    
        11.278232    	       8.3304688    
        12.601707    	       8.5550176    
        16.123587    	       8.8318460    
        18.620726    	       9.2181909    
        20.355821    	       9.6130607    
        23.870216    	       10.303365    
        26.061845    	       11.005436    
        27.553442    	       11.279434    
        30.126573    	       11.618466    
        31.405367    	       12.305382    
        32.211186    	       12.948414    
        33.931735    	       13.482967    
        35.318520    	       13.725899    
        36.492821    	       13.813346    
        39.079705    	       13.900358    
        40.991737    	       14.002777    
        42.456219    	       14.103891    
        45.026099    	       14.287082    
        46.731066    	       14.566129    
        48.027179    	       14.792402    
        50.418565    	       15.009809    
        52.370968    	       15.169603    
        54.084064    	       15.258032    
        57.287735    	       15.348376    
        60.029732    	       15.432953    
        62.465527    	       15.487205    
 &  cycle #   3 chisq =   141681.041 E =  56.42
       0.56897719E-01	       4.9686411    
       0.22078227    	       6.5794403    
       0.31500847    	       6.8935048    
       0.54657296    	       7.0464918    
       0.78653433    	       7.1861790    
       0.96842893    	       7.2717261    
        1.5224054    	       7.3735270    
        2.0808734    	       7.4766306    
        2.5182247    	       7.5351258    
        3.7483854    	       7.5955939    
        4.7212245    	       7.6883757    
        5.3022362    	       7.8207500    
        6.4000003    	       8.1371551    
        7.2007901    	       8.5052886    
        7.8379167    	       8.6583922    
        9.6530835    	       8.8421705    
        11.278232    	       9.0356213    
        12.601707    	       9.1546919    
        16.123587    	       9.3111995    
        18.620726    	       9.5429634    
        20.355821    	       9.7880157    
        23.870216    	       10.233201    
        26.061845    	       10.726488    
        27.553442    	       10.975768    
        30.126573    	       11.383639    
        31.405367    	       12.251951    
        32.211186    	       13.071298    
        33.931735    	       13.756427    
        35.318520    	       14.066428    
        36.492821    	       14.171904    
        39.079705    	       14.265231    
        40.991737    	       14.362908    
        42.456219    	       14.453666    
        45.026099    	       14.613727    
        46.731066    	       14.853063    
        48.027179    	       15.043187    
        50.418565    	       15.219847    
        52.370968    	       15.343075    
        54.084064    	       15.407580    
        57.287735    	       15.471594    
        60.029732    	       15.530565    
        62.465527    	       15.567973    
 &  cycle #   6 chisq =   137801.792 E =  56.42
       0.56897719E-01	       7.6848031    
       0.22078227    	       8.3481786    
       0.31500847    	       8.5592008    
       0.54657296    	       8.6708677    
       0.78653433    	       8.7759530    
       0.96842893    	       8.8407963    
        1.5224054    	       8.9174337    
        2.0808734    	       8.9937043    
        2.5182247    	       9.0355548    
        3.7483854    	       9.0752371    
        4.7212245    	       9.1302996    
        5.3022362    	       9.2060165    
        6.4000003    	       9.3818373    
        7.2007901    	       9.5753910    
        7.8379167    	       9.6462599    
        9.6530835    	       9.7228108    
        11.278232    	       9.7964129    
        12.601707    	       9.8365351    
        16.123587    	       9.8801889    
        18.620726    	       9.9368130    
        20.355821    	       9.9944714    
        23.870216    	       10.099508    
        26.061845    	       10.220216    
        27.553442    	       10.288504    
        30.126573    	       10.413776    
        31.405367    	       10.695129    
        32.211186    	       10.977833    
        33.931735    	       11.253493    
        35.318520    	       11.432196    
        36.492821    	       11.532788    
        39.079705    	       11.675850    
        40.991737    	       11.890457    
        42.456219    	       12.126496    
        45.026099    	       12.578613    
        46.731066    	       13.300990    
        48.027179    	       13.922718    
        50.418565    	       14.581325    
        52.370968    	       15.138159    
        54.084064    	       15.490748    
        57.287735    	       15.877784    
        60.029732    	       16.255424    
        62.465527    	       16.504361    
 &  cycle #   8 chisq =   180168.116 E =  56.42
       0.56897719E-01	       2.8687537    
       0.22078227    	       3.4297330    
       0.31500847    	       3.6302894    
       0.54657296    	       3.7519427    
       0.78653433    	       3.8795268    
       0.96842893    	       3.9667953    
        1.5224054    	       4.0822644    
        2.0808734    	       4.2130563    
        2.5182247    	       4.2985976    
        3.7483854    	       4.4129746    
        4.7212245    	       4.6297708    
        5.3022362    	       4.9581244    
        6.4000003    	       5.7721696    
        7.2007901    	       6.7736200    
        7.8379167    	       7.2293015    
        9.6530835    	       7.7853747    
        11.278232    	       8.3421423    
        12.601707    	       8.6418470    
        16.123587    	       8.9370197    
        18.620726    	       9.2741025    
        20.355821    	       9.5926025    
        23.870216    	       10.133692    
        26.061845    	       10.669708    
        27.553442    	       10.865945    
        30.126573    	       11.090968    
        31.405367    	       11.546190    
        32.211186    	       11.980392    
        33.931735    	       12.360311    
        35.318520    	       12.558454    
        36.492821    	       12.647443    
        39.079705    	       12.757125    
        40.991737    	       12.908756    
        42.456219    	       13.069993    
        45.026099    	       13.373254    
        46.731066    	       13.849871    
        48.027179    	       14.251617    
        50.418565    	       14.663258    
        52.370968    	       14.996024    
        54.084064    	       15.198507    
        57.287735    	       15.416464    
        60.029732    	       15.627133    
        62.465527    	       15.765579    
 &  cycle #   9 chisq =   160111.411 E =  56.42
