  0.18904147299999999        777.29623300000003     
  0.31857430500000000        30.921424150000000     
  0.41829581999999998        20.407816059999998     
  0.75289831699999998        121.28397320000001     
   1.0805160530000000        17.432730490000001     
   1.3044173619999999        11.425309450000000     
   1.9184915149999999        51.139941810000003     
   2.4277688249999998        10.011971770000001     
   2.7948061719999999        8.4325874229999993     
   3.7053680040000003        24.160910749999999     
   4.4101892190000003        8.0988707519999998     
   4.8535345320000003        6.8905789679999998     
   6.0306764529999999        13.240536960000000     
   7.1297472959999997        7.3922319429999996     
   7.9414078960000012        6.8184570080000002     
   9.7855697920000004        11.086528789999999     
   11.542594129999999        6.4661493129999998     
   13.060589869999999        6.3984540189999999     
   16.006523919999999        9.6977062020000009     
   18.405811440000001        7.4190500889999997     
   20.276560470000000        9.5962461720000007     
   23.852033039999998        12.152884580000000     
   26.186715490000001        10.539405070000001     
   27.691605860000003        10.547222630000000     
   29.944387549999995        11.079316199999999     
   31.451019129999995        12.257615350000000     
   32.491970889999997        14.548207769999999     
   34.210842260000000        15.930565250000001     
   35.457055519999997        18.518166040000001     
   36.414945250000002        19.860221090000000     
   38.418430000000001        17.939489760000001     
   40.691781120000002        16.014816280000002     
   42.503971810000003        14.305784460000000     
   45.727774279999998        14.291294110000001     
   47.392841539999999        13.185165690000000     
   48.426477759999997        12.998072320000000     
   50.386740209999999        14.136223670000000     
   51.933736150000001        13.697037300000000     
   53.053066430000008        13.106531179999999     
   55.825672619999999        15.114918840000000     
   60.334534429999998        15.099405539999999     
   63.304579949999997        13.496225089999999     
   68.009513859999998        15.930491780000001     
   71.247624349999995        16.395318310000000     
   73.814294300000000        16.406157019999998     
   82.958762039999996        16.281953309999999     
   88.947536339999999        14.271483610000001     
   92.691512779999996        13.416533129999999     
   98.047237769999995        12.834657170000000     
   99.231956890000006        12.856253660000000     
   99.489912419999996        14.390532869999999     
   99.673966309999997        15.404854260000000     
   99.750647860000001        16.997722899999999     
   99.797514849999999        18.376977369999999     
   99.878459039999996        15.691063529999999     
   99.918801840000000        23.338683830000001     
   99.937075519999993        25.648873309999999     
   99.969636370000003        32.654292920000003     
   99.988559570000007        32.956344430000001     
   99.999999990000006        59.785017140000001     
