   2.2985798289999999        1.1031211000000001E-002
   1.5750065369999999        1.4449204000000000E-002
   1.2125268670000000        1.1885691000000000E-002
   4.0684752340000001        2.1055483000000000E-002
   3.9835466220000000        9.9099740000000002E-003
   2.7224451159999998        1.0932366000000001E-002
   7.4666074210000000        2.0184475000000000E-002
   6.1923689810000004        2.1076622000000000E-002
   4.4628548019999998        1.0715195000000000E-002
   11.071639630000000        7.2622452000000004E-002
   8.5700127350000006        3.4040068999999999E-002
   5.3906932769999996        2.2535122000000001E-002
   14.313021570000000        3.9837750999999998E-002
   13.363745189999999        1.5564513000000000E-002
   9.8690867149999999        2.9443104000000001E-002
   22.423404120000001        1.9774698000000000E-002
   21.363887280000000        1.6059634000000000E-002
   18.457507440000001        1.9121427999999999E-002
   35.819994870000002        3.0039351999999998E-002
   29.173248780000002        2.6643707999999999E-002
   22.746680529999999        1.7966902999999999E-002
   43.474635589999998        3.4595448000000001E-002
   28.387707290000002        2.2992292000000001E-002
   18.298157440000001        1.2882635000000000E-002
   27.391865379999999        3.1360533000000003E-002
   18.319329110000002        1.7823088000000001E-002
   12.657067680000001        1.5235719999999999E-002
   20.899980419999999        1.4146531000000000E-002
   15.152868880000000        1.8545334000000000E-002
   11.647105789999999        1.0230236000000000E-002
   24.360631349999998        2.7263735000000001E-002
   27.641971640000001        3.2171298000000001E-002
   22.034662149999999        1.4985527000000000E-002
   39.198633119999997        3.6209087000000001E-002
   20.245769190000001        1.9058522000000001E-002
   12.568117089999999        1.8221920999999999E-002
   23.835085910000000        1.9047729999999999E-002
   18.810124590000001        4.6186309000000002E-002
   13.610082340000000        1.4302485000000000E-002
   33.712478900000001        3.6163888999999998E-002
   54.823836659999998        3.7336099999999997E-002
   36.113169440000000        2.8652275000000001E-002
   57.207902769999997        3.9546018000000002E-002
   39.372606179999998        2.8455332999999999E-002
   31.208473410000000        2.8645568999999999E-002
   111.18877150000000        5.4943097000000003E-002
   72.818284980000001        6.2133875999999998E-002
   45.523495949999997        4.1746068999999997E-002
   65.120956160000006        3.9294879999999997E-002
   14.405153700000000        1.3972567999999999E-002
   3.1365148490000001        1.7922095999999998E-002
   2.2379351609999998        1.2728504000000000E-002
  0.93238086799999997        1.1352869999999999E-002
  0.56986185600000006        1.3200083000000000E-002
  0.98421088999999995        1.5958474000000000E-002
  0.49053334199999998        1.6163500000000001E-002
  0.22219207399999999        7.9104239999999992E-003
  0.39591164499999998        9.7760829999999996E-003
  0.23008962699999999        1.5794902000000000E-002
  0.13910564400000000        9.9143040000000005E-003
