0.000000	5.197584
0.059408	5.197584
0.059408	5.699596
0.237942	5.699596
0.237942	5.890945
0.340039	5.890945
0.340039	5.991105
0.596059	5.991105
0.596059	6.089354
0.862052	6.089354
0.862052	6.151458
1.063088	6.151458
1.063088	6.225988
1.688868	6.225988
1.688868	6.297050
2.315573	6.297050
2.315573	6.339286
2.785334	6.339286
2.785334	6.429321
3.912795	6.429321
3.912795	6.673891
4.590089	6.673891
4.590089	6.961728
4.982211	6.961728
4.982211	7.254649
6.007286	7.254649
6.007286	7.496277
6.942803	7.496277
6.942803	7.656426
7.696914	7.656426
7.696914	7.886234
9.849763	7.886234
9.849763	8.208129
11.628820	8.208129
11.628820	8.513929
12.938494	8.513929
12.938494	8.999162
16.124651	8.999162
16.124651	9.455038
18.402572	9.455038
18.402572	9.696357
20.115904	9.696357
20.115904	10.100308
23.915599	10.100308
23.915599	10.737681
26.163742	10.737681
26.163742	11.213304
27.589433	11.213304
27.589433	11.708184
30.096498	11.708184
30.096498	12.362737
31.408372	12.362737
31.408372	12.967300
32.236336	12.967300
32.236336	13.576381
33.965961	13.576381
33.965961	13.874115
35.328247	13.874115
35.328247	13.963420
36.479317	13.963420
36.479317	14.042322
39.063725	14.042322
39.063725	14.127021
40.970833	14.127021
40.970833	14.207436
42.429128	14.207436
42.429128	14.354251
45.014262	14.354251
45.014262	14.581026
46.706066	14.581026
46.706066	14.765387
47.980905	14.765387
47.980905	14.941209
50.355563	14.941209
50.355563	15.066708
52.285903	15.066708
52.285903	15.134034
53.976719	15.134034
53.976719	15.202737
57.178767	15.202737
57.178767	15.267249
59.911314	15.267249
59.911314	15.308880
62.335170	15.308880
& cycle # 2, chisq = 116291.964537, e = 57.543338
0.000000	4.440559
0.059408	4.440559
0.059408	4.977261
0.237942	4.977261
0.237942	5.188277
0.340039	5.188277
0.340039	5.303787
0.596059	5.303787
0.596059	5.418041
0.862052	5.418041
0.862052	5.490795
1.063088	5.490795
1.063088	5.578779
1.688868	5.578779
1.688868	5.663531
2.315573	5.663531
2.315573	5.714777
2.785334	5.714777
2.785334	5.825367
3.912795	5.825367
3.912795	6.126706
4.590089	6.126706
4.590089	6.482019
4.982211	6.482019
4.982211	6.844720
6.007286	6.844720
6.007286	7.144097
6.942803	7.144097
6.942803	7.341450
7.696914	7.341450
7.696914	7.621225
9.849763	7.621225
9.849763	8.007772
11.628820	8.007772
11.628820	8.370900
12.938494	8.370900
12.938494	8.937585
16.124651	8.937585
16.124651	9.450775
18.402572	9.450775
18.402572	9.703627
20.115904	9.703627
20.115904	10.108079
23.915599	10.108079
23.915599	10.735305
26.163742	10.735305
26.163742	11.196755
27.589433	11.196755
27.589433	11.664676
30.096498	11.664676
30.096498	12.269442
31.408372	12.269442
31.408372	12.827595
32.236336	12.827595
32.236336	13.396687
33.965961	13.396687
33.965961	13.684204
35.328247	13.684204
35.328247	13.776775
36.479317	13.776775
36.479317	13.865130
39.063725	13.865130
39.063725	13.966857
40.970833	13.966857
40.970833	14.066789
42.429128	14.066789
42.429128	14.251847
45.014262	14.251847
45.014262	14.540539
46.706066	14.540539
46.706066	14.777908
47.980905	14.777908
47.980905	15.008645
50.355563	15.008645
50.355563	15.178417
52.285903	15.178417
52.285903	15.272497
53.976719	15.272497
53.976719	15.370211
57.178767	15.370211
57.178767	15.462908
59.911314	15.462908
59.911314	15.523123
62.335170	15.523123
& cycle # 3, chisq = 120509.911679, e = 57.543338
0.000000	4.803844
0.059408	4.803844
0.059408	6.320317
0.237942	6.320317
0.237942	6.688143
0.340039	6.688143
0.340039	6.852738
0.596059	6.852738
0.596059	6.996434
0.862052	6.996434
0.862052	7.080349
1.063088	7.080349
1.063088	7.174845
1.688868	7.174845
1.688868	7.258655
2.315573	7.258655
2.315573	7.302645
2.785334	7.302645
2.785334	7.387504
3.912795	7.387504
3.912795	7.611136
4.590089	7.611136
4.590089	7.867891
4.982211	7.867891
4.982211	8.113622
6.007286	8.113622
6.007286	8.298682
6.942803	8.298682
6.942803	8.413638
7.696914	8.413638
7.696914	8.568423
9.849763	8.568423
9.849763	8.775550
11.628820	8.775550
11.628820	8.969507
12.938494	8.969507
12.938494	9.280337
16.124651	9.280337
16.124651	9.583697
18.402572	9.583697
18.402572	9.757408
20.115904	9.757408
20.115904	10.066751
23.915599	10.066751
23.915599	10.577739
26.163742	10.577739
26.163742	10.986527
27.589433	10.986527
27.589433	11.482724
30.096498	11.482724
30.096498	12.236906
31.408372	12.236906
31.408372	12.959005
32.236336	12.959005
32.236336	13.695604
33.965961	13.695604
33.965961	14.062524
35.328247	14.062524
35.328247	14.173378
36.479317	14.173378
36.479317	14.267317
39.063725	14.267317
39.063725	14.362945
40.970833	14.362945
40.970833	14.451053
42.429128	14.451053
42.429128	14.609840
45.014262	14.609840
45.014262	14.853070
46.706066	14.853070
46.706066	15.049089
47.980905	15.049089
47.980905	15.233441
50.355563	15.233441
50.355563	15.362202
52.285903	15.362202
52.285903	15.429741
53.976719	15.429741
53.976719	15.497932
57.178767	15.497932
57.178767	15.561625
59.911314	15.561625
59.911314	15.602598
62.335170	15.602598
& cycle # 6, chisq = 116548.690812, e = 57.543338
0.000000	7.310572
0.059408	7.310572
0.059408	8.051314
0.237942	8.051314
0.237942	8.325479
0.340039	8.325479
0.340039	8.471804
0.596059	8.471804
0.596059	8.607382
0.862052	8.607382
0.862052	8.688534
1.063088	8.688534
1.063088	8.780065
1.688868	8.780065
1.688868	8.859512
2.315573	8.859512
2.315573	8.898589
2.785334	8.898589
2.785334	8.968886
3.912795	8.968886
3.912795	9.149167
4.590089	9.149167
4.590089	9.350946
4.982211	9.350946
4.982211	9.530943
6.007286	9.530943
6.007286	9.650507
6.942803	9.650507
6.942803	9.716941
7.696914	9.716941
7.696914	9.794753
9.849763	9.794753
9.849763	9.885607
11.628820	9.885607
11.628820	9.964175
12.938494	9.964175
12.938494	10.082286
16.124651	10.082286
16.124651	10.185260
18.402572	10.185260
18.402572	10.233544
20.115904	10.233544
20.115904	10.311885
23.915599	10.311885
23.915599	10.441991
26.163742	10.441991
26.163742	10.551972
27.589433	10.551972
27.589433	10.704589
30.096498	10.704589
30.096498	10.965951
31.408372	10.965951
31.408372	11.233151
32.236336	11.233151
32.236336	11.536739
33.965961	11.536739
33.965961	11.732200
35.328247	11.732200
35.328247	11.824738
36.479317	11.824738
36.479317	11.945553
39.063725	11.945553
39.063725	12.118874
40.970833	12.118874
40.970833	12.306586
42.429128	12.306586
42.429128	12.670873
45.014262	12.670873
45.014262	13.261545
46.706066	13.261545
46.706066	13.770951
47.980905	13.770951
47.980905	14.307188
50.355563	14.307188
50.355563	14.750821
52.285903	14.750821
52.285903	15.026443
53.976719	15.026443
53.976719	15.330801
57.178767	15.330801
57.178767	15.630159
59.911314	15.630159
59.911314	15.829122
62.335170	15.829122
& cycle # 9, chisq = 148294.581748, e = 57.543338
0.000000	4.846579
0.059408	4.846579
0.059408	5.490298
0.237942	5.490298
0.237942	5.741285
0.340039	5.741285
0.340039	5.881247
0.596059	5.881247
0.596059	6.017049
0.862052	6.017049
0.862052	6.101980
1.063088	6.101980
1.063088	6.202583
1.688868	6.202583
1.688868	6.296472
2.315573	6.296472
2.315573	6.350019
2.785334	6.350019
2.785334	6.460373
3.912795	6.460373
3.912795	6.756488
4.590089	6.756488
4.590089	7.100840
4.982211	7.100840
4.982211	7.440286
6.007286	7.440286
6.007286	7.706330
6.942803	7.706330
6.942803	7.875144
7.696914	7.875144
7.696914	8.105316
9.849763	8.105316
9.849763	8.414233
11.628820	8.414233
11.628820	8.701311
12.938494	8.701311
12.938494	9.149942
16.124651	9.149942
16.124651	9.561446
18.402572	9.561446
18.402572	9.770767
20.115904	9.770767
20.115904	10.115511
23.915599	10.115511
23.915599	10.661772
26.163742	10.661772
26.163742	11.076751
27.589433	11.076751
27.589433	11.531057
30.096498	11.531057
30.096498	12.166143
31.408372	12.166143
31.408372	12.765816
32.236336	12.765816
32.236336	13.383907
33.965961	13.383907
33.965961	13.702559
35.328247	13.702559
35.328247	13.807562
36.479317	13.807562
36.479317	13.907808
39.063725	13.907808
39.063725	14.022672
40.970833	14.022672
40.970833	14.135107
42.429128	14.135107
42.429128	14.342889
45.014262	14.342889
45.014262	14.666535
46.706066	14.666535
46.706066	14.932195
47.980905	14.932195
47.980905	15.189762
50.355563	15.189762
50.355563	15.378570
52.285903	15.378570
52.285903	15.482848
53.976719	15.482848
53.976719	15.591016
57.178767	15.591016
57.178767	15.693584
59.911314	15.693584
59.911314	15.760196
62.335170	15.760196
& cycle # 11, chisq = 121348.288553, e = 57.543338
0.000000	4.874832
0.063415	4.874832
0.063415	5.401556
0.250960	5.401556
0.250960	5.595141
0.358416	5.595141
0.358416	5.700379
0.625894	5.700379
0.625894	5.802813
0.903528	5.802813
0.903528	5.866970
1.113587	5.866970
1.113587	5.941739
1.761994	5.941739
1.761994	6.011478
2.403650	6.011478
2.403650	6.060143
2.868765	6.060143
2.868765	6.183179
3.901736	6.183179
3.901736	6.502116
4.509296	6.502116
4.509296	6.787585
4.893578	6.787585
4.893578	7.036077
5.965196	7.036077
5.965196	7.270409
6.952550	7.270409
6.952550	7.433430
7.745163	7.433430
7.745163	7.695389
9.925082	7.695389
9.925082	8.106997
11.644539	8.106997
11.644539	8.481786
12.894637	8.481786
12.894637	8.949665
16.035853	8.949665
16.035853	9.311063
18.385693	9.311063
18.385693	9.540722
20.148321	9.540722
20.148321	9.990131
23.939162	9.990131
23.939162	10.711746
26.144376	10.711746
26.144376	11.218796
27.551852	11.218796
27.551852	11.699522
30.057480	11.699522
30.057480	12.321992
31.391560	12.321992
31.391560	12.908646
32.236007	12.908646
32.236007	13.517510
33.978346	13.517510
33.978346	13.822639
35.346280	13.822639
35.346280	13.912729
36.502305	13.912729
36.502305	13.992270
39.081980	13.992270
39.081980	14.078656
40.989947	14.078656
40.989947	14.160892
42.452262	14.160892
42.452262	14.309815
45.041000	14.309815
45.041000	14.537978
46.747284	14.537978
46.747284	14.723305
48.037863	14.723305
48.037863	14.900710
50.432628	14.900710
50.432628	15.028334
52.381554	15.028334
52.381554	15.097070
54.089542	15.097070
54.089542	15.166918
57.309201	15.166918
57.309201	15.232316
60.059764	15.232316
60.059764	15.274399
62.501037	15.274399
& cycle # 2, chisq = 107172.206324, e = 57.133051
0.000000	4.228710
0.063415	4.228710
0.063415	4.800165
0.250960	4.800165
0.250960	5.018997
0.358416	5.018997
0.358416	5.143566
0.625894	5.143566
0.625894	5.265757
0.903528	5.265757
0.903528	5.342782
1.113587	5.342782
1.113587	5.433116
1.761994	5.433116
1.761994	5.518118
2.403650	5.518118
2.403650	5.578165
2.868765	5.578165
2.868765	5.730744
3.901736	5.730744
3.901736	6.126747
4.509296	6.126747
4.509296	6.481495
4.893578	6.481495
4.893578	6.790382
5.965196	6.790382
5.965196	7.080656
6.952550	7.080656
6.952550	7.281152
7.745163	7.281152
7.745163	7.599995
9.925082	7.599995
9.925082	8.096163
11.644539	8.096163
11.644539	8.543212
12.894637	8.543212
12.894637	9.087318
16.035853	9.087318
16.035853	9.480595
18.385693	9.480595
18.385693	9.709440
20.148321	9.709440
20.148321	10.143308
23.939162	10.143308
23.939162	10.829770
26.144376	10.829770
26.144376	11.305651
27.551852	11.305651
27.551852	11.745675
30.057480	11.745675
30.057480	12.303728
31.391560	12.303728
31.391560	12.830376
32.236007	12.830376
32.236007	13.384424
33.978346	13.384424
33.978346	13.672164
35.346280	13.672164
35.346280	13.763891
36.502305	13.763891
36.502305	13.851488
39.081980	13.851488
39.081980	13.953198
40.989947	13.953198
40.989947	14.053151
42.452262	14.053151
42.452262	14.236537
45.041000	14.236537
45.041000	14.520028
46.747284	14.520028
46.747284	14.752623
48.037863	14.752623
48.037863	14.979019
50.432628	14.979019
50.432628	15.146217
52.381554	15.146217
52.381554	15.238831
54.089542	15.238831
54.089542	15.334390
57.309201	15.334390
57.309201	15.424643
60.059764	15.424643
60.059764	15.483036
62.501037	15.483036
& cycle # 3, chisq = 110962.420110, e = 57.133051
0.000000	4.831101
0.063415	4.831101
0.063415	6.487546
0.250960	6.487546
0.250960	6.812389
0.358416	6.812389
0.358416	6.962608
0.625894	6.962608
0.625894	7.095614
0.903528	7.095614
0.903528	7.173586
1.113587	7.173586
1.113587	7.259299
1.761994	7.259299
1.761994	7.332858
2.403650	7.332858
2.403650	7.377942
2.868765	7.377942
2.868765	7.484827
3.901736	7.484827
3.901736	7.754862
4.509296	7.754862
4.509296	7.988552
4.893578	7.988552
4.893578	8.175490
5.965196	8.175490
5.965196	8.336759
6.952550	8.336759
6.952550	8.441333
7.745163	8.441333
7.745163	8.598969
9.925082	8.598969
9.925082	8.839466
11.644539	8.839466
11.644539	9.057348
12.894637	9.057348
12.894637	9.334228
16.035853	9.334228
16.035853	9.560862
18.385693	9.560862
18.385693	9.716948
20.148321	9.716948
20.148321	10.036868
23.939162	10.036868
23.939162	10.575327
26.144376	10.575327
26.144376	10.986927
27.551852	10.986927
27.551852	11.462604
30.057480	11.462604
30.057480	12.192179
31.391560	12.192179
31.391560	12.907151
32.236007	12.907151
32.236007	13.659605
33.978346	13.659605
33.978346	14.044653
35.346280	14.044653
35.346280	14.159209
36.502305	14.159209
36.502305	14.255303
39.081980	14.255303
39.081980	14.353135
40.989947	14.353135
40.989947	14.442899
42.452262	14.442899
42.452262	14.602795
45.041000	14.602795
45.041000	14.845119
46.747284	14.845119
46.747284	15.039685
48.037863	15.039685
48.037863	15.222520
50.432628	15.222520
50.432628	15.350295
52.381554	15.350295
52.381554	15.417036
54.089542	15.417036
54.089542	15.483841
57.309201	15.483841
57.309201	15.545914
60.059764	15.545914
60.059764	15.585676
62.501037	15.585676
& cycle # 6, chisq = 106749.037460, e = 57.133051
0.000000	6.999830
0.063415	6.999830
0.063415	7.865687
0.250960	7.865687
0.250960	8.170464
0.358416	8.170464
0.358416	8.336929
0.625894	8.336929
0.625894	8.488762
0.903528	8.488762
0.903528	8.578190
1.113587	8.578190
1.113587	8.675220
1.761994	8.675220
1.761994	8.755203
2.403650	8.755203
2.403650	8.800235
2.868765	8.800235
2.868765	8.901535
3.901736	8.901535
3.901736	9.151341
4.509296	9.151341
4.509296	9.360305
4.893578	9.360305
4.893578	9.512171
5.965196	9.512171
5.965196	9.628105
6.952550	9.628105
6.952550	9.694867
7.745163	9.694867
7.745163	9.782505
9.925082	9.782505
9.925082	9.904373
11.644539	9.904373
11.644539	10.008782
12.894637	10.008782
12.894637	10.131288
16.035853	10.131288
16.035853	10.214670
18.385693	10.214670
18.385693	10.260670
20.148321	10.260670
20.148321	10.350416
23.939162	10.350416
23.939162	10.502291
26.144376	10.502291
26.144376	10.623540
27.551852	10.623540
27.551852	10.780231
30.057480	10.780231
30.057480	11.045239
31.391560	11.045239
31.391560	11.319913
32.236007	11.319913
32.236007	11.638414
33.978346	11.638414
33.978346	11.844012
35.346280	11.844012
35.346280	11.938167
36.502305	11.938167
36.502305	12.058624
39.081980	12.058624
39.081980	12.229478
40.989947	12.229478
40.989947	12.413024
42.452262	12.413024
42.452262	12.764571
45.041000	12.764571
45.041000	13.327476
46.747284	13.327476
46.747284	13.809684
48.037863	13.809684
48.037863	14.313813
50.432628	14.313813
50.432628	14.727458
52.381554	14.727458
52.381554	14.981662
54.089542	14.981662
54.089542	15.259013
57.309201	15.259013
57.309201	15.529558
60.059764	15.529558
60.059764	15.708145
62.501037	15.708145
& cycle # 9, chisq = 136136.475743, e = 57.133051
0.000000	8.101407
0.063415	8.101407
0.063415	8.602057
0.250960	8.602057
0.250960	8.770685
0.358416	8.770685
0.358416	8.852793
0.625894	8.852793
0.625894	8.928921
0.903528	8.928921
0.903528	8.974364
1.113587	8.974364
1.113587	9.024273
1.761994	9.024273
1.761994	9.066110
2.403650	9.066110
2.403650	9.090388
2.868765	9.090388
2.868765	9.145938
3.901736	9.145938
3.901736	9.283730
4.509296	9.283730
4.509296	9.399796
4.893578	9.399796
4.893578	9.485691
5.965196	9.485691
5.965196	9.552635
6.952550	9.552635
6.952550	9.591848
7.745163	9.591848
7.745163	9.644332
9.925082	9.644332
9.925082	9.718282
11.644539	9.718282
11.644539	9.782136
12.894637	9.782136
12.894637	9.857918
16.035853	9.857918
16.035853	9.911119
18.385693	9.911119
18.385693	9.941936
20.148321	9.941936
20.148321	10.003573
23.939162	10.003573
23.939162	10.110621
26.144376	10.110621
26.144376	10.200018
27.551852	10.200018
27.551852	10.325380
30.057480	10.325380
30.057480	10.549198
31.391560	10.549198
31.391560	10.786710
32.236007	10.786710
32.236007	11.073026
33.978346	11.073026
33.978346	11.275048
35.346280	11.275048
35.346280	11.381130
36.502305	11.381130
36.502305	11.532257
39.081980	11.532257
39.081980	11.760463
40.989947	11.760463
40.989947	12.012472
42.452262	12.012472
42.452262	12.502895
45.041000	12.502895
45.041000	13.299788
46.747284	13.299788
46.747284	13.995204
48.037863	13.995204
48.037863	14.744025
50.432628	14.744025
50.432628	15.383265
52.381554	15.383265
52.381554	15.790156
54.089542	15.790156
54.089542	16.242186
57.309201	16.242186
57.309201	16.687688
60.059764	16.687688
60.059764	16.983611
62.501037	16.983611
& cycle # 10, chisq = 158684.198805, e = 57.133051
0.000000	4.789386
0.097228	4.789386
0.097228	5.318558
0.322757	5.318558
0.322757	5.458252
0.456229	5.458252
0.456229	5.552544
0.753282	5.552544
0.753282	5.643191
1.048748	5.643191
1.048748	5.721822
1.257683	5.721822
1.257683	5.877742
1.727423	5.877742
1.727423	6.112792
2.115764	6.112792
2.115764	6.255981
2.411500	6.255981
2.411500	6.410825
3.191777	6.410825
3.191777	6.586074
3.949258	6.586074
3.949258	6.711134
4.562769	6.711134
4.562769	6.878963
6.145192	6.878963
6.145192	7.129257
7.493567	7.129257
7.493567	7.412899
8.460469	7.412899
8.460469	7.972694
10.449689	7.972694
10.449689	8.709744
11.928633	8.709744
11.928633	9.093614
13.093548	9.093614
13.093548	9.412007
15.980714	9.412007
15.980714	9.675369
18.294222	9.675369
18.294222	9.829549
20.111210	9.829549
20.111210	10.036553
23.890541	10.036553
23.890541	10.348000
26.247417	10.348000
26.247417	10.691016
27.683750	10.691016
27.683750	11.356127
29.760275	11.356127
29.760275	12.285082
30.946134	12.285082
30.946134	12.707378
31.858198	12.707378
31.858198	12.928267
33.885075	12.928267
33.885075	13.062029
35.561329	13.062029
35.561329	13.147442
36.945942	13.147442
36.945942	13.278845
39.575534	13.278845
39.575534	13.487672
41.402296	13.487672
41.402296	13.711731
42.749341	13.711731
42.749341	14.057658
44.944981	14.057658
44.944981	14.457121
46.538128	14.457121
46.538128	14.700027
47.859198	14.700027
47.859198	14.903176
50.286187	14.903176
50.286187	15.073351
52.352262	15.073351
52.352262	15.188615
54.187770	15.188615
54.187770	15.308271
57.418594	15.308271
57.418594	15.417902
60.221795	15.417902
60.221795	15.488270
62.726413	15.488270
& cycle # 1, chisq = 88529.522156, e = 50.987536
0.000000	5.900579
0.097228	5.900579
0.097228	6.444143
0.322757	6.444143
0.322757	6.580178
0.456229	6.580178
0.456229	6.667281
0.753282	6.667281
0.753282	6.746660
1.048748	6.746660
1.048748	6.812317
1.257683	6.812317
1.257683	6.939466
1.727423	6.939466
1.727423	7.127159
2.115764	7.127159
2.115764	7.237644
2.411500	7.237644
2.411500	7.352235
3.191777	7.352235
3.191777	7.478092
3.949258	7.478092
3.949258	7.565463
4.562769	7.565463
4.562769	7.679079
6.145192	7.679079
6.145192	7.844944
7.493567	7.844944
7.493567	8.031966
8.460469	8.031966
8.460469	8.402687
10.449689	8.402687
10.449689	8.897021
11.928633	8.897021
11.928633	9.162744
13.093548	9.162744
13.093548	9.398909
15.980714	9.398909
15.980714	9.614348
18.294222	9.614348
18.294222	9.758116
20.111210	9.758116
20.111210	9.978578
23.890541	9.978578
23.890541	10.346842
26.247417	10.346842
26.247417	10.784048
27.683750	10.784048
27.683750	11.661117
29.760275	11.661117
29.760275	12.892508
30.946134	12.892508
30.946134	13.445940
31.858198	13.445940
31.858198	13.718289
33.885075	13.718289
33.885075	13.858055
35.561329	13.858055
35.561329	13.928907
36.945942	13.928907
36.945942	14.021908
39.575534	14.021908
39.575534	14.158984
41.402296	14.158984
41.402296	14.300258
42.749341	14.300258
42.749341	14.511206
44.944981	14.511206
44.944981	14.744716
46.538128	14.744716
46.538128	14.877143
47.859198	14.877143
47.859198	14.976610
50.286187	14.976610
50.286187	15.051369
52.352262	15.051369
52.352262	15.098495
54.187770	15.098495
54.187770	15.145310
57.418594	15.145310
57.418594	15.186455
60.221795	15.186455
60.221795	15.211468
62.726413	15.211468
& cycle # 2, chisq = 78626.637363, e = 50.987536
0.000000	6.024287
0.097228	6.024287
0.097228	6.509626
0.322757	6.509626
0.322757	6.624293
0.456229	6.624293
0.456229	6.699161
0.753282	6.699161
0.753282	6.768805
1.048748	6.768805
1.048748	6.827470
1.257683	6.827470
1.257683	6.942101
1.727423	6.942101
1.727423	7.112658
2.115764	7.112658
2.115764	7.214390
2.411500	7.214390
2.411500	7.321715
3.191777	7.321715
3.191777	7.441230
3.949258	7.441230
3.949258	7.525426
4.562769	7.525426
4.562769	7.637085
6.145192	7.637085
6.145192	7.802705
7.493567	7.802705
7.493567	7.990731
8.460469	7.990731
8.460469	8.364703
10.449689	8.364703
10.449689	8.864950
11.928633	8.864950
11.928633	9.135041
13.093548	9.135041
13.093548	9.375843
15.980714	9.375843
15.980714	9.594947
18.294222	9.594947
18.294222	9.740143
20.111210	9.740143
20.111210	9.960757
23.890541	9.960757
23.890541	10.326064
26.247417	10.326064
26.247417	10.756953
27.683750	10.756953
27.683750	11.618813
29.760275	11.618813
29.760275	12.828175
30.946134	12.828175
30.946134	13.372096
31.858198	13.372096
31.858198	13.641056
33.885075	13.641056
33.885075	13.781212
35.561329	13.781212
35.561329	13.854110
36.945942	13.854110
36.945942	13.951780
39.575534	13.951780
39.575534	14.097236
41.402296	14.097236
41.402296	14.247967
42.749341	14.247967
42.749341	14.474012
44.944981	14.474012
44.944981	14.725577
46.538128	14.725577
46.538128	14.869537
47.859198	14.869537
47.859198	14.979251
50.286187	14.979251
50.286187	15.062993
52.352262	15.062993
52.352262	15.116320
54.187770	15.116320
54.187770	15.169587
57.418594	15.169587
57.418594	15.216615
60.221795	15.216615
60.221795	15.245354
62.726413	15.245354
& cycle # 3, chisq = 79233.011146, e = 50.987536
0.000000	4.381250
0.097228	4.381250
0.097228	5.148457
0.322757	5.148457
0.322757	5.415519
0.456229	5.415519
0.456229	5.601833
0.753282	5.601833
0.753282	5.783167
1.048748	5.783167
1.048748	5.941074
1.257683	5.941074
1.257683	6.252206
1.727423	6.252206
1.727423	6.713800
2.115764	6.713800
2.115764	6.984896
2.411500	6.984896
2.411500	7.259065
3.191777	7.259065
3.191777	7.544202
3.949258	7.544202
3.949258	7.724184
4.562769	7.724184
4.562769	7.919596
6.145192	7.919596
6.145192	8.154361
7.493567	8.154361
7.493567	8.391848
8.460469	8.391848
8.460469	8.830654
10.449689	8.830654
10.449689	9.368833
11.928633	9.368833
11.928633	9.616228
13.093548	9.616228
13.093548	9.788362
15.980714	9.788362
15.980714	9.916115
18.294222	9.916115
18.294222	9.987003
20.111210	9.987003
20.111210	10.082861
23.890541	10.082861
23.890541	10.236068
26.247417	10.236068
26.247417	10.416578
27.683750	10.416578
27.683750	10.784431
29.760275	10.784431
29.760275	11.320199
30.946134	11.320199
30.946134	11.583728
31.858198	11.583728
31.858198	11.750813
33.885075	11.750813
33.885075	11.882607
35.561329	11.882607
35.561329	11.985932
36.945942	11.985932
36.945942	12.161771
39.575534	12.161771
39.575534	12.453990
41.402296	12.453990
41.402296	12.776024
42.749341	12.776024
42.749341	13.286583
44.944981	13.286583
44.944981	13.897570
46.538128	13.897570
46.538128	14.290756
47.859198	14.290756
47.859198	14.646624
50.286187	14.646624
50.286187	14.966584
52.352262	14.966584
52.352262	15.192951
54.187770	15.192951
54.187770	15.433802
57.418594	15.433802
57.418594	15.658710
60.221795	15.658710
60.221795	15.805867
62.726413	15.805867
& cycle # 5, chisq = 105164.432618, e = 50.987536
0.000000	4.483026
0.097228	4.483026
0.097228	5.827938
0.322757	5.827938
0.322757	6.148818
0.456229	6.148818
0.456229	6.318079
0.753282	6.318079
0.753282	6.454019
1.048748	6.454019
1.048748	6.555208
1.257683	6.555208
1.257683	6.742805
1.727423	6.742805
1.727423	7.011366
2.115764	7.011366
2.115764	7.162071
2.411500	7.162071
2.411500	7.309440
3.191777	7.309440
3.191777	7.464438
3.949258	7.464438
3.949258	7.567452
4.562769	7.567452
4.562769	7.693792
6.145192	7.693792
6.145192	7.869222
7.493567	7.869222
7.493567	8.062639
8.460469	8.062639
8.460469	8.441465
10.449689	8.441465
10.449689	8.940208
11.928633	8.940208
11.928633	9.202734
13.093548	9.202734
13.093548	9.430182
15.980714	9.430182
15.980714	9.635101
18.294222	9.635101
18.294222	9.771588
20.111210	9.771588
20.111210	9.982848
23.890541	9.982848
23.890541	10.341241
26.247417	10.341241
26.247417	10.772502
27.683750	10.772502
27.683750	11.644525
29.760275	11.644525
29.760275	12.874621
30.946134	12.874621
30.946134	13.431218
31.858198	13.431218
31.858198	13.708564
33.885075	13.708564
33.885075	13.852336
35.561329	13.852336
35.561329	13.925232
36.945942	13.925232
36.945942	14.020528
39.575534	14.020528
39.575534	14.160521
41.402296	14.160521
41.402296	14.304470
42.749341	14.304470
42.749341	14.518949
44.944981	14.518949
44.944981	14.755692
46.538128	14.755692
46.538128	14.889295
47.859198	14.889295
47.859198	14.988835
50.286187	14.988835
50.286187	15.062997
52.352262	15.062997
52.352262	15.109477
54.187770	15.109477
54.187770	15.155510
57.418594	15.155510
57.418594	15.195876
60.221795	15.195876
60.221795	15.220357
62.726413	15.220357
& cycle # 6, chisq = 79179.627849, e = 50.987536
0.000000	4.256811
0.045507	4.256811
0.045507	6.046525
0.209779	6.046525
0.209779	6.404111
0.301743	6.404111
0.301743	6.592784
0.553318	6.592784
0.553318	6.749355
0.817679	6.749355
0.817679	6.836932
1.015023	6.836932
1.015023	6.937826
1.689749	6.937826
1.689749	7.022169
2.363770	7.022169
2.363770	7.063313
2.851406	7.063313
2.851406	7.160627
4.006377	7.160627
4.006377	7.459664
4.597527	7.459664
4.597527	7.745481
4.941619	7.745481
4.941619	7.960326
5.990508	7.960326
5.990508	8.139301
6.950256	8.139301
6.950256	8.249833
7.709294	8.249833
7.709294	8.428852
9.952849	8.428852
9.952849	8.725017
11.620147	8.725017
11.620147	8.988210
12.790198	8.988210
12.790198	9.287243
16.035033	9.287243
16.035033	9.508851
18.420846	9.508851
18.420846	9.679464
20.148485	9.679464
20.148485	10.078370
23.965829	10.078370
23.965829	10.717973
26.078040	10.717973
26.078040	11.063008
27.464398	11.063008
27.464398	11.402859
30.163570	11.402859
30.163570	12.054188
31.471144	12.054188
31.471144	12.769995
32.243425	12.769995
32.243425	13.528861
33.931598	13.528861
33.931598	13.891150
35.243271	13.891150
35.243271	14.007819
36.345807	14.007819
36.345807	14.112007
39.020482	14.112007
39.020482	14.213616
40.966734	14.213616
40.966734	14.306717
42.436107	14.306717
42.436107	14.491780
45.137050	14.491780
45.137050	14.802760
46.795645	14.802760
46.795645	15.060618
48.004132	15.060618
48.004132	15.304772
50.370599	15.304772
50.370599	15.471971
52.269199	15.471971
52.269199	15.560426
53.921556	15.560426
53.921556	15.653810
57.225569	15.653810
57.225569	15.740296
60.007339	15.740296
60.007339	15.793495
62.451799	15.793495
& cycle # 2, chisq = 142209.083973, e = 62.396842
0.000000	5.066016
0.045507	5.066016
0.045507	7.528191
0.209779	7.528191
0.209779	8.441606
0.301743	8.441606
0.301743	8.824316
0.553318	8.824316
0.553318	9.083227
0.817679	9.083227
0.817679	9.203914
1.015023	9.203914
1.015023	9.325094
1.689749	9.325094
1.689749	9.415126
2.363770	9.415126
2.363770	9.450563
2.851406	9.450563
2.851406	9.521120
4.006377	9.521120
4.006377	9.729004
4.597527	9.729004
4.597527	9.919389
4.941619	9.919389
4.941619	10.044995
5.990508	10.044995
5.990508	10.134696
6.950256	10.134696
6.950256	10.182966
7.709294	10.182966
7.709294	10.249687
9.952849	10.249687
9.952849	10.350501
11.620147	10.350501
11.620147	10.435719
12.790198	10.435719
12.790198	10.524768
16.035033	10.524768
16.035033	10.578255
18.420846	10.578255
18.420846	10.612443
20.148485	10.612443
20.148485	10.690631
23.965829	10.690631
23.965829	10.818077
26.078040	10.818077
26.078040	10.891874
27.464398	10.891874
27.464398	10.979638
30.163570	10.979638
30.163570	11.165538
31.471144	11.165538
31.471144	11.380039
32.243425	11.380039
32.243425	11.632204
33.931598	11.632204
33.931598	11.787326
35.243271	11.787326
35.243271	11.860083
36.345807	11.860083
36.345807	11.953748
39.020482	11.953748
39.020482	12.083837
40.966734	12.083837
40.966734	12.225054
42.436107	12.225054
42.436107	12.525309
45.137050	12.525309
45.137050	13.055046
46.795645	13.055046
46.795645	13.520596
48.004132	13.520596
48.004132	14.008689
50.370599	14.008689
50.370599	14.398388
52.269199	14.398388
52.269199	14.634995
53.921556	14.634995
53.921556	14.901423
57.225569	14.901423
57.225569	15.158723
60.007339	15.158723
60.007339	15.323032
62.451799	15.323032
& cycle # 3, chisq = 173000.004265, e = 62.396842
0.000000	5.875054
0.045507	5.875054
0.045507	6.436821
0.209779	6.436821
0.209779	6.656245
0.301743	6.656245
0.301743	6.802343
0.553318	6.802343
0.553318	6.930852
0.817679	6.930852
0.817679	7.006019
1.015023	7.006019
1.015023	7.095544
1.689749	7.095544
1.689749	7.172448
2.363770	7.172448
2.363770	7.211582
2.851406	7.211582
2.851406	7.306584
4.006377	7.306584
4.006377	7.599745
4.597527	7.599745
4.597527	7.880679
4.941619	7.880679
4.941619	8.092945
5.990508	8.092945
5.990508	8.270084
6.950256	8.270084
6.950256	8.379242
7.709294	8.379242
7.709294	8.555490
9.952849	8.555490
9.952849	8.846783
11.620147	8.846783
11.620147	9.105870
12.790198	9.105870
12.790198	9.401716
16.035033	9.401716
16.035033	9.623954
18.420846	9.623954
18.420846	9.796852
20.148485	9.796852
20.148485	10.200851
23.965829	10.200851
23.965829	10.844307
26.078040	10.844307
26.078040	11.183480
27.464398	11.183480
27.464398	11.495933
30.163570	11.495933
30.163570	12.074425
31.471144	12.074425
31.471144	12.704819
32.243425	12.704819
32.243425	13.364771
33.931598	13.364771
33.931598	13.671248
35.243271	13.671248
35.243271	13.767208
36.345807	13.767208
36.345807	13.853428
39.020482	13.853428
39.020482	13.938809
40.966734	13.938809
40.966734	14.017882
42.436107	14.017882
42.436107	14.175797
45.137050	14.175797
45.137050	14.441887
46.795645	14.441887
46.795645	14.663100
48.004132	14.663100
48.004132	14.873370
50.370599	14.873370
50.370599	15.018090
52.269199	15.018090
52.269199	15.094858
53.921556	15.094858
53.921556	15.175749
57.225569	15.175749
57.225569	15.250328
60.007339	15.250328
60.007339	15.295841
62.451799	15.295841
& cycle # 6, chisq = 139622.492484, e = 62.396842
0.000000	4.261061
0.045507	4.261061
0.045507	5.114929
0.209779	5.114929
0.209779	5.443870
0.301743	5.443870
0.301743	5.659213
0.553318	5.659213
0.553318	5.851423
0.817679	5.851423
0.817679	5.963691
1.015023	5.963691
1.015023	6.096189
1.689749	6.096189
1.689749	6.209038
2.363770	6.209038
2.363770	6.265668
2.851406	6.265668
2.851406	6.401928
4.006377	6.401928
4.006377	6.821468
4.597527	6.821468
4.597527	7.222433
4.941619	7.222433
4.941619	7.522474
5.990508	7.522474
5.990508	7.768802
6.950256	7.768802
6.950256	7.917231
7.709294	7.917231
7.709294	8.149585
9.952849	8.149585
9.952849	8.524875
11.620147	8.524875
11.620147	8.851780
12.790198	8.851780
12.790198	9.205555
16.035033	9.205555
16.035033	9.435902
18.420846	9.435902
18.420846	9.593835
20.148485	9.593835
20.148485	9.954299
23.965829	9.954299
23.965829	10.526447
26.078040	10.526447
26.078040	10.831001
27.464398	10.831001
27.464398	11.124516
30.163570	11.124516
30.163570	11.687433
31.471144	11.687433
31.471144	12.314376
32.243425	12.314376
32.243425	13.001885
33.931598	13.001885
33.931598	13.360502
35.243271	13.360502
35.243271	13.493790
36.345807	13.493790
36.345807	13.631581
39.020482	13.631581
39.020482	13.790024
40.966734	13.790024
40.966734	13.948161
42.436107	13.948161
42.436107	14.272824
45.137050	14.272824
45.137050	14.830644
46.795645	14.830644
46.795645	15.305575
48.004132	15.305575
48.004132	15.777613
50.370599	15.777613
50.370599	16.127595
52.269199	16.127595
52.269199	16.328091
53.921556	16.328091
53.921556	16.549531
57.225569	16.549531
57.225569	16.762573
60.007339	16.762573
60.007339	16.899632
62.451799	16.899632
& cycle # 11, chisq = 164044.858477, e = 62.396842
0.000000	5.228824
0.045507	5.228824
0.045507	5.819308
0.209779	5.819308
0.209779	6.046072
0.301743	6.046072
0.301743	6.196189
0.553318	6.196189
0.553318	6.328413
0.817679	6.328413
0.817679	6.405906
1.015023	6.405906
1.015023	6.498589
1.689749	6.498589
1.689749	6.579068
2.363770	6.579068
2.363770	6.621155
2.851406	6.621155
2.851406	6.725471
4.006377	6.725471
4.006377	7.049692
4.597527	7.049692
4.597527	7.363222
4.941619	7.363222
4.941619	7.606554
5.990508	7.606554
5.990508	7.815520
6.950256	7.815520
6.950256	7.947240
7.709294	7.947240
7.709294	8.164231
9.952849	8.164231
9.952849	8.525032
11.620147	8.525032
11.620147	8.844852
12.790198	8.844852
12.790198	9.202187
16.035033	9.202187
16.035033	9.454175
18.420846	9.454175
18.420846	9.639361
20.148485	9.639361
20.148485	10.065910
23.965829	10.065910
23.965829	10.740248
26.078040	10.740248
26.078040	11.091672
27.464398	11.091672
27.464398	11.408117
30.163570	11.408117
30.163570	11.991522
31.471144	11.991522
31.471144	12.632131
32.243425	12.632131
32.243425	13.315880
33.931598	13.315880
33.931598	13.649394
35.243271	13.649394
35.243271	13.761574
36.345807	13.761574
36.345807	13.867523
39.020482	13.867523
39.020482	13.978218
40.966734	13.978218
40.966734	14.083508
42.436107	14.083508
42.436107	14.295626
45.137050	14.295626
45.137050	14.655069
46.795645	14.655069
46.795645	14.955915
48.004132	14.955915
48.004132	15.245601
50.370599	15.245601
50.370599	15.449568
52.269199	15.449568
52.269199	15.560542
53.921556	15.560542
53.921556	15.679505
57.225569	15.679505
57.225569	15.791083
60.007339	15.791083
60.007339	15.860767
62.451799	15.860767
& cycle # 13, chisq = 144973.419154, e = 62.396842
0.000000	3.527793
0.056835	3.527793
0.056835	4.289805
0.236977	4.289805
0.236977	4.576119
0.339333	4.576119
0.339333	4.729390
0.602536	4.729390
0.602536	4.874419
0.876883	4.874419
0.876883	4.962826
1.083482	4.962826
1.083482	5.065394
1.744140	5.065394
1.744140	5.157530
2.398769	5.157530
2.398769	5.217373
2.870018	5.217373
2.870018	5.373381
3.927198	5.373381
3.927198	5.800757
4.519958	5.800757
4.519958	6.177291
4.890067	6.177291
4.890067	6.495733
5.962500	6.495733
5.962500	6.800070
6.948558	6.800070
6.948558	7.011748
7.734762	7.011748
7.734762	7.368761
9.941328	7.368761
9.941328	7.941945
11.643184	7.941945
11.643184	8.439001
12.871272	8.439001
12.871272	9.005556
16.077754	9.005556
16.077754	9.455308
18.422474	9.455308
18.422474	9.784441
20.130337	9.784441
20.130337	10.388467
23.859536	10.388467
23.859536	11.123137
26.105375	11.123137
26.105375	11.464047
27.587018	11.464047
27.587018	11.805894
30.192366	11.805894
30.192366	12.446065
31.437043	12.446065
31.437043	13.047795
32.205116	13.047795
32.205116	13.539886
33.905392	13.539886
33.905392	13.753547
35.268131	13.753547
35.268131	13.829629
36.418878	13.829629
36.418878	13.903145
39.057317	13.903145
39.057317	13.985770
40.990442	13.985770
40.990442	14.066654
42.458877	14.066654
42.458877	14.220236
45.081433	14.220236
45.081433	14.464661
46.764873	14.464661
46.764873	14.664514
48.022933	14.664514
48.022933	14.855876
50.406254	14.855876
50.406254	14.994144
52.339025	14.994144
52.339025	15.070598
54.029250	15.070598
54.029250	15.151031
57.281050	15.151031
57.281050	15.227393
60.045729	15.227393
60.045729	15.276605
62.492936	15.276605
& cycle # 2, chisq = 118877.098978, e = 58.944024
0.000000	5.889458
0.056835	5.889458
0.056835	6.518884
0.236977	6.518884
0.236977	6.781017
0.339333	6.781017
0.339333	6.919813
0.602536	6.919813
0.602536	7.050623
0.876883	7.050623
0.876883	7.129609
1.083482	7.129609
1.083482	7.219430
1.744140	7.219430
1.744140	7.296395
2.398769	7.296395
2.398769	7.342013
2.870018	7.342013
2.870018	7.454947
3.927198	7.454947
3.927198	7.757019
4.519958	7.757019
4.519958	8.013982
4.890067	8.013982
4.890067	8.211575
5.962500	8.211575
5.962500	8.382132
6.948558	8.382132
6.948558	8.490752
7.734762	8.490752
7.734762	8.660130
9.941328	8.660130
9.941328	8.923469
11.643184	8.923469
11.643184	9.151287
12.871272	9.151287
12.871272	9.418997
16.077754	9.418997
16.077754	9.649785
18.422474	9.649785
18.422474	9.832532
20.130337	9.832532
20.130337	10.183848
23.859536	10.183848
23.859536	10.640313
26.105375	10.640313
26.105375	10.891483
27.587018	10.891483
27.587018	11.233889
30.192366	11.233889
30.192366	11.945267
31.437043	11.945267
31.437043	12.626492
32.205116	12.626492
32.205116	13.197106
33.905392	13.197106
33.905392	13.457121
35.268131	13.457121
35.268131	13.553223
36.418878	13.553223
36.418878	13.646163
39.057317	13.646163
39.057317	13.750426
40.990442	13.750426
40.990442	13.852436
42.458877	13.852436
42.458877	14.046266
45.081433	14.046266
45.081433	14.355198
46.764873	14.355198
46.764873	14.608426
48.022933	14.608426
48.022933	14.852133
50.406254	14.852133
50.406254	15.029776
52.339025	15.029776
52.339025	15.128972
54.029250	15.128972
54.029250	15.233967
57.281050	15.233967
57.281050	15.334054
60.045729	15.334054
60.045729	15.398731
62.492936	15.398731
& cycle # 3, chisq = 118536.272341, e = 58.944024
0.000000	5.310370
0.056835	5.310370
0.056835	6.313164
0.236977	6.313164
0.236977	6.586524
0.339333	6.586524
0.339333	6.723094
0.602536	6.723094
0.602536	6.848859
0.876883	6.848859
0.876883	6.923766
1.083482	6.923766
1.083482	7.008368
1.744140	7.008368
1.744140	7.080814
2.398769	7.080814
2.398769	7.123970
2.870018	7.123970
2.870018	7.231381
3.927198	7.231381
3.927198	7.519912
4.519958	7.519912
4.519958	7.767152
4.890067	7.767152
4.890067	7.961515
5.962500	7.961515
5.962500	8.134044
6.948558	8.134044
6.948558	8.247139
7.734762	8.247139
7.734762	8.428977
9.941328	8.428977
9.941328	8.716984
11.643184	8.716984
11.643184	8.969383
12.871272	8.969383
12.871272	9.273102
16.077754	9.273102
16.077754	9.546282
18.422474	9.546282
18.422474	9.768345
20.130337	9.768345
20.130337	10.197101
23.859536	10.197101
23.859536	10.754197
26.105375	10.754197
26.105375	11.059335
27.587018	11.059335
27.587018	11.471176
30.192366	11.471176
30.192366	12.321625
31.437043	12.321625
31.437043	13.131166
32.205116	13.131166
32.205116	13.798772
33.905392	13.798772
33.905392	14.090241
35.268131	14.090241
35.268131	14.190767
36.418878	14.190767
36.418878	14.279984
39.057317	14.279984
39.057317	14.371181
40.990442	14.371181
40.990442	14.456197
42.458877	14.456197
42.458877	14.614492
45.081433	14.614492
45.081433	14.863210
46.764873	14.863210
46.764873	15.063722
48.022933	15.063722
48.022933	15.251236
50.406254	15.251236
50.406254	15.381819
52.339025	15.381819
52.339025	15.451427
54.029250	15.451427
54.029250	15.523383
57.281050	15.523383
57.281050	15.591032
60.045729	15.591032
60.045729	15.634360
62.492936	15.634360
& cycle # 6, chisq = 115723.357805, e = 58.944024
0.000000	4.627131
0.056835	4.627131
0.056835	5.365919
0.236977	5.365919
0.236977	5.671106
0.339333	5.671106
0.339333	5.839345
0.602536	5.839345
0.602536	5.998887
0.876883	5.998887
0.876883	6.095853
1.083482	6.095853
1.083482	6.207158
1.744140	6.207158
1.744140	6.304291
2.398769	6.304291
2.398769	6.363900
2.870018	6.363900
2.870018	6.514299
3.927198	6.514299
3.927198	6.919442
4.519958	6.919442
4.519958	7.267259
4.890067	7.267259
4.890067	7.540869
5.962500	7.540869
5.962500	7.781637
6.948558	7.781637
6.948558	7.936570
7.734762	7.936570
7.734762	8.179196
9.941328	8.179196
9.941328	8.554796
11.643184	8.554796
11.643184	8.875936
12.871272	8.875936
12.871272	9.239695
16.077754	9.239695
16.077754	9.529043
18.422474	9.529043
18.422474	9.744166
20.130337	9.744166
20.130337	10.148542
23.859536	10.148542
23.859536	10.662257
26.105375	10.662257
26.105375	10.932141
27.587018	10.932141
27.587018	11.277402
30.192366	11.277402
30.192366	11.986086
31.437043	11.986086
31.437043	12.669171
32.205116	12.669171
32.205116	13.252924
33.905392	13.252924
33.905392	13.531906
35.268131	13.531906
35.268131	13.640949
36.418878	13.640949
36.418878	13.751000
39.057317	13.751000
39.057317	13.878868
40.990442	13.878868
40.990442	14.005657
42.458877	14.005657
42.458877	14.247324
45.081433	14.247324
45.081433	14.632870
46.764873	14.632870
46.764873	14.949035
48.022933	14.949035
48.022933	15.253438
50.406254	15.253438
50.406254	15.475460
52.339025	15.475460
52.339025	15.599528
54.029250	15.599528
54.029250	15.730924
57.281050	15.730924
57.281050	15.856237
60.045729	15.856237
60.045729	15.937244
62.492936	15.937244
& cycle # 11, chisq = 123831.967250, e = 58.944024
0.000000	5.402261
0.056835	5.402261
0.056835	5.985720
0.236977	5.985720
0.236977	6.226480
0.339333	6.226480
0.339333	6.351820
0.602536	6.351820
0.602536	6.470935
0.876883	6.470935
0.876883	6.543586
1.083482	6.543586
1.083482	6.627328
1.744140	6.627328
1.744140	6.700959
2.398769	6.700959
2.398769	6.746778
2.870018	6.746778
2.870018	6.863310
3.927198	6.863310
3.927198	7.178537
4.519958	7.178537
4.519958	7.450976
4.890067	7.450976
4.890067	7.669677
5.962500	7.669677
5.962500	7.867368
6.948558	7.867368
6.948558	7.998440
7.734762	7.998440
7.734762	8.210757
9.941328	8.210757
9.941328	8.547121
11.643184	8.547121
11.643184	8.840387
12.871272	8.840387
12.871272	9.186948
16.077754	9.186948
16.077754	9.487159
18.422474	9.487159
18.422474	9.724402
20.130337	9.724402
20.130337	10.176726
23.859536	10.176726
23.859536	10.754851
26.105375	10.754851
26.105375	11.059465
27.587018	11.059465
27.587018	11.447615
30.192366	11.447615
30.192366	12.237632
31.437043	12.237632
31.437043	12.990341
32.205116	12.990341
32.205116	13.615234
33.905392	13.615234
33.905392	13.893729
35.268131	13.893729
35.268131	13.993414
36.418878	13.993414
36.418878	14.086345
39.057317	14.086345
39.057317	14.186591
40.990442	14.186591
40.990442	14.282650
42.458877	14.282650
42.458877	14.463420
45.081433	14.463420
45.081433	14.749402
46.764873	14.749402
46.764873	14.981701
48.022933	14.981701
48.022933	15.201739
50.406254	15.201739
50.406254	15.358135
52.339025	15.358135
52.339025	15.443266
54.029250	15.443266
54.029250	15.532193
57.281050	15.532193
57.281050	15.616303
60.045729	15.616303
60.045729	15.670383
62.492936	15.670383
& cycle # 13, chisq = 117490.387952, e = 58.944024
0.000000	6.204026
0.051349	6.204026
0.051349	6.788908
0.201450	6.788908
0.201450	6.980573
0.287599	6.980573
0.287599	7.083022
0.500708	7.083022
0.500708	7.184582
0.721730	7.184582
0.721730	7.250393
0.889109	7.250393
0.889109	7.333188
1.402527	7.333188
1.402527	7.422345
1.920223	7.422345
1.920223	7.477946
2.325870	7.477946
2.325870	7.537934
3.513624	7.537934
3.513624	7.602599
4.565938	7.602599
4.565938	7.675579
5.266459	7.675579
5.266459	7.882110
6.624623	7.882110
6.624623	8.284689
7.439334	8.284689
7.439334	8.501390
8.038588	8.501390
8.038588	8.701276
9.740369	8.701276
9.740369	8.908655
11.263012	8.908655
11.263012	9.039970
12.506732	9.039970
12.506732	9.190967
15.942288	9.190967
15.942288	9.361131
18.535817	9.361131
18.535817	9.533281
20.406958	9.533281
20.406958	9.943831
24.110052	9.943831
24.110052	10.700110
26.118270	10.700110
26.118270	11.217099
27.419086	11.217099
27.419086	11.642213
29.912250	11.642213
29.912250	12.173815
31.361189	12.173815
31.361189	12.730310
32.291436	12.730310
32.291436	13.477678
34.097976	13.477678
34.097976	13.959529
35.451340	13.959529
35.451340	14.090277
36.589296	14.090277
36.589296	14.186968
39.121914	14.186968
39.121914	14.283008
41.009583	14.283008
41.009583	14.369906
42.467200	14.369906
42.467200	14.522805
45.062232	14.522805
45.062232	14.753425
46.790963	14.753425
46.790963	14.941220
48.101949	14.941220
48.101949	15.122032
50.518659	15.122032
50.518659	15.250527
52.482400	15.250527
52.482400	15.317144
54.203165	15.317144
54.203165	15.382721
57.433932	15.382721
57.433932	15.442803
60.196356	15.442803
60.196356	15.480520
62.648715	15.480520
& cycle # 2, chisq = 164562.268923, e = 56.786453
0.000000	4.289871
0.051349	4.289871
0.051349	5.019388
0.201450	5.019388
0.201450	5.284650
0.287599	5.284650
0.287599	5.441989
0.500708	5.441989
0.500708	5.599780
0.721730	5.599780
0.721730	5.703067
0.889109	5.703067
0.889109	5.834367
1.402527	5.834367
1.402527	5.977387
1.920223	5.977387
1.920223	6.067792
2.325870	6.067792
2.325870	6.167509
3.513624	6.167509
3.513624	6.278986
4.565938	6.278986
4.565938	6.407457
5.266459	6.407457
5.266459	6.773150
6.624623	6.773150
6.624623	7.489100
7.439334	7.489100
7.439334	7.877081
8.038588	7.877081
8.038588	8.235531
9.740369	8.235531
9.740369	8.601437
11.263012	8.601437
11.263012	8.824388
12.506732	8.824388
12.506732	9.056241
15.942288	9.056241
15.942288	9.279178
18.535817	9.279178
18.535817	9.484106
20.406958	9.484106
20.406958	9.957257
24.110052	9.957257
24.110052	10.808047
26.118270	10.808047
26.118270	11.364608
27.419086	11.364608
27.419086	11.765410
29.912250	11.765410
29.912250	12.202875
31.361189	12.202875
31.361189	12.651475
32.291436	12.651475
32.291436	13.258285
34.097976	13.258285
34.097976	13.658378
35.451340	13.658378
35.451340	13.775310
36.589296	13.775310
36.589296	13.873071
39.121914	13.873071
39.121914	13.981749
41.009583	13.981749
41.009583	14.085984
42.467200	14.085984
42.467200	14.273928
45.062232	14.273928
45.062232	14.561877
46.790963	14.561877
46.790963	14.800190
48.101949	14.800190
48.101949	15.035586
50.518659	15.035586
50.518659	15.209750
52.482400	15.209750
52.482400	15.304191
54.203165	15.304191
54.203165	15.399437
57.433932	15.399437
57.433932	15.487814
60.196356	15.487814
60.196356	15.543734
62.648715	15.543734
& cycle # 3, chisq = 170912.182563, e = 56.786453
0.000000	6.322025
0.051349	6.322025
0.051349	6.900611
0.201450	6.900611
0.201450	7.089368
0.287599	7.089368
0.287599	7.189756
0.500708	7.189756
0.500708	7.289256
0.721730	7.289256
0.721730	7.353718
0.889109	7.353718
0.889109	7.434800
1.402527	7.434800
1.402527	7.522100
1.920223	7.522100
1.920223	7.576543
2.325870	7.576543
2.325870	7.635314
3.513624	7.635314
3.513624	7.698748
4.565938	7.698748
4.565938	7.770405
5.266459	7.770405
5.266459	7.973287
6.624623	7.973287
6.624623	8.369007
7.439334	8.369007
7.439334	8.582326
8.038588	8.582326
8.038588	8.779607
9.740369	8.779607
9.740369	8.984726
11.263012	8.984726
11.263012	9.114927
12.506732	9.114927
12.506732	9.265281
15.942288	9.265281
15.942288	9.435622
18.535817	9.435622
18.535817	9.608380
20.406958	9.608380
20.406958	10.020570
24.110052	10.020570
24.110052	10.779895
26.118270	10.779895
26.118270	11.298839
27.419086	11.298839
27.419086	11.725067
29.912250	11.725067
29.912250	12.257199
31.361189	12.257199
31.361189	12.813719
32.291436	12.813719
32.291436	13.560111
34.097976	13.560111
34.097976	14.039900
35.451340	14.039900
35.451340	14.169040
36.589296	14.169040
36.589296	14.263508
39.121914	14.263508
39.121914	14.356440
41.009583	14.356440
41.009583	14.440108
42.467200	14.440108
42.467200	14.587043
45.062232	14.587043
45.062232	14.808427
46.790963	14.808427
46.790963	14.988514
48.101949	14.988514
48.101949	15.161629
50.518659	15.161629
50.518659	15.284341
52.482400	15.284341
52.482400	15.347777
54.203165	15.347777
54.203165	15.410127
57.433932	15.410127
57.433932	15.467206
60.196356	15.467206
60.196356	15.503020
62.648715	15.503020
& cycle # 6, chisq = 164319.249646, e = 56.786453
0.000000	6.884476
0.051349	6.884476
0.051349	7.753702
0.201450	7.753702
0.201450	8.035858
0.287599	8.035858
0.287599	8.187874
0.500708	8.187874
0.500708	8.329877
0.721730	8.329877
0.721730	8.417115
0.889109	8.417115
0.889109	8.521162
1.402527	8.521162
1.402527	8.627281
1.920223	8.627281
1.920223	8.689632
2.325870	8.689632
2.325870	8.750606
3.513624	8.750606
3.513624	8.805000
4.565938	8.805000
4.565938	8.858782
5.266459	8.858782
5.266459	9.004131
6.624623	9.004131
6.624623	9.274361
7.439334	9.274361
7.439334	9.405623
8.038588	9.405623
8.038588	9.507197
9.740369	9.507197
9.740369	9.600982
11.263012	9.600982
11.263012	9.654440
12.506732	9.654440
12.506732	9.706463
15.942288	9.706463
15.942288	9.752628
18.535817	9.752628
18.535817	9.793734
20.406958	9.793734
20.406958	9.890476
24.110052	9.890476
24.110052	10.072865
26.118270	10.072865
26.118270	10.206857
27.419086	10.206857
27.419086	10.343789
29.912250	10.343789
29.912250	10.553346
31.361189	10.553346
31.361189	10.789824
32.291436	10.789824
32.291436	11.138725
34.097976	11.138725
34.097976	11.416192
35.451340	11.416192
35.451340	11.539870
36.589296	11.539870
36.589296	11.697936
39.121914	11.697936
39.121914	11.927321
41.009583	11.927321
41.009583	12.175504
42.467200	12.175504
42.467200	12.650599
45.062232	12.650599
45.062232	13.414781
46.790963	13.414781
46.790963	14.085130
48.101949	14.085130
48.101949	14.812386
50.518659	14.812386
50.518659	15.429370
52.482400	15.429370
52.482400	15.813434
54.203165	15.813434
54.203165	16.230719
57.433932	16.230719
57.433932	16.633947
60.196356	16.633947
60.196356	16.895367
62.648715	16.895367
& cycle # 8, chisq = 212104.653063, e = 56.786453
0.000000	5.718479
0.051349	5.718479
0.051349	6.743199
0.201450	6.743199
0.201450	7.139713
0.287599	7.139713
0.287599	7.381173
0.500708	7.381173
0.500708	7.614124
0.721730	7.614124
0.721730	7.760541
0.889109	7.760541
0.889109	7.938073
1.402527	7.938073
1.402527	8.121284
1.920223	8.121284
1.920223	8.229799
2.325870	8.229799
2.325870	8.336252
3.513624	8.336252
3.513624	8.431169
4.565938	8.431169
4.565938	8.524798
5.266459	8.524798
5.266459	8.777193
6.624623	8.777193
6.624623	9.244731
7.439334	9.244731
7.439334	9.469842
8.038588	9.469842
8.038588	9.641016
9.740369	9.641016
9.740369	9.796954
11.263012	9.796954
11.263012	9.884667
12.506732	9.884667
12.506732	9.967964
15.942288	9.967964
15.942288	10.038530
18.535817	10.038530
18.535817	10.099187
20.406958	10.099187
20.406958	10.239778
24.110052	10.239778
24.110052	10.500201
26.118270	10.500201
26.118270	10.684470
27.419086	10.684470
27.419086	10.855497
29.912250	10.855497
29.912250	11.098364
31.361189	11.098364
31.361189	11.366224
32.291436	11.366224
32.291436	11.750504
34.097976	11.750504
34.097976	12.037405
35.451340	12.037405
35.451340	12.149273
36.589296	12.149273
36.589296	12.275652
39.121914	12.275652
39.121914	12.446704
41.009583	12.446704
41.009583	12.626094
42.467200	12.626094
42.467200	12.963474
45.062232	12.963474
45.062232	13.497533
46.790963	13.497533
46.790963	13.956783
48.101949	13.956783
48.101949	14.439430
50.518659	14.439430
50.518659	14.831210
52.482400	14.831210
52.482400	15.065083
54.203165	15.065083
54.203165	15.313622
57.433932	15.313622
57.433932	15.550969
60.196356	15.550969
60.196356	15.703872
62.648715	15.703872
& cycle # 9, chisq = 190459.622378, e = 56.786453
0.000000	5.395533
0.061633	5.395533
0.061633	5.956860
0.236645	5.956860
0.236645	6.139066
0.337443	6.139066
0.337443	6.243160
0.583575	6.243160
0.583575	6.345907
0.838422	6.345907
0.838422	6.412108
1.031782	6.412108
1.031782	6.493090
1.616586	6.493090
1.616586	6.575514
2.205558	6.575514
2.205558	6.622579
2.663255	6.622579
2.663255	6.689977
3.865106	6.689977
3.865106	6.844031
4.705703	6.844031
4.705703	7.073301
5.179518	7.073301
5.179518	7.468183
6.173861	7.468183
6.173861	7.799859
7.016034	7.799859
7.016034	7.978873
7.696794	7.978873
7.696794	8.221754
9.624714	8.221754
9.624714	8.482046
11.347462	8.482046
11.347462	8.656149
12.735047	8.656149
12.735047	8.944402
16.250993	8.944402
16.250993	9.420524
18.620923	9.420524
18.620923	9.869777
20.259025	9.869777
20.259025	10.445953
23.765775	10.445953
23.765775	10.878227
26.096557	10.878227
26.096557	11.116694
27.648191	11.116694
27.648191	11.598737
30.159440	11.598737
30.159440	12.521700
31.387668	12.521700
31.387668	13.221657
32.187990	13.221657
32.187990	13.748527
33.921046	13.748527
33.921046	14.001366
35.315965	14.001366
35.315965	14.087515
36.496481	14.087515
36.496481	14.164040
39.081682	14.164040
39.081682	14.247438
40.994125	14.247438
40.994125	14.326800
42.460082	14.326800
42.460082	14.467437
45.024545	14.467437
45.024545	14.678107
46.732684	14.678107
46.732684	14.846591
48.034064	14.846591
48.034064	15.005155
50.426331	15.005155
50.426331	15.118307
52.381501	15.118307
52.381501	15.178890
54.097872	15.178890
54.097872	15.239403
57.294810	15.239403
57.294810	15.295327
60.033384	15.295327
60.033384	15.331025
62.466624	15.331025
& cycle # 2, chisq = 116128.123563, e = 56.065462
0.000000	4.275417
0.061633	4.275417
0.061633	4.874539
0.236645	4.874539
0.236645	5.079959
0.337443	5.079959
0.337443	5.203128
0.583575	5.203128
0.583575	5.326520
0.838422	5.326520
0.838422	5.407107
1.031782	5.407107
1.031782	5.507117
1.616586	5.507117
1.616586	5.610680
2.205558	5.610680
2.205558	5.671464
2.663255	5.671464
2.663255	5.762002
3.865106	5.762002
3.865106	5.972259
4.705703	5.972259
4.705703	6.286723
5.179518	6.286723
5.179518	6.831549
6.173861	6.831549
6.173861	7.293160
7.016034	7.293160
7.016034	7.542978
7.696794	7.542978
7.696794	7.877358
9.624714	7.877358
9.624714	8.224601
11.347462	8.224601
11.347462	8.444608
12.735047	8.444608
12.735047	8.788582
16.250993	8.788582
16.250993	9.340605
18.620923	9.340605
18.620923	9.853057
20.259025	9.853057
20.259025	10.494491
23.765775	10.494491
23.765775	10.943940
26.096557	10.943940
26.096557	11.159793
27.648191	11.159793
27.648191	11.579557
30.159440	11.579557
30.159440	12.382188
31.387668	12.382188
31.387668	12.993563
32.187990	12.993563
32.187990	13.461247
33.921046	13.461247
33.921046	13.695569
35.315965	13.695569
35.315965	13.782216
36.496481	13.782216
36.496481	13.867175
39.081682	13.867175
39.081682	13.967958
40.994125	13.967958
40.994125	14.067803
42.460082	14.067803
42.460082	14.247795
45.024545	14.247795
45.024545	14.520633
46.732684	14.520633
46.732684	14.741755
48.034064	14.741755
48.034064	14.954417
50.426331	14.954417
50.426331	15.111376
52.381501	15.111376
52.381501	15.198489
54.097872	15.198489
54.097872	15.287222
57.294810	15.287222
57.294810	15.370177
60.033384	15.370177
60.033384	15.423597
62.466624	15.423597
& cycle # 3, chisq = 120674.857775, e = 56.065462
0.000000	5.231338
0.061633	5.231338
0.061633	6.052695
0.236645	6.052695
0.236645	6.311024
0.337443	6.311024
0.337443	6.458302
0.583575	6.458302
0.583575	6.598053
0.838422	6.598053
0.838422	6.685195
1.031782	6.685195
1.031782	6.788519
1.616586	6.788519
1.616586	6.890160
2.205558	6.890160
2.205558	6.945229
2.663255	6.945229
2.663255	7.017994
3.865106	7.017994
3.865106	7.178485
4.705703	7.178485
4.705703	7.414301
5.179518	7.414301
5.179518	7.812723
6.173861	7.812723
6.173861	8.134560
7.016034	8.134560
7.016034	8.300662
7.696794	8.300662
7.696794	8.520807
9.624714	8.520807
9.624714	8.751945
11.347462	8.751945
11.347462	8.903288
12.735047	8.903288
12.735047	9.150392
16.250993	9.150392
16.250993	9.557901
18.620923	9.557901
18.620923	9.943951
20.259025	9.943951
20.259025	10.445917
23.765775	10.445917
23.765775	10.839354
26.096557	10.839354
26.096557	11.075003
27.648191	11.075003
27.648191	11.565068
30.159440	11.565068
30.159440	12.513716
31.387668	12.513716
31.387668	13.240971
32.187990	13.240971
32.187990	13.795222
33.921046	13.795222
33.921046	14.064149
35.315965	14.064149
35.315965	14.155837
36.496481	14.155837
36.496481	14.235981
39.081682	14.235981
39.081682	14.321693
40.994125	14.321693
40.994125	14.402399
42.460082	14.402399
42.460082	14.544698
45.024545	14.544698
45.024545	14.757100
46.732684	14.757100
46.732684	14.926297
48.034064	14.926297
48.034064	15.084508
50.426331	15.084508
50.426331	15.196270
52.381501	15.196270
52.381501	15.255460
54.097872	15.255460
54.097872	15.314249
57.294810	15.314249
57.294810	15.368414
60.033384	15.368414
60.033384	15.402916
62.466624	15.402916
& cycle # 6, chisq = 116535.731355, e = 56.065462
0.000000	5.799257
0.061633	5.799257
0.061633	6.990063
0.236645	6.990063
0.236645	7.430078
0.337443	7.430078
0.337443	7.687058
0.583575	7.687058
0.583575	7.919698
0.838422	7.919698
0.838422	8.057638
1.031782	8.057638
1.031782	8.212218
1.616586	8.212218
1.616586	8.354354
2.205558	8.354354
2.205558	8.422965
2.663255	8.422965
2.663255	8.495844
3.865106	8.495844
3.865106	8.638750
4.705703	8.638750
4.705703	8.839910
5.179518	8.839910
5.179518	9.158623
6.173861	9.158623
6.173861	9.381176
7.016034	9.381176
7.016034	9.474967
7.696794	9.474967
7.696794	9.584132
9.624714	9.584132
9.624714	9.683089
11.347462	9.683089
11.347462	9.735626
12.735047	9.735626
12.735047	9.805103
16.250993	9.805103
16.250993	9.910373
18.620923	9.910373
18.620923	10.008002
20.259025	10.008002
20.259025	10.136179
23.765775	10.136179
23.765775	10.243351
26.096557	10.243351
26.096557	10.317130
27.648191	10.317130
27.648191	10.485442
30.159440	10.485442
30.159440	10.839457
31.387668	10.839457
31.387668	11.141749
32.187990	11.141749
32.187990	11.420288
33.921046	11.420288
33.921046	11.608906
35.315965	11.608906
35.315965	11.711345
36.496481	11.711345
36.496481	11.851528
39.081682	11.851528
39.081682	12.058603
40.994125	12.058603
40.994125	12.284763
42.460082	12.284763
42.460082	12.713694
45.024545	12.713694
45.024545	13.393060
46.732684	13.393060
46.732684	13.974798
48.034064	13.974798
48.034064	14.587144
50.426331	14.587144
50.426331	15.101993
52.381501	15.101993
52.381501	15.426519
54.097872	15.426519
54.097872	15.781098
57.294810	15.781098
57.294810	16.127237
60.033384	16.127237
60.033384	16.357592
62.466624	16.357592
& cycle # 8, chisq = 156210.547987, e = 56.065462
0.000000	4.514706
0.061633	4.514706
0.061633	5.085130
0.236645	5.085130
0.236645	5.283330
0.337443	5.283330
0.337443	5.404571
0.583575	5.404571
0.583575	5.528304
0.838422	5.528304
0.838422	5.610438
1.031782	5.610438
1.031782	5.713999
1.616586	5.713999
1.616586	5.822999
2.205558	5.822999
2.205558	5.888387
2.663255	5.888387
2.663255	5.988440
3.865106	5.988440
3.865106	6.222744
4.705703	6.222744
4.705703	6.573267
5.179518	6.573267
5.179518	7.178318
6.173861	7.178318
6.173861	7.684255
7.016034	7.684255
7.016034	7.950891
7.696794	7.950891
7.696794	8.294748
9.624714	8.294748
9.624714	8.630053
11.347462	8.630053
11.347462	8.820895
12.735047	8.820895
12.735047	9.085641
16.250993	9.085641
16.250993	9.487519
18.620923	9.487519
18.620923	9.853079
20.259025	9.853079
20.259025	10.305921
23.765775	10.305921
23.765775	10.619958
26.096557	10.619958
26.096557	10.770022
27.648191	10.770022
27.648191	11.068049
30.159440	11.068049
30.159440	11.654490
31.387668	11.654490
31.387668	12.118864
32.187990	12.118864
32.187990	12.499688
33.921046	12.499688
33.921046	12.716534
35.315965	12.716534
35.315965	12.813496
36.496481	12.813496
36.496481	12.928209
39.081682	12.928209
39.081682	13.083985
40.994125	13.083985
40.994125	13.248105
42.460082	13.248105
42.460082	13.553164
45.024545	13.553164
45.024545	14.027443
46.732684	14.027443
46.732684	14.424039
48.034064	14.424039
48.034064	14.825817
50.426331	14.825817
50.426331	15.146299
52.381501	15.146299
52.381501	15.338769
54.097872	15.338769
54.097872	15.543772
57.294810	15.543772
57.294810	15.740972
60.033384	15.740972
60.033384	15.870952
62.466624	15.870952
& cycle # 9, chisq = 134004.732607, e = 56.065462
0.000000	4.802278
0.068388	4.802278
0.068388	5.953392
0.280102	5.953392
0.280102	6.602904
0.400714	6.602904
0.400714	7.060475
0.707573	7.060475
0.707573	7.479031
1.026864	7.479031
1.026864	7.691640
1.266023	7.691640
1.266023	7.922189
1.954008	7.922189
1.954008	8.321063
2.475547	8.321063
2.475547	8.720811
2.796408	8.720811
2.796408	9.066841
3.650104	9.066841
3.650104	9.249607
4.400085	9.249607
4.400085	9.378492
4.917786	9.378492
4.917786	9.627738
6.124843	9.627738
6.124843	9.904068
7.053640	9.904068
7.053640	10.007140
7.783197	10.007140
7.783197	10.100458
9.879746	10.100458
9.879746	10.206222
11.595815	10.206222
11.595815	10.291205
12.864401	10.291205
12.864401	10.400431
16.087618	10.400431
16.087618	10.484824
18.419648	10.484824
18.419648	10.531226
20.138508	10.531226
20.138508	10.615324
23.888350	10.615324
23.888350	10.739079
26.113372	10.739079
26.113372	10.821986
27.564196	10.821986
27.564196	10.937232
30.142521	10.937232
30.142521	11.168118
31.425907	11.168118
31.425907	11.407174
32.221117	11.407174
32.221117	11.654042
33.930575	11.654042
33.930575	11.805187
35.290541	11.805187
35.290541	11.880372
36.439506	11.880372
36.439506	11.979721
39.051274	11.979721
39.051274	12.122450
40.971627	12.122450
40.971627	12.277681
42.435134	12.277681
42.435134	12.583980
45.042121	12.583980
45.042121	13.087607
46.729795	13.087607
46.729795	13.522496
47.995111	13.522496
47.995111	13.979777
50.373849	13.979777
50.373849	14.357289
52.304293	14.357289
52.304293	14.592423
53.993563	14.592423
53.993563	14.854267
57.221867	14.854267
57.221867	15.112267
59.970897	15.112267
59.970897	15.283184
62.406338	15.283184
& cycle # 2, chisq = 127298.813415, e = 58.350150
0.000000	5.287167
0.068388	5.287167
0.068388	6.637546
0.280102	6.637546
0.280102	7.352728
0.400714	7.352728
0.400714	7.793689
0.707573	7.793689
0.707573	8.156896
1.026864	8.156896
1.026864	8.324855
1.266023	8.324855
1.266023	8.487060
1.954008	8.487060
1.954008	8.753307
2.475547	8.753307
2.475547	9.019007
2.796408	9.019007
2.796408	9.253270
3.650104	9.253270
3.650104	9.386579
4.400085	9.386579
4.400085	9.487617
4.917786	9.487617
4.917786	9.687535
6.124843	9.687535
6.124843	9.913712
7.053640	9.913712
7.053640	10.001473
7.783197	10.001473
7.783197	10.084520
9.879746	10.084520
9.879746	10.181052
11.595815	10.181052
11.595815	10.259497
12.864401	10.259497
12.864401	10.361021
16.087618	10.361021
16.087618	10.440429
18.419648	10.440429
18.419648	10.484878
20.138508	10.484878
20.138508	10.566023
23.888350	10.566023
23.888350	10.686059
26.113372	10.686059
26.113372	10.767250
27.564196	10.767250
27.564196	10.881780
30.142521	10.881780
30.142521	11.112636
31.425907	11.112636
31.425907	11.352195
32.221117	11.352195
32.221117	11.600576
33.930575	11.600576
33.930575	11.753901
35.290541	11.753901
35.290541	11.830880
36.439506	11.830880
36.439506	11.933244
39.051274	11.933244
39.051274	12.080810
40.971627	12.080810
40.971627	12.241444
42.435134	12.241444
42.435134	12.558314
45.042121	12.558314
45.042121	13.078856
46.729795	13.078856
46.729795	13.527608
47.995111	13.527608
47.995111	13.997875
50.373849	13.997875
50.373849	14.383941
52.304293	14.383941
52.304293	14.622909
53.993563	14.622909
53.993563	14.887825
57.221867	14.887825
57.221867	15.147986
59.970897	15.147986
59.970897	15.319932
62.406338	15.319932
& cycle # 3, chisq = 127165.943568, e = 58.350150
0.000000	5.821254
0.068388	5.821254
0.068388	6.353272
0.280102	6.353272
0.280102	6.560024
0.400714	6.560024
0.400714	6.664168
0.707573	6.664168
0.707573	6.756411
1.026864	6.756411
1.026864	6.805626
1.266023	6.805626
1.266023	6.868719
1.954008	6.868719
1.954008	6.992554
2.475547	6.992554
2.475547	7.126122
2.796408	7.126122
2.796408	7.262926
3.650104	7.262926
3.650104	7.376492
4.400085	7.376492
4.400085	7.486973
4.917786	7.486973
4.917786	7.725337
6.124843	7.725337
6.124843	8.024621
7.053640	8.024621
7.053640	8.169176
7.783197	8.169176
7.783197	8.349016
9.879746	8.349016
9.879746	8.599895
11.595815	8.599895
11.595815	8.825671
12.864401	8.825671
12.864401	9.150326
16.087618	9.150326
16.087618	9.459746
18.419648	9.459746
18.419648	9.677880
20.138508	9.677880
20.138508	10.097210
23.888350	10.097210
23.888350	10.703735
26.113372	10.703735
26.113372	11.077153
27.564196	11.077153
27.564196	11.511296
30.142521	11.511296
30.142521	12.295478
31.425907	12.295478
31.425907	13.059456
32.221117	13.059456
32.221117	13.753652
33.930575	13.753652
33.930575	14.066722
35.290541	14.066722
35.290541	14.166279
36.439506	14.166279
36.439506	14.253240
39.051274	14.253240
39.051274	14.342107
40.971627	14.342107
40.971627	14.424639
42.435134	14.424639
42.435134	14.576396
45.042121	14.576396
45.042121	14.812708
46.729795	14.812708
46.729795	15.003818
47.995111	15.003818
47.995111	15.183789
50.373849	15.183789
50.373849	15.309796
52.304293	15.309796
52.304293	15.376666
53.993563	15.376666
53.993563	15.445185
57.221867	15.445185
57.221867	15.509462
59.970897	15.509462
59.970897	15.550708
62.406338	15.550708
& cycle # 6, chisq = 92515.467724, e = 58.350150
0.000000	4.065561
0.068388	4.065561
0.068388	6.981181
0.280102	6.981181
0.280102	7.919348
0.400714	7.919348
0.400714	8.251451
0.707573	8.251451
0.707573	8.470790
1.026864	8.470790
1.026864	8.563418
1.266023	8.563418
1.266023	8.653343
1.954008	8.653343
1.954008	8.806099
2.475547	8.806099
2.475547	8.962330
2.796408	8.962330
2.796408	9.107097
3.650104	9.107097
3.650104	9.201545
4.400085	9.201545
4.400085	9.280560
4.917786	9.280560
4.917786	9.441061
6.124843	9.441061
6.124843	9.626984
7.053640	9.626984
7.053640	9.702495
7.783197	9.702495
7.783197	9.777720
9.879746	9.777720
9.879746	9.867877
11.595815	9.867877
11.595815	9.942223
12.864401	9.942223
12.864401	10.039517
16.087618	10.039517
16.087618	10.117272
18.419648	10.117272
18.419648	10.162185
20.138508	10.162185
20.138508	10.245299
23.888350	10.245299
23.888350	10.369614
26.113372	10.369614
26.113372	10.455447
27.564196	10.455447
27.564196	10.580311
30.142521	10.580311
30.142521	10.835284
31.425907	10.835284
31.425907	11.101358
32.221117	11.101358
32.221117	11.380398
33.930575	11.380398
33.930575	11.557142
35.290541	11.557142
35.290541	11.648926
36.439506	11.648926
36.439506	11.774526
39.051274	11.774526
39.051274	11.958970
40.971627	11.958970
40.971627	12.161495
42.435134	12.161495
42.435134	12.563333
45.042121	12.563333
45.042121	13.227566
46.729795	13.227566
46.729795	13.805165
47.995111	13.805165
47.995111	14.419687
50.373849	14.419687
50.373849	14.935383
52.304293	14.935383
52.304293	15.261401
53.993563	15.261401
53.993563	15.627474
57.221867	15.627474
57.221867	15.990086
59.970897	15.990086
59.970897	16.231159
62.406338	16.231159
& cycle # 9, chisq = 132911.319419, e = 58.350150
0.000000	7.987952
0.068388	7.987952
0.068388	8.363187
0.280102	8.363187
0.280102	8.505803
0.400714	8.505803
0.400714	8.567706
0.707573	8.567706
0.707573	8.621716
1.026864	8.621716
1.026864	8.649882
1.266023	8.649882
1.266023	8.684478
1.954008	8.684478
1.954008	8.750518
2.475547	8.750518
2.475547	8.820447
2.796408	8.820447
2.796408	8.888507
3.650104	8.888507
3.650104	8.938243
4.400085	8.938243
4.400085	8.982820
4.917786	8.982820
4.917786	9.075172
6.124843	9.075172
6.124843	9.184409
7.053640	9.184409
7.053640	9.230703
7.783197	9.230703
7.783197	9.279289
9.879746	9.279289
9.879746	9.339571
11.595815	9.339571
11.595815	9.390245
12.864401	9.390245
12.864401	9.457888
16.087618	9.457888
16.087618	9.514291
18.419648	9.514291
18.419648	9.548960
20.138508	9.548960
20.138508	9.615335
23.888350	9.615335
23.888350	9.718463
26.113372	9.718463
26.113372	9.795034
27.564196	9.795034
27.564196	9.918271
30.142521	9.918271
30.142521	10.180684
31.425907	10.180684
31.425907	10.460362
32.221117	10.460362
32.221117	10.766759
33.930575	10.766759
33.930575	10.979439
35.290541	10.979439
35.290541	11.102320
36.439506	11.102320
36.439506	11.284349
39.051274	11.284349
39.051274	11.563924
40.971627	11.563924
40.971627	11.876361
42.435134	11.876361
42.435134	12.501482
45.042121	12.501482
45.042121	13.541486
46.729795	13.541486
46.729795	14.452400
47.995111	14.452400
47.995111	15.431655
50.373849	15.431655
50.373849	16.263200
52.304293	16.263200
52.304293	16.792883
53.993563	16.792883
53.993563	17.388425
57.221867	17.388425
57.221867	17.978015
59.970897	17.978015
59.970897	18.369573
62.406338	18.369573
& cycle # 10, chisq = 181589.223676, e = 58.350150
0.000000	2.548544
0.035433	2.548544
0.035433	5.006605
0.199614	5.006605
0.199614	5.776693
0.289204	5.776693
0.289204	6.301351
0.565677	6.301351
0.565677	6.844386
0.861008	6.844386
0.861008	7.157295
1.077862	7.157295
1.077862	7.455844
1.904963	7.455844
1.904963	7.688524
2.588038	7.688524
2.588038	7.964120
2.945149	7.964120
2.945149	8.663864
3.698671	8.663864
3.698671	9.155963
4.297595	9.155963
4.297595	9.251232
4.750347	9.251232
4.750347	9.386013
6.161803	9.386013
6.161803	9.625463
7.102695	9.625463
7.102695	9.786264
7.744800	9.786264
7.744800	9.911380
9.908524	9.911380
9.908524	10.029912
11.591872	10.029912
11.591872	10.130374
12.761152	10.130374
12.761152	10.277095
16.159696	10.277095
16.159696	10.394257
18.433403	10.394257
18.433403	10.469560
20.017043	10.469560
20.017043	10.614034
23.958867	10.614034
23.958867	10.798205
26.163949	10.798205
26.163949	10.941107
27.510103	10.941107
27.510103	11.236939
30.101410	11.236939
30.101410	11.668442
31.416511	11.668442
31.416511	12.020351
32.253199	12.020351
32.253199	12.707579
34.073435	12.707579
34.073435	13.370734
35.290955	13.370734
35.290955	13.597652
36.290386	13.597652
36.290386	13.793920
38.990980	13.793920
38.990980	13.969773
40.937754	13.969773
40.937754	14.120244
42.400022	14.120244
42.400022	14.452904
45.265220	14.452904
45.265220	15.081649
46.883518	15.081649
46.883518	15.629589
48.007799	15.629589
48.007799	16.158844
50.361414	16.158844
50.361414	16.512658
52.212624	16.512658
52.212624	16.703392
53.808996	16.703392
53.808996	16.923252
57.251908	16.923252
57.251908	17.138493
60.099910	17.138493
60.099910	17.274917
62.584375	17.274917
& cycle # 2, chisq = 185364.515330, e = 69.188949
0.000000	6.190946
0.035433	6.190946
0.035433	7.108519
0.199614	7.108519
0.199614	7.366110
0.289204	7.366110
0.289204	7.532529
0.565677	7.532529
0.565677	7.692518
0.861008	7.692518
0.861008	7.774819
1.077862	7.774819
1.077862	7.848704
1.904963	7.848704
1.904963	7.915178
2.588038	7.915178
2.588038	8.004603
2.945149	8.004603
2.945149	8.247462
3.698671	8.247462
3.698671	8.443364
4.297595	8.443364
4.297595	8.498695
4.750347	8.498695
4.750347	8.596121
6.161803	8.596121
6.161803	8.780683
7.102695	8.780683
7.102695	8.908273
7.744800	8.908273
7.744800	9.012519
9.908524	9.012519
9.908524	9.115308
11.591872	9.115308
11.591872	9.202968
12.761152	9.202968
12.761152	9.329953
16.159696	9.329953
16.159696	9.428641
18.433403	9.428641
18.433403	9.489776
20.017043	9.489776
20.017043	9.602998
23.958867	9.602998
23.958867	9.737499
26.163949	9.737499
26.163949	9.831950
27.510103	9.831950
27.510103	10.015249
30.101410	10.015249
30.101410	10.261127
31.416511	10.261127
31.416511	10.445631
32.253199	10.445631
32.253199	10.803546
34.073435	10.803546
34.073435	11.159937
35.290955	11.159937
35.290955	11.298284
36.290386	11.298284
36.290386	11.458032
38.990980	11.458032
38.990980	11.665089
40.937754	11.665089
40.937754	11.885600
42.400022	11.885600
42.400022	12.417160
45.265220	12.417160
45.265220	13.483984
46.883518	13.483984
46.883518	14.482437
48.007799	14.482437
48.007799	15.584723
50.361414	15.584723
50.361414	16.485399
52.212624	16.485399
52.212624	17.053237
53.808996	17.053237
53.808996	17.752986
57.251908	17.752986
57.251908	18.467997
60.099910	18.467997
60.099910	18.934203
62.584375	18.934203
& cycle # 3, chisq = 249225.745617, e = 69.188949
0.000000	3.638273
0.035433	3.638273
0.035433	5.049630
0.199614	5.049630
0.199614	5.525393
0.289204	5.525393
0.289204	5.817849
0.565677	5.817849
0.565677	6.083747
0.861008	6.083747
0.861008	6.219683
1.077862	6.219683
1.077862	6.344660
1.904963	6.344660
1.904963	6.458491
2.588038	6.458491
2.588038	6.612705
2.945149	6.612705
2.945149	7.034707
3.698671	7.034707
3.698671	7.382575
4.297595	7.382575
4.297595	7.487971
4.750347	7.487971
4.750347	7.684812
6.161803	7.684812
6.161803	8.067833
7.102695	8.067833
7.102695	8.339827
7.744800	8.339827
7.744800	8.579792
9.908524	8.579792
9.908524	8.838264
11.591872	8.838264
11.591872	9.066606
12.761152	9.066606
12.761152	9.406419
16.159696	9.406419
16.159696	9.684603
18.433403	9.684603
18.433403	9.864721
20.017043	9.864721
20.017043	10.196968
23.958867	10.196968
23.958867	10.579303
26.163949	10.579303
26.163949	10.831129
27.510103	10.831129
27.510103	11.285661
30.101410	11.285661
30.101410	11.818543
31.416511	11.818543
31.416511	12.149522
32.253199	12.149522
32.253199	12.740973
34.073435	12.740973
34.073435	13.274882
35.290955	13.274882
35.290955	13.437716
36.290386	13.437716
36.290386	13.572429
38.990980	13.572429
38.990980	13.695095
40.937754	13.695095
40.937754	13.802887
42.400022	13.802887
42.400022	14.045163
45.265220	14.045163
45.265220	14.508093
46.883518	14.508093
46.883518	14.916157
48.007799	14.916157
48.007799	15.318114
50.361414	15.318114
50.361414	15.594478
52.212624	15.594478
52.212624	15.746064
53.808996	15.746064
53.808996	15.920847
57.251908	15.920847
57.251908	16.091490
60.099910	16.091490
60.099910	16.199345
62.584375	16.199345
& cycle # 6, chisq = 158171.113178, e = 69.188949
0.000000	6.223877
0.035433	6.223877
0.035433	7.144882
0.199614	7.144882
0.199614	7.444636
0.289204	7.444636
0.289204	7.649534
0.565677	7.649534
0.565677	7.848378
0.861008	7.848378
0.861008	7.952765
1.077862	7.952765
1.077862	8.049091
1.904963	8.049091
1.904963	8.137682
2.588038	8.137682
2.588038	8.257819
2.945149	8.257819
2.945149	8.584236
3.698671	8.584236
3.698671	8.847262
4.297595	8.847262
4.297595	8.920993
4.750347	8.920993
4.750347	9.049538
6.161803	9.049538
6.161803	9.291792
7.102695	9.291792
7.102695	9.458354
7.744800	9.458354
7.744800	9.592226
9.908524	9.592226
9.908524	9.721477
11.591872	9.721477
11.591872	9.830650
12.761152	9.830650
12.761152	9.987277
16.159696	9.987277
16.159696	10.106245
18.433403	10.106245
18.433403	10.178002
20.017043	10.178002
20.017043	10.308743
23.958867	10.308743
23.958867	10.459331
26.163949	10.459331
26.163949	10.560096
27.510103	10.560096
27.510103	10.748919
30.101410	10.748919
30.101410	10.989023
31.416511	10.989023
31.416511	11.157256
32.253199	11.157256
32.253199	11.473711
34.073435	11.473711
34.073435	11.776313
35.290955	11.776313
35.290955	11.882884
36.290386	11.882884
36.290386	11.991182
38.990980	11.991182
38.990980	12.116276
40.937754	12.116276
40.937754	12.242556
42.400022	12.242556
42.400022	12.541199
45.265220	12.541199
45.265220	13.132461
46.883518	13.132461
46.883518	13.676855
48.007799	13.676855
48.007799	14.260435
50.361414	14.260435
50.361414	14.718690
52.212624	14.718690
52.212624	14.999717
53.808996	14.999717
53.808996	15.342220
57.251908	15.342220
57.251908	15.689899
60.099910	15.689899
60.099910	15.915671
62.584375	15.915671
& cycle # 13, chisq = 177416.292418, e = 69.188949
0.000000	5.637984
0.076717	5.637984
0.076717	6.094826
0.295815	6.094826
0.295815	6.245792
0.421882	6.245792
0.421882	6.327379
0.730753	6.327379
0.730753	6.401420
1.050443	6.401420
1.050443	6.443187
1.290277	6.443187
1.290277	6.503789
1.945427	6.503789
1.945427	6.625984
2.445822	6.625984
2.445822	6.751729
2.764226	6.751729
2.764226	6.879694
3.604402	6.879694
3.604402	6.988608
4.374144	6.988608
4.374144	7.088050
4.932346	7.088050
4.932346	7.315946
6.214009	7.315946
6.214009	7.690878
7.135333	7.690878
7.135333	7.920279
7.830615	7.920279
7.830615	8.155162
9.781486	8.155162
9.781486	8.402824
11.503503	8.402824
11.503503	8.595989
12.857143	8.595989
12.857143	8.945723
16.180035	8.945723
16.180035	9.440042
18.441776	9.440042
18.441776	9.773127
20.092909	9.773127
20.092909	10.122289
23.831405	10.122289
23.831405	10.528393
26.202944	10.528393
26.202944	10.929407
27.681975	10.929407
27.681975	11.599816
30.056718	11.599816
30.056718	12.493196
31.301248	12.493196
31.301248	13.108617
32.130691	13.108617
32.130691	13.677295
33.894105	13.677295
33.894105	13.972966
35.295506	13.972966
35.295506	14.064177
36.479941	14.064177
36.479941	14.142047
39.077596	14.142047
39.077596	14.226038
40.992840	14.226038
40.992840	14.305882
42.456311	14.305882
42.456311	14.447803
45.011875	14.447803
45.011875	14.660552
46.706393	14.660552
46.706393	14.829444
47.995975	14.829444
47.995975	14.986551
50.374274	14.986551
50.374274	15.097651
52.318928	15.097651
52.318928	15.157168
54.025999	15.157168
54.025999	15.216983
57.212369	15.216983
57.212369	15.272669
59.940458	15.272669
59.940458	15.308627
62.364061	15.308627
& cycle # 2, chisq = 85182.714622, e = 56.252118
0.000000	5.064225
0.076717	5.064225
0.076717	5.520244
0.295815	5.520244
0.295815	5.673926
0.421882	5.673926
0.421882	5.758738
0.730753	5.758738
0.730753	5.836709
1.050443	5.836709
1.050443	5.881469
1.290277	5.881469
1.290277	5.947903
1.945427	5.947903
1.945427	6.083396
2.445822	6.083396
2.445822	6.223946
2.764226	6.223946
2.764226	6.369723
3.604402	6.369723
3.604402	6.498434
4.374144	6.498434
4.374144	6.618719
4.932346	6.618719
4.932346	6.896609
6.214009	6.896609
6.214009	7.356388
7.135333	7.356388
7.135333	7.639792
7.830615	7.639792
7.830615	7.931577
9.781486	7.931577
9.781486	8.238093
11.503503	8.238093
11.503503	8.475048
12.857143	8.475048
12.857143	8.899174
16.180035	8.899174
16.180035	9.489651
18.441776	9.489651
18.441776	9.876696
20.092909	9.876696
20.092909	10.255901
23.831405	10.255901
23.831405	10.660090
26.202944	10.660090
26.202944	11.043927
27.681975	11.043927
27.681975	11.672669
30.056718	11.672669
30.056718	12.490757
31.301248	12.490757
31.301248	13.045074
32.130691	13.045074
32.130691	13.559070
33.894105	13.559070
33.894105	13.832377
35.295506	13.832377
35.295506	13.921762
36.479941	13.921762
36.479941	14.004509
39.077596	14.004509
39.077596	14.100451
40.992840	14.100451
40.992840	14.194932
42.456311	14.194932
42.456311	14.365481
45.011875	14.365481
45.011875	14.623970
46.706393	14.623970
46.706393	14.831780
47.995975	14.831780
47.995975	15.029187
50.374274	15.029187
50.374274	15.173450
52.318928	15.173450
52.318928	15.253462
54.025999	15.253462
54.025999	15.335385
57.212369	15.335385
57.212369	15.412475
59.940458	15.412475
59.940458	15.462609
62.364061	15.462609
& cycle # 3, chisq = 87811.928662, e = 56.252118
0.000000	7.152949
0.076717	7.152949
0.076717	7.532804
0.295815	7.532804
0.295815	7.649246
0.421882	7.649246
0.421882	7.707486
0.730753	7.707486
0.730753	7.760195
1.050443	7.760195
1.050443	7.789759
1.290277	7.789759
1.290277	7.832265
1.945427	7.832265
1.945427	7.917493
2.445822	7.917493
2.445822	8.004762
2.764226	8.004762
2.764226	8.092373
3.604402	8.092373
3.604402	8.164788
4.374144	8.164788
4.374144	8.229537
4.932346	8.229537
4.932346	8.376602
6.214009	8.376602
6.214009	8.616568
7.135333	8.616568
7.135333	8.761397
7.830615	8.761397
7.830615	8.906784
9.781486	8.906784
9.781486	9.057819
11.503503	9.057819
11.503503	9.174570
12.857143	9.174570
12.857143	9.386142
16.180035	9.386142
16.180035	9.688138
18.441776	9.688138
18.441776	9.896644
20.092909	9.896644
20.092909	10.130942
23.831405	10.130942
23.831405	10.433869
26.202944	10.433869
26.202944	10.760020
27.681975	10.760020
27.681975	11.370816
30.056718	11.370816
30.056718	12.310921
31.301248	12.310921
31.301248	13.039751
32.130691	13.039751
32.130691	13.761091
33.894105	13.761091
33.894105	14.169613
35.295506	14.169613
35.295506	14.308496
36.479941	14.308496
36.479941	14.428306
39.077596	14.428306
39.077596	14.554539
40.992840	14.554539
40.992840	14.671807
42.456311	14.671807
42.456311	14.877089
45.011875	14.877089
45.011875	15.181141
46.706393	15.181141
46.706393	15.419189
47.995975	15.419189
47.995975	15.635657
50.374274	15.635657
50.374274	15.783406
52.318928	15.783406
52.318928	15.859699
54.025999	15.859699
54.025999	15.935083
57.212369	15.935083
57.212369	16.004715
59.940458	16.004715
59.940458	16.049477
62.364061	16.049477
& cycle # 6, chisq = 91900.629864, e = 56.252118
0.000000	4.189073
0.076717	4.189073
0.076717	4.729070
0.295815	4.729070
0.295815	4.920762
0.421882	4.920762
0.421882	5.032353
0.730753	5.032353
0.730753	5.135854
1.050443	5.135854
1.050443	5.196134
1.290277	5.196134
1.290277	5.287346
1.945427	5.287346
1.945427	5.475132
2.445822	5.475132
2.445822	5.671070
2.764226	5.671070
2.764226	5.876715
3.604402	5.876715
3.604402	6.061701
4.374144	6.061701
4.374144	6.235955
4.932346	6.235955
4.932346	6.637309
6.214009	6.637309
6.214009	7.294450
7.135333	7.294450
7.135333	7.688869
7.830615	7.688869
7.830615	8.068797
9.781486	8.068797
9.781486	8.429680
11.503503	8.429680
11.503503	8.679177
12.857143	8.679177
12.857143	9.092280
16.180035	9.092280
16.180035	9.638395
18.441776	9.638395
18.441776	9.974959
20.092909	9.974959
20.092909	10.265388
23.831405	10.265388
23.831405	10.526281
26.202944	10.526281
26.202944	10.760312
27.681975	10.760312
27.681975	11.151088
30.056718	11.151088
30.056718	11.680860
31.301248	11.680860
31.301248	12.058108
32.130691	12.058108
32.130691	12.429399
33.894105	12.429399
33.894105	12.653270
35.295506	12.653270
35.295506	12.746702
36.479941	12.746702
36.479941	12.857365
39.077596	12.857365
39.077596	13.009972
40.992840	13.009972
40.992840	13.172370
42.456311	13.172370
42.456311	13.476813
45.011875	13.476813
45.011875	13.952769
46.706393	13.952769
46.706393	14.350380
47.995975	14.350380
47.995975	14.752977
50.374274	14.752977
50.374274	15.076301
52.318928	15.076301
52.318928	15.273142
54.025999	15.273142
54.025999	15.485189
57.212369	15.485189
57.212369	15.690923
59.940458	15.690923
59.940458	15.827518
62.364061	15.827518
& cycle # 9, chisq = 103164.337747, e = 56.252118
0.000000	8.392589
0.076717	8.392589
0.076717	8.887621
0.295815	8.887621
0.295815	9.042974
0.421882	9.042974
0.421882	9.122099
0.730753	9.122099
0.730753	9.190235
1.050443	9.190235
1.050443	9.225961
1.290277	9.225961
1.290277	9.272742
1.945427	9.272742
1.945427	9.362031
2.445822	9.362031
2.445822	9.450465
2.764226	9.450465
2.764226	9.532298
3.604402	9.532298
3.604402	9.588350
4.374144	9.588350
4.374144	9.631428
4.932346	9.631428
4.932346	9.723208
6.214009	9.723208
6.214009	9.864579
7.135333	9.864579
7.135333	9.941596
7.830615	9.941596
7.830615	10.006342
9.781486	10.006342
9.781486	10.062416
11.503503	10.062416
11.503503	10.098984
12.857143	10.098984
12.857143	10.159167
16.180035	10.159167
16.180035	10.241074
18.441776	10.241074
18.441776	10.295242
20.092909	10.295242
20.092909	10.352535
23.831405	10.352535
23.831405	10.423842
26.202944	10.423842
26.202944	10.502034
27.681975	10.502034
27.681975	10.656883
30.056718	10.656883
30.056718	10.913502
31.301248	10.913502
31.301248	11.128348
32.130691	11.128348
32.130691	11.365746
33.894105	11.365746
33.894105	11.537100
35.295506	11.537100
35.295506	11.628616
36.479941	11.628616
36.479941	11.757419
39.077596	11.757419
39.077596	11.952189
40.992840	11.952189
40.992840	12.167473
42.456311	12.167473
42.456311	12.579601
45.011875	12.579601
45.011875	13.236437
46.706393	13.236437
46.706393	13.798837
47.995975	13.798837
47.995975	14.391289
50.374274	14.391289
50.374274	14.893222
52.318928	14.893222
52.318928	15.213753
54.025999	15.213753
54.025999	15.567844
57.212369	15.567844
57.212369	15.916564
59.940458	15.916564
59.940458	16.150340
62.364061	16.150340
& cycle # 10, chisq = 126539.744110, e = 56.252118
