25.000000	480.990020
24.877500	476.946732
24.567500	472.945734
19.877500	468.939403
17.752500	464.939213
16.740000	460.918680
16.437500	456.894667
16.225000	452.880453
16.052500	448.879452
15.902500	444.839299
15.770000	440.807925
15.650000	436.777000
15.537500	432.689480
15.432500	428.633162
15.332500	424.575445
15.237500	420.554950
15.145000	416.486705
15.055000	412.382916
14.970000	408.380124
14.885000	404.267053
14.802500	400.189790
14.722500	396.179048
14.642500	392.133896
14.562500	388.070878
14.482500	383.999219
14.402500	379.921508
14.322500	375.837267
14.242500	371.748088
14.162500	367.662325
14.082500	363.597347
14.002500	359.578131
13.920000	355.510571
13.835000	351.428925
13.747500	347.359931
13.657500	343.316439
13.565000	339.297639
13.467500	335.194805
13.367500	331.125839
13.262500	327.034822
13.152500	323.016137
13.030000	318.951728
12.892500	314.943798
12.735000	310.927743
12.565000	306.913352
12.392500	302.872630
12.215000	298.845591
12.005000	294.843241
11.677500	290.833928
9.142500	286.833647
7.420000	282.810303
7.142500	278.773949
6.955000	274.753388
6.807500	270.700338
6.685000	266.685802
6.577500	262.652528
6.480000	258.559689
6.392500	254.515252
6.312500	250.496546
6.237500	246.443475
6.167500	242.409576
6.100000	238.291897
6.037500	234.282829
5.977500	230.259490
5.920000	226.245553
5.862500	222.078266
5.807500	217.949519
5.755000	213.878940
5.702500	209.682764
5.652500	205.571146
5.605000	201.563159
5.557500	197.458885
5.510000	193.262251
5.465000	189.205554
5.420000	185.074635
5.375000	180.874133
5.332500	176.847239
5.290000	172.766044
5.247500	168.633933
5.205000	164.453996
5.162500	160.229095
5.122500	156.214122
5.082500	152.164141
5.042500	148.081731
5.002500	143.969805
4.962500	139.831700
4.922500	135.671217
4.882500	131.492597
4.842500	127.300441
4.802500	123.099574
4.762500	118.894888
4.722500	114.691173
4.682500	110.492979
4.642500	106.304512
4.602500	102.129601
0.000000	0.000000
& cycle # 2, chisq = 116291.964537, e = 57.543338
25.000000	443.385144
23.665000	439.384169
18.445000	435.383683
16.365000	431.366688
16.010000	427.348349
15.760000	423.310498
15.562500	419.308333
15.390000	415.255275
15.235000	411.204053
15.095000	407.203118
14.965000	403.183908
14.842500	399.142454
14.725000	395.074041
14.612500	391.045496
14.502500	387.006610
14.395000	382.968471
14.290000	378.930785
14.187500	374.900074
14.085000	370.800286
13.985000	366.771561
13.885000	362.759181
13.782500	358.700059
13.677500	354.611570
13.572500	350.580984
13.465000	346.491851
13.357500	342.436647
13.247500	338.360066
13.135000	334.346926
13.015000	330.333156
12.882500	326.259777
12.742500	322.257986
12.597500	318.193077
12.457500	314.129868
12.322500	310.056104
12.187500	306.008669
12.042500	301.990585
11.872500	297.972166
11.662500	293.961509
11.400000	289.947555
11.017500	285.930878
7.985000	281.929755
6.900000	277.927170
6.570000	273.896266
6.347500	269.875908
6.175000	265.846382
6.032500	261.843174
5.907500	257.800199
5.795000	253.710441
5.695000	249.690493
5.602500	245.630740
5.517500	241.601634
5.437500	237.546111
5.362500	233.512946
5.290000	229.402447
5.222500	225.387532
5.157500	221.347816
5.095000	217.300084
5.035000	213.261185
4.977500	209.248760
4.920000	205.097990
4.865000	201.000134
4.812500	196.974962
4.760000	192.842032
4.710000	188.808609
4.660000	184.682642
4.612500	180.678822
4.565000	176.593943
4.517500	172.428511
4.472500	168.408343
4.427500	164.316699
4.382500	160.154497
4.337500	155.923289
4.295000	151.865820
4.252500	147.751277
4.210000	143.582516
4.167500	139.362585
4.127500	135.346836
4.087500	131.290717
4.047500	127.196197
4.007500	123.064867
3.967500	118.897967
3.927500	114.696492
3.887500	110.461352
3.850000	106.461229
3.812500	102.433460
0.000000	0.000000
& cycle # 3, chisq = 120509.911679, e = 57.543338
25.000000	488.494939
24.925000	484.410343
24.405000	480.405100
23.697500	476.398144
21.780000	472.397163
19.605000	468.388653
18.890000	464.385890
17.042500	460.378991
16.675000	456.376735
16.452500	452.346568
16.282500	448.319391
16.140000	444.315275
16.012500	440.258511
15.897500	436.212960
15.792500	432.195714
15.695000	428.195603
15.602500	424.178441
15.512500	420.087547
15.427500	416.083717
15.342500	411.964595
15.260000	407.870319
15.180000	403.817485
15.100000	399.688936
15.022500	395.624226
14.945000	391.507068
14.870000	387.489501
14.795000	383.460301
14.720000	379.442326
14.642500	375.324828
14.565000	371.260261
14.487500	367.259581
14.407500	363.201543
14.325000	359.094228
14.242500	355.068497
14.157500	351.016296
14.070000	346.967605
13.980000	342.964967
13.885000	338.954521
13.782500	334.904222
13.672500	330.882050
13.552500	326.846742
13.422500	322.841407
13.277500	318.813932
13.107500	314.790119
12.882500	310.781153
12.560000	306.766553
12.190000	302.760963
11.017500	298.759820
8.992500	294.738991
8.640000	290.704836
8.407500	286.659185
8.230000	282.655527
8.080000	278.629151
7.947500	274.581259
7.827500	270.507737
7.717500	266.425594
7.615000	262.326731
7.520000	258.290200
7.430000	254.277386
7.342500	250.222048
7.257500	246.155679
7.175000	242.103616
7.095000	238.087263
7.015000	233.998258
6.937500	229.983675
6.860000	225.936631
6.782500	221.880691
6.705000	217.840967
6.625000	213.713401
6.545000	209.651811
6.462500	205.552812
6.377500	201.444133
6.290000	197.357581
6.200000	193.332179
6.105000	189.312775
6.002500	185.281017
5.890000	181.261304
5.762500	177.250422
5.610000	173.229826
5.407500	169.203357
4.990000	165.194668
3.877500	161.180161
3.640000	157.162009
3.462500	153.108248
3.310000	149.047797
3.170000	145.039804
3.032500	141.027390
2.890000	136.988010
2.732500	132.945697
2.535000	128.923871
1.785000	124.920604
1.475000	120.895409
1.360000	116.819379
1.280000	112.765685
1.215000	108.626116
1.160000	104.473448
1.112500	100.373722
0.000000	0.000000
& cycle # 6, chisq = 116548.690812, e = 57.543338
25.000000	398.684839
13.757500	394.673713
13.140000	390.670220
12.715000	386.669534
12.440000	382.656559
12.252500	378.641866
12.092500	374.609278
11.940000	370.559051
11.792500	366.550564
11.650000	362.510046
11.517500	358.502214
11.392500	354.472485
11.272500	350.416454
11.157500	346.410361
11.045000	342.404999
10.935000	338.396520
10.827500	334.362772
10.722500	330.289082
10.622500	326.284352
10.525000	322.278420
10.427500	318.196451
10.332500	314.164690
10.237500	310.085356
10.145000	306.061471
10.052500	301.974359
9.962500	297.928011
9.875000	293.927613
9.787500	289.870124
9.700000	285.769708
9.615000	281.758980
9.530000	277.729776
9.445000	273.683557
9.360000	269.615760
9.275000	265.519484
9.192500	261.512027
9.110000	257.474206
9.027500	253.412552
8.945000	249.337339
8.862500	245.259018
8.780000	241.184644
8.697500	237.115931
8.615000	233.049735
8.532500	228.980668
8.450000	224.904596
8.367500	220.821446
8.285000	216.736042
8.202500	212.656626
8.120000	208.591756
8.037500	204.547079
7.955000	200.523488
7.872500	196.517505
7.787500	192.402739
7.702500	188.296164
7.617500	184.197269
7.532500	180.110317
7.447500	176.042406
7.362500	172.000001
7.277500	167.985766
7.190000	163.880372
7.102500	159.795718
7.015000	155.724728
6.927500	151.663569
6.840000	147.613383
6.752500	143.579037
6.665000	139.565611
6.575000	135.460941
6.485000	131.375910
6.395000	127.301999
6.305000	123.230342
6.215000	119.155829
6.125000	115.078670
6.035000	111.002382
5.945000	106.929453
5.855000	102.857531
0.000000	0.000000
& cycle # 9, chisq = 148294.581748, e = 57.543338
25.000000	437.889820
21.235000	433.889532
17.022500	429.885030
16.350000	425.878721
16.030000	421.855676
15.792500	417.819207
15.600000	413.813144
15.430000	409.762576
15.275000	405.702849
15.132500	401.671105
15.000000	397.655564
14.875000	393.642686
14.755000	389.624706
14.637500	385.583601
14.522500	381.562445
14.407500	377.487171
14.295000	373.442552
14.185000	369.432119
14.075000	365.389293
13.965000	361.361280
13.852500	357.313595
13.737500	353.289901
13.617500	349.214823
13.495000	345.153423
13.370000	341.089619
13.242500	337.065429
13.107500	333.049209
12.957500	329.012011
12.790000	325.003854
12.612500	320.995150
12.440000	316.946075
12.277500	312.940172
12.107500	308.887535
11.910000	304.862595
11.657500	300.861987
11.332500	296.854958
10.825000	292.851048
9.610000	288.848084
8.300000	284.838748
7.785000	280.821331
7.467500	276.816199
7.227500	272.772192
7.032500	268.733712
6.867500	264.703441
6.722500	260.673869
6.592500	256.673681
6.472500	252.649037
6.360000	248.571580
6.255000	244.489803
6.157500	240.461125
6.065000	236.434937
5.975000	232.337027
5.890000	228.310336
5.807500	224.259524
5.727500	220.197528
5.650000	216.137175
5.575000	212.093398
5.502500	208.083550
5.430000	203.983236
5.360000	199.947678
5.290000	195.845125
5.222500	191.831540
5.155000	187.765206
5.087500	183.648604
5.022500	179.639372
4.957500	175.589529
4.892500	171.504669
4.827500	167.392302
4.762500	163.261018
4.697500	159.119177
4.632500	154.973697
4.567500	150.829417
4.502500	146.689352
4.437500	142.555712
4.372500	138.431259
4.307500	134.320394
4.242500	130.229458
4.177500	126.166080
4.112500	122.137823
4.045000	117.998273
3.977500	113.907184
3.910000	109.866080
3.840000	105.728449
3.770000	101.646026
0.000000	0.000000
& cycle # 11, chisq = 121348.288553, e = 57.543338
25.000000	480.990020
24.920000	476.901355
24.805000	472.873379
24.582500	468.851862
22.195000	464.850109
19.075000	460.846647
16.827500	456.829544
16.457500	452.818414
16.217500	448.775699
16.030000	444.775289
15.870000	440.742878
15.730000	436.710986
15.602500	432.628652
15.485000	428.546009
15.375000	424.474352
15.270000	420.379311
15.170000	416.293117
15.075000	412.240940
14.982500	408.138154
14.895000	404.125643
14.810000	400.125031
14.725000	396.047904
14.642500	392.040708
14.560000	388.001628
14.477500	383.939818
14.395000	379.857241
14.312500	375.752836
14.230000	371.628445
14.150000	367.619279
14.070000	363.618901
13.987500	359.529664
13.905000	355.506818
13.820000	351.457374
13.732500	347.404437
13.642500	343.357125
13.550000	339.312099
13.455000	335.264072
13.357500	331.222799
13.255000	327.130922
13.147500	323.079739
13.030000	319.017075
12.900000	315.004984
12.752500	310.954757
12.595000	306.920788
12.437500	302.907828
12.277500	298.847798
12.105000	294.842642
11.882500	290.823852
11.527500	286.808406
7.952500	282.807706
7.117500	278.780358
6.845000	274.753849
6.657500	270.730936
6.507500	266.673960
6.382500	262.659214
6.272500	258.606485
6.175000	254.587482
6.085000	250.516299
6.002500	246.480417
5.925000	242.425478
5.852500	238.400535
5.782500	234.300290
5.715000	230.145616
5.652500	226.122513
5.592500	222.102481
5.532500	217.931411
5.475000	213.797568
5.420000	209.724229
5.365000	205.540441
5.312500	201.449307
5.260000	197.267802
5.210000	193.205266
5.160000	189.067816
5.110000	184.858513
5.062500	180.796083
5.015000	176.675020
4.967500	172.499335
4.922500	168.497456
4.877500	164.455804
4.832500	160.379828
4.787500	156.275334
4.742500	152.148219
4.697500	148.004204
4.652500	143.848619
4.607500	139.686296
4.562500	135.521580
4.517500	131.358459
4.472500	127.200789
4.427500	123.052560
4.382500	118.918144
4.337500	114.802459
4.292500	110.711026
4.247500	106.649873
4.202500	102.625331
0.000000	0.000000
& cycle # 2, chisq = 107172.206324, e = 57.133051
25.000000	443.385144
24.735000	439.380020
19.372500	435.378351
16.615000	431.376809
16.142500	427.369643
15.855000	423.330780
15.637500	419.301572
15.455000	415.258377
15.292500	411.195991
15.145000	407.137424
15.010000	403.095730
14.885000	399.077197
14.765000	395.002639
14.650000	390.944073
14.537500	386.862619
14.427500	382.777066
14.320000	378.688652
14.215000	374.600138
14.112500	370.531356
14.012500	366.520892
13.912500	362.514208
13.810000	358.452173
13.705000	354.358941
13.600000	350.327605
13.492500	346.241523
13.385000	342.185432
13.277500	338.183965
13.165000	334.125132
13.047500	330.120472
12.920000	326.107132
12.782500	322.105705
12.640000	318.103394
12.500000	314.076204
12.365000	310.013093
12.232500	305.969833
12.092500	301.908198
11.935000	297.887801
11.745000	293.883281
11.510000	289.851345
11.210000	285.844282
10.682500	281.832347
7.287500	277.831143
6.715000	273.817812
6.412500	269.779984
6.195000	265.731228
6.022500	261.713690
5.875000	257.673729
5.745000	253.614900
5.630000	249.601315
5.525000	245.570448
5.427500	241.509304
5.337500	237.489753
5.252500	233.455172
5.172500	229.443499
5.095000	225.353692
5.022500	221.341677
4.952500	217.294885
4.885000	213.232038
4.820000	209.173489
4.757500	205.139623
4.695000	200.980670
4.635000	196.872944
4.577500	192.831599
4.520000	188.687647
4.465000	184.627334
4.410000	180.472374
4.357500	176.418541
4.305000	172.280665
4.255000	168.264213
4.205000	164.177157
4.155000	160.022943
4.107500	156.017234
4.060000	151.956225
4.012500	147.841581
3.965000	143.674282
3.917500	139.454806
3.872500	135.409567
3.827500	131.318253
3.782500	127.181815
3.737500	123.001872
3.692500	118.780737
3.650000	114.758869
3.607500	110.705473
3.565000	106.623159
3.522500	102.514232
0.000000	0.000000
& cycle # 3, chisq = 110962.420110, e = 57.133051
25.000000	488.494939
24.847500	484.467533
23.990000	480.462957
22.367500	476.453683
20.472500	472.452236
19.530000	468.441181
18.957500	464.437731
17.202500	460.430589
16.740000	456.417512
16.502500	452.414964
16.325000	448.360342
16.177500	444.289016
16.050000	440.272102
15.935000	436.255568
15.827500	432.160391
15.727500	428.059532
15.635000	424.031446
15.545000	419.919687
15.460000	415.887643
15.377500	411.858283
15.297500	407.857873
15.217500	403.775972
15.140000	399.750236
15.062500	395.660344
14.987500	391.650115
14.912500	387.602188
14.837500	383.535484
14.762500	379.472555
14.687500	375.436397
14.610000	371.314882
14.532500	367.258571
14.452500	363.148320
14.372500	359.118942
14.290000	355.049556
14.205000	350.953543
14.117500	346.854912
14.027500	342.791423
13.932500	338.706966
13.832500	334.670958
13.725000	330.652231
13.607500	326.623046
13.477500	322.556465
13.335000	318.529799
13.170000	314.485319
12.960000	310.482418
12.647500	306.469614
12.265000	302.462487
11.435000	298.458736
9.155000	294.458152
8.775000	290.438996
8.532500	286.426401
8.347500	282.397123
8.195000	278.381964
8.060000	274.305379
7.940000	270.273391
7.830000	266.234971
7.727500	262.173584
7.632500	258.157769
7.542500	254.144629
7.455000	250.068751
7.370000	245.966427
7.287500	241.868908
7.207500	237.801230
7.130000	233.783649
7.052500	229.701614
6.975000	225.568862
6.900000	221.537862
6.825000	217.495816
6.750000	213.464814
6.672500	209.334604
6.595000	205.262084
6.515000	201.138410
6.435000	197.112901
6.352500	193.080512
6.267500	189.070667
6.177500	185.009448
6.082500	180.959687
5.980000	176.899067
5.867500	172.844494
5.740000	168.779562
5.590000	164.724149
5.400000	160.712282
5.090000	156.706335
3.557500	152.700541
2.255000	148.685507
2.002500	144.632260
1.882500	140.593810
1.797500	136.565739
1.730000	132.552105
1.672500	128.502592
1.622500	124.474043
1.577500	120.420630
1.535000	116.201426
1.497500	112.149893
1.462500	108.081186
1.430000	104.048800
0.000000	0.000000
& cycle # 6, chisq = 106749.037460, e = 57.133051
25.000000	398.684839
14.317500	394.681781
13.640000	390.672529
13.192500	386.650767
12.827500	382.644878
12.537500	378.606841
12.340000	374.602154
12.180000	370.597390
12.030000	366.535195
11.882500	362.472818
11.737500	358.423833
11.597500	354.351209
11.467500	350.347149
11.342500	346.299967
11.222500	342.286759
11.105000	338.283332
10.987500	334.216395
10.872500	330.148734
10.762500	326.145590
10.655000	322.114427
10.550000	318.075244
10.447500	314.060800
10.345000	309.999372
10.242500	305.900299
10.142500	301.857987
10.042500	297.758020
9.945000	293.694228
9.850000	289.672373
9.755000	285.601201
9.660000	281.498518
9.567500	277.488059
9.475000	273.468068
9.382500	269.435436
9.290000	265.382059
9.197500	261.301364
9.105000	257.193782
9.015000	253.179877
8.925000	249.162113
8.835000	245.153142
8.742500	241.049628
8.650000	236.963219
8.557500	232.888445
8.465000	228.819611
8.372500	224.756061
8.280000	220.704410
8.187500	216.676509
8.092500	212.577073
7.997500	208.522970
7.902500	204.514053
7.805000	200.440820
7.707500	196.403605
7.610000	192.402545
7.510000	188.344484
7.407500	184.245788
7.305000	180.218805
7.200000	176.169481
7.092500	172.095935
6.985000	168.086306
6.875000	164.047347
6.762500	159.991469
6.647500	155.935816
6.530000	151.890759
6.410000	147.853098
6.287500	143.812249
6.162500	139.764628
6.035000	135.720310
5.905000	131.691688
5.772500	127.675416
5.637500	123.651022
5.500000	119.600751
5.362500	115.596609
5.222500	111.566750
5.082500	107.562795
4.942500	103.548032
0.000000	0.000000
& cycle # 9, chisq = 136136.475743, e = 57.133051
25.000000	386.006175
12.120000	382.002717
11.775000	377.984271
11.520000	373.946446
11.325000	369.889261
11.162500	365.867362
11.017500	361.807995
10.887500	357.742629
10.770000	353.658253
10.665000	349.644488
10.567500	345.604789
10.475000	341.504319
10.387500	337.397363
10.305000	333.327456
10.227500	329.327268
10.152500	325.285613
10.080000	321.210454
10.010000	317.111807
9.942500	313.003569
9.877500	308.903539
9.815000	304.832107
9.755000	300.810368
9.695000	296.684476
9.637500	292.638766
9.580000	288.508081
9.525000	284.480456
9.470000	280.379429
9.415000	276.205228
9.362500	272.152093
9.310000	268.031469
9.257500	263.843498
9.207500	259.793410
9.157500	255.685471
9.107500	251.523061
9.060000	247.522396
9.012500	243.481181
8.965000	239.404369
8.917500	235.296968
8.870000	231.163706
8.822500	227.008765
8.775000	222.835620
8.727500	218.647003
8.680000	214.444989
8.632500	210.231211
8.587500	206.229690
8.542500	202.220296
8.497500	198.204751
8.452500	194.185312
8.407500	190.164878
8.362500	186.147017
8.317500	182.135889
8.270000	177.914316
8.222500	173.711061
8.175000	169.531774
8.127500	165.381769
8.080000	161.265778
8.032500	157.187801
7.985000	153.151081
7.935000	148.949298
7.885000	144.798520
7.835000	140.700942
7.785000	136.658868
7.732500	132.477423
7.680000	128.364115
7.627500	124.323732
7.572500	120.175206
7.517500	116.119674
7.460000	111.986696
7.402500	107.970072
7.342500	103.909270
0.000000	0.000000
& cycle # 10, chisq = 158684.198805, e = 57.133051
25.000000	377.716412
15.912500	373.705205
15.417500	369.690133
15.090000	365.679593
14.835000	361.653809
14.617500	357.615794
14.422500	353.598836
14.245000	349.580238
14.082500	345.573209
13.927500	341.525504
13.777500	337.495229
13.630000	333.455567
13.487500	329.438278
13.350000	325.421888
13.215000	321.395742
13.077500	317.344303
12.935000	313.321211
12.787500	309.318848
12.640000	305.264092
12.502500	301.195710
12.377500	297.164937
12.260000	293.164476
12.142500	289.140143
12.020000	285.124618
11.885000	281.057953
11.737500	277.041275
11.575000	272.992976
11.400000	268.972649
11.202500	264.950650
10.960000	260.925110
10.642500	256.905425
10.140000	252.903570
7.422500	248.902883
6.750000	244.876617
6.465000	240.866601
6.270000	236.834056
6.120000	232.821342
5.995000	228.790493
5.887500	224.778599
5.792500	220.776585
5.705000	216.679965
5.625000	212.566425
5.552500	208.520162
5.485000	204.472665
5.420000	200.315108
5.360000	196.248323
5.302500	192.142423
5.247500	188.021575
5.195000	183.908827
5.145000	179.826411
5.097500	175.796117
5.050000	171.615725
5.005000	167.515678
4.960000	163.279317
4.917500	159.153538
4.875000	154.907647
4.835000	150.803299
4.795000	146.595826
4.757500	142.559428
4.720000	138.435827
4.682500	134.226652
4.647500	130.222208
4.612500	126.145623
4.577500	121.997880
4.542500	117.779891
4.507500	113.492569
4.475000	109.450268
4.442500	105.349970
4.410000	101.192803
0.000000	0.000000
& cycle # 1, chisq = 88529.522156, e = 50.987536
25.000000	480.990020
24.957500	476.907267
24.900000	472.831821
24.807500	468.830575
24.027500	464.824398
23.197500	460.819715
20.002500	456.819551
19.417500	452.814393
18.750000	448.804953
17.010000	444.796727
16.695000	440.793308
16.490000	436.772182
16.330000	432.737823
16.195000	428.716107
16.075000	424.677617
15.965000	420.593189
15.865000	416.557371
15.772500	412.549025
15.685000	408.520673
15.600000	404.402214
15.520000	400.360481
15.442500	396.311121
15.367500	392.282633
15.292500	388.157780
15.220000	384.085927
15.150000	380.079958
15.080000	376.004829
15.010000	371.866725
14.942500	367.826148
14.875000	363.749358
14.807500	359.652671
14.740000	355.554086
14.672500	351.471057
14.605000	347.418341
14.537500	343.406551
14.467500	339.295985
14.397500	335.239098
14.327500	331.237332
14.255000	327.153713
14.182500	323.139576
14.107500	319.074306
14.030000	314.988454
13.950000	310.920269
13.867500	306.910480
13.780000	302.882819
13.687500	298.881034
13.587500	294.835123
13.480000	290.781599
13.365000	286.766781
13.237500	282.733980
13.090000	278.720889
12.900000	274.680923
12.637500	270.662249
12.317500	266.659162
11.702500	262.654893
8.180000	258.644413
7.857500	254.609479
7.655000	250.562985
7.500000	246.491168
7.372500	242.457529
7.260000	238.362276
7.160000	234.279325
7.070000	230.230969
6.987500	226.198179
6.910000	222.125624
6.837500	218.068250
6.767500	213.928565
6.702500	209.894617
6.640000	205.848201
6.580000	201.812662
6.522500	197.808901
6.465000	193.673418
6.410000	189.596019
6.357500	185.594740
6.305000	181.489354
6.255000	177.486017
6.205000	173.395786
6.155000	169.223824
6.107500	165.190105
6.060000	161.093283
6.012500	156.938718
5.965000	152.731507
5.920000	148.701374
5.875000	144.631659
5.830000	140.525475
5.785000	136.385671
5.740000	132.215033
5.695000	128.016495
5.650000	123.793356
5.607500	119.785670
5.565000	115.763118
5.522500	111.729821
5.480000	107.690243
5.437500	103.649037
0.000000	0.000000
& cycle # 2, chisq = 78626.637363, e = 50.987536
25.000000	443.385144
24.772500	439.378744
22.110000	435.375425
19.425000	431.369459
18.162500	427.369219
16.692500	423.350096
16.407500	419.308799
16.207500	415.280735
16.045000	411.263517
15.905000	407.248859
15.780000	403.209286
15.667500	399.204315
15.562500	395.168749
15.462500	391.085763
15.367500	387.015180
15.277500	383.001843
15.190000	378.960419
15.105000	374.905648
15.022500	370.853200
14.942500	366.823340
14.862500	362.711666
14.785000	358.672148
14.707500	354.600885
14.630000	350.519687
14.552500	346.445139
14.475000	342.386987
14.397500	338.349168
14.320000	334.333170
14.240000	330.214289
14.160000	326.133011
14.080000	322.108640
13.997500	318.046022
13.912500	313.985635
13.825000	309.967619
13.732500	305.915516
13.635000	301.859907
13.532500	297.815535
13.425000	293.795430
13.310000	289.754204
13.185000	285.729907
13.042500	281.727891
12.867500	277.723969
12.647500	273.717157
12.400000	269.694673
12.117500	265.679186
11.312500	261.677207
7.992500	257.653166
7.707500	253.637110
7.527500	249.621369
7.390000	245.612399
7.275000	241.562062
7.175000	237.473890
7.087500	233.427432
7.007500	229.317933
6.935000	225.238967
6.867500	221.128702
6.805000	217.049347
6.745000	212.883218
6.690000	208.847700
6.637500	204.801037
6.587500	200.768866
6.537500	196.560975
6.490000	192.398754
6.445000	188.305760
6.402500	184.304917
6.360000	180.171732
6.320000	176.160350
6.280000	172.031402
6.240000	167.785507
6.202500	163.699793
6.165000	159.513659
6.127500	155.228781
6.092500	151.142153
6.057500	146.972827
6.022500	142.722486
5.990000	138.704640
5.957500	134.619605
5.925000	130.468535
5.892500	126.252487
5.860000	121.972427
5.830000	117.965566
5.800000	113.905619
5.770000	109.793290
5.740000	105.629332
5.710000	101.414589
0.000000	0.000000
& cycle # 3, chisq = 79233.011146, e = 50.987536
25.000000	356.067415
13.667500	352.062693
13.122500	348.048727
12.742500	344.047007
12.480000	340.030933
12.297500	336.021386
12.142500	331.971822
11.997500	327.965986
11.852500	323.936918
11.707500	319.874737
11.567500	315.823915
11.432500	311.752466
11.302500	307.723167
11.172500	303.673749
11.042500	299.664197
10.910000	295.621376
10.777500	291.592130
10.645000	287.564729
10.510000	283.499322
10.372500	279.462702
10.230000	275.435365
10.082500	271.429495
9.927500	267.369483
9.767500	263.346241
9.597500	259.318087
9.412500	255.269556
9.212500	251.245085
8.995000	247.228416
8.750000	243.192536
8.470000	239.175428
8.150000	235.150799
7.780000	231.137427
7.375000	227.119823
6.967500	223.117104
6.602500	219.102290
6.292500	215.076488
6.037500	211.051201
5.822500	207.019823
5.640000	203.019771
5.480000	198.977288
5.337500	194.912167
5.210000	190.878923
5.092500	186.799747
4.985000	182.733233
4.885000	178.644999
4.792500	174.595362
4.705000	170.527436
4.622500	166.480209
4.542500	162.355885
4.467500	158.305650
4.395000	154.217264
4.325000	150.107060
4.257500	145.994354
4.192500	141.900126
4.130000	137.845050
4.067500	133.679176
4.007500	129.579486
3.950000	125.560598
3.892500	121.455234
3.837500	117.449175
3.782500	113.368398
3.727500	109.217157
3.675000	105.194330
3.622500	101.119040
0.000000	0.000000
& cycle # 5, chisq = 105164.432618, e = 50.987536
25.000000	488.494939
21.395000	484.492559
20.545000	480.483403
20.195000	476.460817
19.917500	472.430246
19.662500	468.399300
19.410000	464.397218
19.130000	460.394349
18.765000	456.382818
17.247500	452.373877
16.830000	448.344149
16.607500	444.308916
16.442500	440.277219
16.305000	436.201732
16.185000	432.125061
16.077500	428.076453
15.977500	423.979532
15.885000	419.906182
15.797500	415.803601
15.715000	411.720472
15.637500	407.707542
15.562500	403.677270
15.490000	399.661851
15.417500	395.546059
15.347500	391.490649
15.277500	387.365199
15.210000	383.327199
15.142500	379.235030
15.075000	375.093435
15.010000	371.064796
14.945000	367.005566
14.880000	362.928064
14.815000	358.847401
14.750000	354.780119
14.685000	350.742328
14.617500	346.595246
14.550000	342.506220
14.482500	338.481950
14.412500	334.380044
14.342500	330.351774
14.270000	326.258933
14.197500	322.252158
14.122500	318.209518
14.045000	314.160564
13.965000	310.142766
13.880000	306.080520
13.790000	302.031428
13.692500	297.940971
13.587500	293.859351
13.475000	289.820436
13.352500	285.789673
13.215000	281.753504
13.050000	277.711647
12.830000	273.709239
12.525000	269.694741
12.167500	265.688745
9.052500	261.685193
8.335000	257.671228
8.025000	253.666402
7.800000	249.641947
7.617500	245.592049
7.462500	241.588858
7.322500	237.560480
7.192500	233.494726
7.072500	229.474668
6.957500	225.392972
6.847500	221.302140
6.742500	217.260268
6.640000	213.220291
6.540000	209.217211
6.440000	205.173832
6.340000	201.107205
6.240000	197.037592
6.140000	192.992704
6.037500	188.907199
5.932500	184.821085
5.825000	180.769650
5.712500	176.691650
5.595000	172.625393
5.472500	168.620647
5.340000	164.595244
5.195000	160.586404
5.032500	156.582958
4.845000	152.569122
4.617500	148.530122
4.327500	144.501572
3.950000	140.499306
3.520000	136.479854
3.177500	132.451870
2.945000	128.410659
2.780000	124.404584
2.652500	120.352330
2.550000	116.315662
2.462500	112.213016
2.387500	108.137703
2.322500	104.130760
0.000000	0.000000
& cycle # 6, chisq = 79179.627849, e = 50.987536
25.000000	480.990020
23.810000	476.989160
20.175000	472.987999
18.922500	468.982045
16.840000	464.975203
16.470000	460.967350
16.232500	456.959345
16.042500	452.917519
15.880000	448.861346
15.737500	444.828511
15.607500	440.771341
15.487500	436.742945
15.372500	432.667638
15.262500	428.598656
15.157500	424.568013
15.055000	420.498289
14.955000	416.408477
14.857500	412.329384
14.762500	408.300242
14.667500	404.252606
14.572500	400.215648
14.477500	396.205709
14.380000	392.122182
14.282500	388.069472
14.185000	384.052487
14.085000	379.990962
13.982500	375.929277
13.877500	371.923084
13.765000	367.843019
13.647500	363.821445
13.522500	359.778936
13.390000	355.720041
13.250000	351.704827
13.092500	347.652271
12.905000	343.621965
12.677500	339.613735
12.437500	335.573697
12.205000	331.563293
11.922500	327.538360
11.467500	323.534092
10.577500	319.532898
9.465000	315.528985
8.932500	311.518842
8.605000	307.488276
8.365000	303.469851
8.172500	299.453176
8.007500	295.429248
7.860000	291.358575
7.727500	287.291945
7.607500	283.262415
7.495000	279.195474
7.390000	275.166854
7.290000	271.138742
7.192500	267.042708
7.100000	263.008965
7.010000	258.952697
6.922500	254.895887
6.837500	250.864881
6.752500	246.766372
6.670000	242.745416
6.587500	238.701429
6.505000	234.650105
6.422500	230.604292
6.340000	226.576436
6.255000	222.461112
6.170000	218.401639
6.082500	214.307248
5.992500	210.214175
5.900000	206.159600
5.802500	202.075679
5.700000	198.010954
5.590000	193.929903
5.472500	189.922292
5.340000	185.883443
5.185000	181.848049
4.990000	177.821145
4.695000	173.810152
3.240000	169.800456
2.765000	165.788546
2.357500	161.786348
1.197500	157.769731
0.960000	153.751305
0.830000	149.688343
0.735000	145.667991
0.655000	141.531330
0.587500	137.490198
0.527500	133.462194
0.472500	129.411973
0.420000	125.243755
0.372500	121.232015
0.327500	117.228759
0.282500	113.044246
0.240000	108.951112
0.197500	104.742066
0.157500	100.687981
0.000000	0.000000
& cycle # 2, chisq = 142209.083973, e = 62.396842
25.000000	443.385144
17.557500	439.381031
16.667500	435.364383
16.195000	431.340645
15.802500	427.332818
15.407500	423.312078
14.952500	419.296535
13.362500	415.295778
12.507500	411.275900
12.287500	407.233825
12.132500	403.215236
11.997500	399.154481
11.875000	395.134645
11.760000	391.065744
11.655000	387.045832
11.557500	383.006313
11.467500	379.000247
11.382500	374.983626
11.300000	370.894613
11.220000	366.779179
11.142500	362.673971
11.067500	358.602810
10.995000	354.578510
10.922500	350.464089
10.852500	346.401636
10.785000	342.398413
10.717500	338.313071
10.652500	334.308437
10.587500	330.245874
10.522500	326.139648
10.457500	322.005004
10.392500	317.855978
10.327500	313.703681
10.262500	309.555481
10.197500	305.415230
10.132500	301.284422
10.067500	297.163906
10.002500	293.055665
9.937500	288.964199
9.872500	284.897134
9.807500	280.864933
9.740000	276.727629
9.672500	272.654869
9.602500	268.512276
9.532500	264.461830
9.460000	260.369826
9.385000	256.249476
9.310000	252.243967
9.232500	248.226125
9.152500	244.211467
9.067500	240.102696
8.980000	236.056018
8.887500	231.996647
8.790000	227.974405
8.685000	223.940828
8.570000	219.867284
8.445000	215.827372
8.305000	211.766358
8.145000	207.724809
7.952500	203.692457
7.705000	199.676273
7.340000	195.666926
6.407500	191.662878
4.865000	187.650267
4.465000	183.648162
4.227500	179.621992
4.052500	175.579911
3.912500	171.578374
3.792500	167.528234
3.687500	163.469825
3.592500	159.365490
3.507500	155.338089
3.427500	151.235404
3.352500	147.107160
3.282500	143.001889
3.217500	138.969190
3.155000	134.892566
3.095000	130.799886
3.037500	126.718957
2.982500	122.675685
2.927500	118.500585
2.875000	114.395916
2.825000	110.381185
2.775000	106.266580
2.725000	102.056272
0.000000	0.000000
& cycle # 3, chisq = 173000.004265, e = 62.396842
25.000000	488.494939
17.427500	484.493259
16.770000	480.490389
16.445000	476.453612
16.207500	472.444587
16.015000	468.429824
15.847500	464.372061
15.697500	460.322920
15.560000	456.269479
15.432500	452.201595
15.315000	448.182076
15.202500	444.105114
15.095000	440.029617
14.992500	436.007359
14.892500	431.969979
14.795000	427.927332
14.700000	423.882315
14.607500	419.841241
14.517500	415.820457
14.427500	411.731853
14.340000	407.718211
14.252500	403.692318
14.165000	399.671984
14.077500	395.662983
13.990000	391.660403
13.902500	387.655349
13.815000	383.644241
13.727500	379.636586
13.637500	375.544310
13.547500	371.520195
13.455000	367.493892
13.357500	363.394824
13.257500	359.340288
13.155000	355.306345
13.050000	351.256602
12.942500	347.179222
12.832500	343.127678
12.715000	339.072618
12.582500	335.057137
12.415000	331.038076
12.175000	327.011671
11.837500	322.995460
11.167500	318.994987
9.305000	314.993295
8.932500	310.977095
8.670000	306.934341
8.460000	302.908864
8.282500	298.887228
8.125000	294.843524
7.982500	290.812214
7.850000	286.734546
7.727500	282.658985
7.615000	278.643519
7.507500	274.562720
7.407500	270.559344
7.310000	266.467971
7.217500	262.412105
7.130000	258.411249
7.045000	254.362420
6.962500	250.272687
6.882500	246.153503
6.805000	242.019808
6.730000	237.887581
6.657500	233.771367
6.587500	229.682922
6.520000	225.631267
6.455000	221.623767
6.390000	217.507109
6.327500	213.441232
6.267500	209.435642
6.207500	205.328154
6.150000	201.295891
6.092500	197.170213
6.037500	193.137054
5.982500	189.019050
5.930000	185.008353
5.877500	180.917977
5.825000	176.745382
5.775000	172.692122
5.725000	168.558399
5.677500	164.554240
5.630000	160.472857
5.582500	156.312784
5.537500	152.298325
5.492500	148.212276
5.447500	144.054732
5.402500	139.825896
5.360000	135.766601
5.317500	131.643559
5.275000	127.456145
5.235000	123.455282
5.195000	119.395185
5.155000	115.274320
5.115000	111.090995
5.075000	106.843496
5.037500	102.801774
0.000000	0.000000
& cycle # 6, chisq = 139622.492484, e = 62.396842
25.000000	437.889820
17.432500	433.889463
16.205000	429.885955
15.790000	425.867408
15.492500	421.836118
15.245000	417.817277
15.027500	413.803539
14.832500	409.800289
14.650000	405.791029
14.472500	401.743189
14.302500	397.732900
14.137500	393.691650
13.977500	389.684195
13.815000	385.641918
13.650000	381.632665
13.482500	377.610460
13.315000	373.580357
13.142500	369.525644
12.957500	365.521814
12.752500	361.500938
12.550000	357.457082
12.372500	353.450648
12.207500	349.418249
12.037500	345.368456
11.847500	341.346454
11.630000	337.322933
11.392500	333.284310
11.127500	329.249622
10.812500	325.227688
10.452500	321.206399
10.030000	317.196188
9.570000	313.183994
9.102500	309.167115
8.680000	305.141973
8.315000	301.127995
8.005000	297.108921
7.735000	293.078381
7.500000	289.040584
7.290000	285.001413
7.100000	280.985651
6.925000	276.936781
6.765000	272.929367
6.615000	268.927524
6.472500	264.915342
6.337500	260.914467
6.207500	256.870340
6.082500	252.815448
5.962500	248.790052
5.845000	244.736746
5.730000	240.664246
5.617500	236.576854
5.507500	232.486492
5.400000	228.414906
5.295000	224.385169
5.190000	220.314835
5.087500	216.304657
4.985000	212.257346
4.882500	208.177251
4.780000	204.077192
4.680000	200.073370
4.577500	195.976109
4.475000	191.886854
4.372500	187.802394
4.270000	183.724093
4.167500	179.661719
4.065000	175.627552
3.962500	171.626682
3.857500	167.557435
3.752500	163.509434
3.647500	159.481887
3.540000	155.387109
3.432500	151.325476
3.325000	147.288035
3.217500	143.258610
3.110000	139.228237
3.002500	135.198147
2.895000	131.166069
2.787500	127.115176
2.680000	123.023047
2.575000	118.975302
2.472500	114.973455
2.370000	110.911490
2.270000	106.868394
2.172500	102.831311
0.000000	0.000000
& cycle # 11, chisq = 164044.858477, e = 62.396842
25.000000	462.937237
21.352500	458.936962
17.107500	454.933790
16.400000	450.929911
16.077500	446.926893
15.837500	442.902074
15.642500	438.895133
15.472500	434.882474
15.317500	430.860716
15.172500	426.807271
15.037500	422.773156
14.910000	418.736769
14.787500	414.685609
14.667500	410.605035
14.550000	406.545896
14.435000	402.530014
14.320000	398.467860
14.207500	394.445388
14.095000	390.392312
13.982500	386.353726
13.867500	382.299738
13.750000	378.279699
13.627500	374.224622
13.502500	370.196991
13.375000	366.175988
13.242500	362.125122
13.102500	358.104473
12.947500	354.099274
12.772500	350.088405
12.587500	346.041411
12.412500	342.003326
12.245000	337.950872
12.070000	333.921296
11.862500	329.903172
11.600000	325.897444
11.272500	321.870919
10.795000	317.859192
10.017500	313.849137
9.085000	309.842598
8.495000	305.832961
8.122500	301.819417
7.847500	297.787030
7.630000	293.754340
7.450000	289.749599
7.292500	285.726150
7.152500	281.717154
7.025000	277.676865
6.907500	273.601716
6.800000	269.573331
6.697500	265.470879
6.602500	261.445902
6.512500	257.435271
6.425000	253.347882
6.342500	249.319934
6.262500	245.251333
6.185000	241.160001
6.110000	237.066546
6.037500	232.991834
5.967500	228.954703
5.897500	224.821542
5.830000	220.747846
5.765000	216.744434
5.700000	212.662807
5.635000	208.504684
5.572500	204.437609
5.510000	200.308064
5.450000	196.291008
5.390000	192.228882
5.330000	188.127932
5.270000	183.993430
5.210000	179.829269
5.152500	175.813189
5.095000	171.773871
5.037500	167.712968
4.980000	163.632852
4.922500	159.537080
4.865000	155.430490
4.807500	151.318863
4.750000	147.208266
4.692500	143.104265
4.635000	139.011282
4.577500	134.932301
4.520000	130.869031
4.462500	126.822478
4.405000	122.793720
4.347500	118.784637
4.287500	114.625563
4.227500	110.496058
4.167500	106.401564
4.107500	102.347151
0.000000	0.000000
& cycle # 13, chisq = 144973.419154, e = 62.396842
25.000000	480.990020
24.947500	476.849249
24.870000	472.812456
24.627500	468.812182
23.760000	464.796620
23.020000	460.793124
19.187500	456.792577
18.322500	452.790359
16.315000	448.788837
15.950000	444.770049
15.717500	440.768867
15.535000	436.718741
15.380000	432.668362
15.242500	428.624686
15.117500	424.572753
15.002500	420.517838
14.895000	416.450131
14.795000	412.449827
14.697500	408.381553
14.602500	404.287878
14.510000	400.197500
14.420000	396.125009
14.332500	392.077451
14.247500	388.062982
14.162500	383.975869
14.080000	379.958589
13.997500	375.919698
13.915000	371.890723
13.830000	367.779192
13.745000	363.726144
13.657500	359.619115
13.570000	355.570336
13.482500	351.569324
13.392500	347.503078
13.300000	343.396740
13.205000	339.304160
13.107500	335.300539
13.002500	331.273454
12.887500	327.218147
12.762500	323.149602
12.632500	319.109611
12.502500	315.077181
12.375000	311.063747
12.245000	307.020649
12.105000	302.983375
11.940000	298.960280
11.722500	294.929948
11.410000	290.907292
9.665000	286.906258
6.662500	282.899959
6.267500	278.896520
6.022500	274.875652
5.832500	270.846159
5.672500	266.793096
5.532500	262.723978
5.407500	258.683807
5.292500	254.647532
5.185000	250.612593
5.082500	246.536031
4.985000	242.455408
4.892500	238.411265
4.802500	234.331838
4.715000	230.248971
4.630000	226.190324
4.547500	222.176642
4.465000	218.098671
4.385000	214.091082
4.305000	210.042160
4.225000	205.967334
4.145000	201.885126
4.065000	197.813706
3.985000	193.767642
3.905000	189.757128
3.822500	185.667071
3.740000	181.634065
3.655000	177.554445
3.567500	173.455809
3.477500	169.367747
3.385000	165.315819
3.287500	161.217389
3.187500	157.206170
3.080000	153.129704
2.965000	149.066327
2.840000	145.016045
2.702500	140.996801
2.545000	136.955710
2.357500	132.946481
2.112500	128.927984
1.700000	124.916246
0.237500	120.890383
0.007500	116.832013
0.000000	116.641962
& cycle # 2, chisq = 118877.098978, e = 58.944024
25.000000	443.385144
16.730000	439.383084
16.067500	435.370291
15.735000	431.345061
15.487500	427.312744
15.287500	423.295658
15.115000	419.272979
14.960000	415.265230
14.815000	411.196232
14.682500	407.187989
14.557500	403.137830
14.440000	399.108437
14.327500	395.088246
14.217500	391.045045
14.110000	387.008684
14.005000	382.983235
13.902500	378.960447
13.802500	374.939759
13.702500	370.838276
13.605000	366.798558
13.507500	362.767571
13.407500	358.685642
13.307500	354.673739
13.205000	350.616719
13.102500	346.575674
13.000000	342.519236
12.897500	338.459346
12.792500	334.375031
12.682500	330.323246
12.560000	326.276276
12.415000	322.271134
12.230000	318.257124
12.000000	314.244824
11.730000	310.234533
11.327500	306.231068
9.475000	302.227914
9.005000	298.225262
8.732500	294.219823
8.522500	290.203797
8.347500	286.164667
8.195000	282.122055
8.057500	278.083235
7.930000	274.016411
7.812500	269.988941
7.702500	265.967655
7.597500	261.904195
7.497500	257.841381
7.402500	253.822359
7.310000	249.771825
7.220000	245.706356
7.132500	241.636340
7.047500	237.570053
6.965000	233.517573
6.885000	229.492444
6.805000	225.381057
6.727500	221.324989
6.650000	217.205142
6.575000	213.162577
6.500000	209.067078
6.427500	205.057124
6.355000	200.995775
6.282500	196.882891
6.212500	192.864991
6.142500	188.805364
6.072500	184.709675
6.002500	180.583547
5.935000	176.579788
5.867500	172.553002
5.800000	168.502517
5.732500	164.426308
5.665000	160.322286
5.597500	156.189554
5.532500	152.183718
5.467500	148.154806
5.402500	144.106256
5.337500	140.041228
5.272500	135.961497
5.207500	131.866826
5.142500	127.755062
5.077500	123.622931
5.012500	119.467239
4.950000	115.447306
4.887500	111.403589
4.825000	107.337364
4.762500	103.250614
0.000000	0.000000
& cycle # 3, chisq = 118536.272341, e = 58.944024
25.000000	488.494939
24.857500	484.471931
23.900000	480.471050
22.197500	476.463912
20.565000	472.463731
19.282500	468.461649
18.392500	464.457099
16.775000	460.439786
16.487500	456.434974
16.287500	452.380281
16.127500	448.360882
15.990000	444.360317
15.865000	440.274790
15.752500	436.226122
15.647500	432.139797
15.550000	428.103210
15.457500	424.086080
15.367500	420.026873
15.280000	415.954885
15.195000	411.889993
15.112500	407.846942
15.032500	403.840465
14.952500	399.760158
14.875000	395.753550
14.797500	391.715834
14.720000	387.671346
14.642500	383.643052
14.562500	379.520675
14.482500	375.446349
14.402500	371.424790
14.320000	367.334225
14.237500	363.304614
14.152500	359.227830
14.065000	355.133338
13.975000	351.063381
13.880000	346.961131
13.780000	342.887834
13.675000	338.887652
13.560000	334.807749
13.437500	330.768832
13.305000	326.747851
13.155000	322.710383
12.972500	318.695246
12.727500	314.692366
12.430000	310.685430
12.097500	306.674255
11.135000	302.674218
8.847500	298.673047
8.477500	294.666893
8.240000	290.639208
8.057500	286.631578
7.902500	282.567023
7.767500	278.493191
7.647500	274.431825
7.537500	270.345960
7.437500	266.345153
7.342500	262.308854
7.252500	258.286103
7.165000	254.197770
7.082500	250.188845
7.002500	246.165664
6.925000	242.151360
6.847500	238.037091
6.772500	233.978004
6.697500	229.861381
6.625000	225.844079
6.552500	221.803841
6.480000	217.752609
6.407500	213.701006
6.335000	209.659929
6.262500	205.642098
6.187500	201.526543
6.112500	197.471800
6.035000	193.367368
5.955000	189.243383
5.872500	185.130019
5.787500	181.055794
5.700000	177.048162
5.607500	173.030903
5.507500	168.961154
5.400000	164.929893
5.280000	160.880215
5.142500	156.838987
4.977500	152.810278
4.760000	148.789322
4.375000	144.786436
2.075000	140.768846
1.852500	136.741107
1.722500	132.717824
1.625000	128.638844
1.545000	124.503213
1.477500	120.394933
1.417500	116.226382
1.365000	112.158131
1.317500	108.128459
1.272500	103.999678
0.000000	0.000000
& cycle # 6, chisq = 115723.357805, e = 58.944024
25.000000	437.889820
19.770000	433.889277
16.697500	429.879559
16.180000	425.871988
15.870000	421.850173
15.632500	417.806002
15.432500	413.758149
15.255000	409.742875
15.092500	405.725185
14.942500	401.713806
14.800000	397.661964
14.662500	393.594639
14.530000	389.584347
14.400000	385.579913
14.272500	381.575030
14.147500	377.574042
14.022500	373.536492
13.897500	369.530616
13.767500	365.462761
13.635000	361.435634
13.500000	357.418835
13.362500	353.383249
13.222500	349.376375
13.072500	345.341671
12.905000	341.291427
12.720000	337.239359
12.537500	333.228093
12.367500	329.175183
12.205000	325.131733
12.032500	321.085061
11.830000	317.048462
11.585000	313.019430
11.300000	309.016108
10.927500	305.005713
10.407500	300.996532
9.662500	296.993364
8.887500	292.980463
8.332500	288.959452
7.945000	284.931134
7.650000	280.929182
7.410000	276.896850
7.205000	272.871448
7.025000	268.846616
6.865000	264.839170
6.717500	260.785707
6.580000	256.712130
6.452500	252.681877
6.332500	248.656775
6.217500	244.584283
6.107500	240.501151
6.002500	236.449313
5.900000	232.363297
5.800000	228.259531
5.705000	224.254696
5.610000	220.148027
5.517500	216.058775
5.427500	212.007096
5.337500	207.898791
5.250000	203.862709
5.162500	199.792537
5.075000	195.691282
4.990000	191.679870
4.905000	187.647203
4.820000	183.603598
4.735000	179.562131
4.650000	175.534628
4.565000	171.528304
4.477500	167.428646
4.390000	163.354211
4.302500	159.307940
4.215000	155.297747
4.125000	151.222094
4.035000	147.205753
3.942500	143.142675
3.850000	139.141849
3.755000	135.093350
3.657500	131.003360
3.560000	126.986606
3.460000	122.948628
3.357500	118.890994
3.252500	114.805497
3.147500	110.780304
3.040000	106.720213
2.930000	102.629466
0.000000	0.000000
& cycle # 11, chisq = 123831.967250, e = 58.944024
25.000000	462.937237
23.962500	458.927446
20.065000	454.925824
18.880000	450.923310
16.745000	446.912053
16.357500	442.883633
16.112500	438.845692
15.920000	434.814946
15.757500	430.776102
15.615000	426.744789
15.485000	422.701058
15.365000	418.698358
15.250000	414.642880
15.140000	410.568401
15.035000	406.501817
14.935000	402.477257
14.837500	398.433937
14.742500	394.413534
14.647500	390.347723
14.552500	386.263229
14.457500	382.173707
14.362500	378.081422
14.267500	373.985772
14.172500	369.894204
14.077500	365.829358
13.982500	361.827776
13.882500	357.728232
13.780000	353.681646
13.672500	349.618181
13.560000	345.545506
13.445000	341.543627
13.325000	337.539713
13.197500	333.538304
13.055000	329.499795
12.890000	325.485411
12.697500	321.478356
12.495000	317.473092
12.297500	313.471281
12.082500	309.434428
11.790000	305.433025
11.292500	301.424934
9.350000	297.424758
8.402500	293.415005
8.032500	289.395193
7.782500	285.380868
7.590000	281.369978
7.430000	277.354206
7.290000	273.317386
7.165000	269.283367
7.050000	265.191722
6.945000	261.123563
6.847500	257.061017
6.755000	252.961237
6.667500	248.873452
6.585000	244.840469
6.505000	240.768181
6.427500	236.673228
6.352500	232.571440
6.280000	228.479880
6.210000	224.417512
6.142500	220.404449
6.075000	216.307296
6.010000	212.292173
5.945000	208.217467
5.880000	204.090474
5.817500	200.078261
5.755000	196.027229
5.692500	191.941555
5.630000	187.826312
5.567500	183.688162
5.505000	179.535537
5.442500	175.378237
5.380000	171.226543
5.317500	167.090155
5.255000	162.977331
5.192500	158.894514
5.130000	154.846597
5.067500	150.837703
5.002500	146.714543
4.937500	142.644458
4.872500	138.635240
4.805000	134.545921
4.737500	130.542212
4.667500	126.490047
4.595000	122.407531
4.520000	118.310915
4.442500	114.214923
4.362500	110.134787
4.280000	106.088900
4.192500	101.985495
0.000000	0.000000
& cycle # 13, chisq = 117490.387952, e = 58.944024
25.000000	480.990020
24.812500	476.974639
23.710000	472.967315
21.732500	468.962015
19.555000	464.949024
18.830000	460.941371
16.965000	456.932404
16.600000	452.908505
16.377500	448.865063
16.207500	444.862052
16.062500	440.828547
15.935000	436.807925
15.820000	432.790850
15.712500	428.700625
15.612500	424.620643
15.517500	420.524982
15.427500	416.474206
15.340000	412.398207
15.255000	408.322218
15.172500	404.263547
15.092500	400.236101
15.012500	396.125168
14.935000	392.074861
14.857500	387.975695
14.780000	383.850540
14.702500	379.724124
14.625000	375.618862
14.547500	371.551386
14.470000	367.531168
14.390000	363.434628
14.310000	359.393681
14.227500	355.288916
14.145000	351.259440
14.060000	347.209007
13.972500	343.178238
13.880000	339.105856
13.782500	335.051316
13.677500	330.964964
13.565000	326.886812
13.445000	322.841404
13.315000	318.802710
13.170000	314.788402
12.995000	310.784413
12.760000	306.773103
12.465000	302.765782
12.135000	298.742309
11.180000	294.742031
8.802500	290.732361
8.477500	286.719976
8.267500	282.688268
8.105000	278.626202
7.970000	274.568460
7.852500	270.485949
7.750000	266.470597
7.657500	262.463575
7.572500	258.453503
7.492500	254.393068
7.417500	250.338191
7.345000	246.194157
7.277500	242.140160
7.212500	238.058871
7.150000	233.970556
7.090000	229.894809
7.032500	225.851274
6.975000	221.675626
6.920000	217.561892
6.867500	213.531015
6.815000	209.404329
6.765000	205.391080
6.715000	201.302821
6.665000	197.145392
6.617500	193.136754
6.570000	189.074886
6.522500	184.963631
6.475000	180.806541
6.427500	176.607094
6.382500	172.592920
6.337500	168.547514
6.292500	164.474903
6.247500	160.379734
6.202500	156.267282
6.157500	152.143353
6.112500	148.014117
6.067500	143.885878
6.022500	139.764831
5.977500	135.656844
5.932500	131.567296
5.887500	127.501010
5.842500	123.462276
5.797500	119.454966
5.750000	115.263139
5.702500	111.114634
5.655000	107.013945
5.607500	102.965984
0.000000	0.000000
& cycle # 2, chisq = 164562.268923, e = 56.786453
25.000000	443.385144
24.795000	439.369940
20.177500	435.369757
18.550000	431.367462
16.452500	427.357376
16.095000	423.341278
15.845000	419.331813
15.645000	415.308159
15.472500	411.262531
15.317500	407.226386
15.175000	403.199394
15.042500	399.173585
14.917500	395.128128
14.797500	391.048079
14.682500	387.004188
14.570000	382.962531
14.460000	378.948230
14.350000	374.871512
14.242500	370.821835
14.137500	366.812324
14.032500	362.780694
13.927500	358.774658
13.820000	354.747188
13.710000	350.729003
13.597500	346.719533
13.482500	342.697065
13.365000	338.652540
13.245000	334.627246
13.117500	330.566116
12.980000	326.549983
12.827500	322.542499
12.662500	318.496199
12.500000	314.449387
12.347500	310.443553
12.195000	306.402194
12.030000	302.378142
11.832500	298.375876
11.582500	294.366642
11.265000	290.352139
10.755000	286.351781
9.270000	282.348886
7.812500	278.338101
7.310000	274.320525
6.987500	270.286355
6.745000	266.247299
6.545000	262.204126
6.372500	258.155901
6.220000	254.095001
6.082500	250.031024
5.957500	246.012196
5.840000	241.955465
5.730000	237.904458
5.627500	233.899443
5.530000	229.880679
5.435000	225.773988
5.345000	221.718159
5.257500	217.627367
5.172500	213.515759
5.090000	209.393078
5.010000	205.268279
4.932500	201.152646
4.857500	197.060618
4.785000	193.008323
4.712500	188.866902
4.642500	184.787870
4.575000	180.781109
4.507500	176.701406
4.440000	172.546783
4.375000	168.473815
4.310000	164.330252
4.247500	160.281610
4.185000	156.173188
4.122500	152.008575
4.062500	147.960075
4.002500	143.862769
3.942500	139.715523
3.885000	135.692080
3.827500	131.618463
3.770000	127.493255
3.712500	123.316379
3.657500	119.273934
3.602500	115.187193
3.547500	111.057835
3.492500	106.886604
3.440000	102.865284
0.000000	0.000000
& cycle # 3, chisq = 170912.182563, e = 56.786453
25.000000	488.494939
24.875000	484.485541
23.942500	480.479966
22.237500	476.470804
20.407500	472.470397
19.410000	468.465716
18.737500	464.454962
16.967500	460.441948
16.632500	456.435400
16.422500	452.424519
16.260000	448.423611
16.120000	444.354419
15.997500	440.328110
15.885000	436.242731
15.782500	432.193993
15.687500	428.170647
15.597500	424.136307
15.510000	420.030256
15.427500	416.016110
15.347500	412.009816
15.267500	407.904466
15.190000	403.840732
15.115000	399.832073
15.040000	395.754777
14.965000	391.618824
14.892500	387.579480
14.820000	383.518377
14.747500	379.456830
14.675000	375.415913
14.602500	371.413456
14.527500	367.326737
14.452500	363.302061
14.375000	359.211380
14.297500	355.191657
14.217500	351.121769
14.135000	347.022337
14.050000	342.925910
13.962500	338.875830
13.870000	334.812696
13.772500	330.797658
13.667500	326.783236
13.552500	322.726800
13.427500	318.678270
13.290000	314.650228
13.130000	310.614238
12.922500	306.583505
12.622500	302.575443
12.257500	298.572159
11.090000	294.571565
8.820000	290.550052
8.522500	286.518027
8.325000	282.472677
8.172500	278.444785
8.045000	274.425313
7.932500	270.354504
7.832500	266.295116
7.742500	262.266062
7.660000	258.249141
7.582500	254.190876
7.510000	250.147168
7.440000	246.021091
7.375000	241.999593
7.312500	237.964037
7.252500	233.936914
7.192500	229.761702
7.135000	225.622858
7.080000	221.539492
7.027500	217.530347
6.975000	213.415574
6.925000	209.402586
6.875000	205.302757
6.825000	201.121974
6.777500	197.081205
6.730000	192.979151
6.682500	188.821636
6.635000	184.614194
6.590000	180.586765
6.545000	176.523036
6.500000	172.426619
6.455000	168.300939
6.410000	164.149432
6.365000	159.975754
6.320000	155.783973
6.275000	151.578701
6.230000	147.365153
6.185000	143.149103
6.140000	138.936756
6.095000	134.734541
6.050000	130.548870
6.005000	126.385895
5.960000	122.251312
5.915000	118.150230
5.870000	114.087142
5.825000	110.065993
5.777500	105.870851
5.730000	101.730302
0.000000	0.000000
& cycle # 6, chisq = 164319.249646, e = 56.786453
25.000000	384.579147
12.460000	380.576761
12.122500	376.562414
11.870000	372.536832
11.647500	368.504420
11.460000	364.494266
11.295000	360.445042
11.145000	356.422350
11.005000	352.416598
10.872500	348.373490
10.750000	344.372812
10.635000	340.370614
10.525000	336.334591
10.420000	332.321355
10.317500	328.275047
10.217500	324.211562
10.120000	320.132113
10.025000	316.034027
9.935000	312.033749
9.845000	307.923063
9.757500	303.833782
9.672500	299.790240
9.587500	295.691354
9.505000	291.668686
9.422500	287.604373
9.340000	283.495808
9.260000	279.466118
9.180000	275.390931
9.100000	271.274670
9.022500	267.256868
8.945000	263.221047
8.867500	259.178786
8.790000	255.138961
8.712500	251.106183
8.635000	247.080991
8.557500	243.061632
8.480000	239.046677
8.402500	235.037405
8.322500	230.910256
8.242500	226.804097
8.162500	222.729898
8.082500	218.697178
8.000000	214.587888
7.917500	210.530029
7.835000	206.521233
7.750000	202.439072
7.665000	198.405099
7.577500	194.306933
7.490000	190.272443
7.400000	186.199139
7.307500	182.100756
7.215000	178.092492
7.120000	174.064167
7.022500	170.014607
6.922500	165.945231
6.820000	161.864320
6.715000	157.785991
6.607500	153.723254
6.497500	149.679925
6.385000	145.648626
6.270000	141.617962
6.152500	137.583167
6.032500	133.549127
5.910000	129.520345
5.785000	125.486799
5.657500	121.422180
5.530000	117.378018
5.402500	113.339206
5.275000	109.297077
5.147500	105.230278
5.022500	101.181977
0.000000	0.000000
& cycle # 8, chisq = 212104.653063, e = 56.786453
25.000000	398.684839
14.850000	394.675534
14.182500	390.666297
13.742500	386.654703
13.385000	382.634093
13.090000	378.612031
12.807500	374.598180
12.565000	370.583589
12.380000	366.541105
12.227500	362.528577
12.085000	358.487081
11.942500	354.422628
11.797500	350.353975
11.655000	346.345787
11.515000	342.293352
11.380000	338.255510
11.247500	334.227065
11.115000	330.206015
10.980000	326.140153
10.845000	322.071368
10.712500	318.032110
10.582500	314.020754
10.452500	309.998048
10.320000	305.929596
10.187500	301.904525
10.055000	297.898653
9.922500	293.883545
9.790000	289.858622
9.657500	285.852217
9.522500	281.818527
9.385000	277.761124
9.247500	273.728909
9.110000	269.699799
8.972500	265.680274
8.832500	261.623557
8.692500	257.616131
8.550000	253.570414
8.407500	249.529154
8.265000	245.483577
8.122500	241.450087
7.980000	237.442347
7.835000	233.377080
7.692500	229.364418
7.550000	225.318631
7.407500	221.248341
7.267500	217.235353
7.127500	213.195628
6.990000	209.173603
6.855000	205.154041
6.722500	201.142899
6.590000	197.072844
6.460000	193.013235
6.332500	188.944040
6.210000	184.933024
6.090000	180.902953
5.972500	176.864122
5.857500	172.820817
5.745000	168.765493
5.635000	164.686356
5.530000	160.675721
5.427500	156.648418
5.327500	152.615107
5.230000	148.582773
5.135000	144.551404
5.042500	140.517322
4.952500	136.479306
4.865000	132.442329
4.780000	128.416590
4.697500	124.413383
4.615000	120.315642
4.535000	116.247668
4.457500	112.211468
4.382500	108.209874
4.307500	104.110649
4.235000	100.055224
0.000000	0.000000
& cycle # 9, chisq = 190459.622378, e = 56.786453
25.000000	480.990020
24.890000	476.984298
23.960000	472.972023
20.312500	468.971099
19.282500	464.965783
17.222500	460.965059
16.695000	456.960804
16.437500	452.958092
16.247500	448.908280
16.092500	444.900288
15.957500	440.886218
15.835000	436.803382
15.725000	432.771190
15.622500	428.711184
15.527500	424.708245
15.435000	420.612895
15.347500	416.578351
15.262500	412.520991
15.180000	408.457803
15.100000	404.402437
15.022500	400.369636
14.945000	396.243345
14.870000	392.175673
14.795000	388.054070
14.722500	384.038961
14.650000	380.012415
14.577500	375.989430
14.505000	371.979707
14.430000	367.850524
14.355000	363.742016
14.280000	359.655873
14.205000	355.597727
14.130000	351.579738
14.052500	347.490184
13.975000	343.489561
13.895000	339.480302
13.810000	335.378127
13.722500	331.336914
13.630000	327.260923
13.532500	323.164917
13.432500	319.160406
13.325000	315.082879
13.210000	311.030894
13.082500	307.007417
12.932500	302.986374
12.747500	298.939093
12.535000	294.928081
12.310000	290.906114
12.037500	286.895268
11.285000	282.893544
7.765000	278.885054
7.455000	274.871869
7.255000	270.869957
7.100000	266.858069
6.970000	262.792055
6.857500	258.714621
6.757500	254.640944
6.667500	250.609616
6.585000	246.607972
6.507500	242.577935
6.435000	238.565508
6.365000	234.465061
6.300000	230.456524
6.237500	226.420306
6.177500	222.380620
6.120000	218.361871
6.062500	214.203970
6.007500	210.101616
5.955000	206.075707
5.902500	201.945792
5.852500	197.918420
5.802500	193.801293
5.752500	189.596311
5.705000	185.522123
5.657500	181.372836
5.610000	177.151436
5.565000	173.089137
5.520000	168.969452
5.475000	164.796859
5.430000	160.576204
5.387500	156.550376
5.345000	152.490194
5.302500	148.399484
5.260000	144.281704
5.217500	140.139913
5.175000	135.976820
5.132500	131.794899
5.090000	127.596560
5.047500	123.384334
5.005000	119.161044
4.962500	114.929937
4.920000	110.694729
4.877500	106.459582
4.835000	102.228983
0.000000	0.000000
& cycle # 2, chisq = 116128.123563, e = 56.065462
25.000000	443.385144
24.877500	439.333508
23.722500	435.325870
19.182500	431.322848
16.540000	427.313961
16.130000	423.287586
15.860000	419.244881
15.650000	415.191926
15.472500	411.130999
15.315000	407.085011
15.172500	403.076522
15.040000	399.037129
14.917500	395.031545
14.800000	390.969396
14.687500	386.919537
14.577500	382.845112
14.470000	378.772031
14.365000	374.705954
14.262500	370.646917
14.162500	366.605524
14.062500	362.507092
13.965000	358.494789
13.865000	354.406558
13.765000	350.376987
13.662500	346.315520
13.560000	342.309146
13.455000	338.241644
13.350000	334.210793
13.242500	330.161099
13.130000	326.086725
13.010000	322.016895
12.880000	317.963108
12.740000	313.900406
12.597500	309.846304
12.460000	305.805441
12.327500	301.764552
12.195000	297.746341
12.052500	293.737070
11.885000	289.701072
11.677500	285.665175
11.417500	281.633538
11.042500	277.616077
7.640000	273.614500
6.720000	269.602440
6.397500	265.568341
6.180000	261.564299
6.007500	257.501015
5.862500	253.425913
5.737500	249.386063
5.625000	245.295729
5.525000	241.277834
5.432500	237.234355
5.345000	233.119630
5.265000	229.110397
5.187500	224.998167
5.115000	220.942998
5.045000	216.831792
4.977500	212.682035
4.915000	208.676840
4.852500	204.516800
4.792500	200.380625
4.735000	196.289200
4.680000	192.261608
4.625000	188.124395
4.572500	184.073832
4.520000	179.924355
4.470000	175.880373
4.420000	171.746609
4.372500	167.737003
4.325000	163.648375
4.277500	159.482945
4.232500	155.468575
4.187500	151.390835
4.142500	147.252734
4.097500	143.057082
4.055000	139.043820
4.012500	134.982871
3.970000	130.875321
3.927500	126.721933
3.885000	122.523346
3.842500	118.280320
3.802500	114.247288
3.762500	110.177242
3.722500	106.072020
3.682500	101.933899
0.000000	0.000000
& cycle # 3, chisq = 120674.857775, e = 56.065462
25.000000	488.494939
24.027500	484.493561
22.100000	480.487164
20.005000	476.485588
19.447500	472.469003
18.935000	468.454969
17.232500	464.453446
16.742500	460.438494
16.502500	456.432345
16.325000	452.379465
16.180000	448.362526
16.052500	444.316086
15.937500	440.252105
15.832500	436.192175
15.735000	432.124486
15.642500	428.012460
15.555000	423.916531
15.472500	419.893519
15.392500	415.862905
15.315000	411.851183
15.237500	407.743585
15.162500	403.682745
15.090000	399.681426
15.017500	395.611696
14.945000	391.483743
14.875000	387.457109
14.805000	383.407859
14.735000	379.355366
14.665000	375.318269
14.595000	371.311991
14.522500	367.206408
14.450000	363.151500
14.377500	359.149521
14.302500	355.066567
14.227500	351.045619
14.150000	346.966140
14.070000	342.854616
13.987500	338.747645
13.902500	334.687693
13.812500	330.604562
13.717500	326.546617
13.617500	322.544322
13.510000	318.520769
13.395000	314.509948
13.270000	310.507434
13.127500	306.484974
12.952500	302.458147
12.720000	298.440517
12.437500	294.414298
12.117500	290.389027
11.052500	286.388948
8.437500	282.368595
8.102500	278.358866
7.872500	274.339488
7.690000	270.286847
7.537500	266.258138
7.402500	262.207876
7.280000	258.155637
7.167500	254.124729
7.062500	250.095407
6.962500	246.021667
6.867500	241.949964
6.777500	237.929739
6.690000	233.889827
6.605000	229.859460
6.520000	225.738964
6.437500	221.663610
6.357500	217.648659
6.277500	213.581598
6.197500	209.476091
6.117500	205.349633
6.037500	201.221703
5.957500	197.110842
5.877500	193.032168
5.797500	188.996599
5.715000	184.888529
5.632500	180.843248
5.547500	176.752431
5.460000	172.638845
5.370000	168.529783
5.277500	164.452718
5.182500	160.430187
5.082500	156.378737
4.977500	152.324426
4.867500	148.297281
4.750000	144.251767
4.625000	140.242914
4.490000	136.236181
4.342500	132.191325
4.182500	128.137744
4.010000	124.098222
3.827500	120.080347
3.640000	116.045783
3.455000	111.994190
3.282500	107.968580
3.127500	103.946328
0.000000	0.000000
& cycle # 6, chisq = 116535.731355, e = 56.065462
25.000000	384.579147
12.970000	380.567544
12.455000	376.551057
12.215000	372.520521
12.025000	368.499705
11.847500	364.466131
11.680000	360.409957
11.527500	356.361342
11.387500	352.295220
11.257500	348.270330
11.132500	344.242910
11.010000	340.177014
10.892500	336.152449
10.777500	332.066814
10.667500	328.011702
10.560000	323.925486
10.455000	319.849263
10.352500	315.820008
10.250000	311.758032
10.147500	307.663069
10.047500	303.626903
9.947500	299.544000
9.850000	295.523727
9.752500	291.482210
9.655000	287.442918
9.557500	283.425807
9.457500	279.338727
9.357500	275.283707
9.257500	271.254122
9.157500	267.247266
9.055000	263.171450
8.952500	259.144741
8.847500	255.091337
8.740000	251.030132
8.630000	246.967939
8.517500	242.901428
8.402500	238.827739
8.285000	234.755789
8.165000	230.707743
8.042500	226.707212
7.915000	222.686168
7.782500	218.643300
7.645000	214.571534
7.505000	210.550058
7.360000	206.528525
7.210000	202.521542
7.055000	198.511445
6.895000	194.466263
6.732500	190.437277
6.567500	186.424198
6.400000	182.394646
6.232500	178.345060
6.067500	174.294240
5.907500	170.290921
5.750000	166.240647
5.600000	162.222599
5.457500	158.216324
5.320000	154.155876
5.190000	150.120302
5.067500	146.107919
4.950000	142.030821
4.840000	137.987234
4.735000	133.911551
4.635000	129.824836
4.540000	125.742936
4.450000	121.678451
4.365000	117.647167
4.282500	113.544684
4.205000	109.515683
4.130000	105.453178
4.057500	101.371093
0.000000	0.000000
& cycle # 8, chisq = 156210.547987, e = 56.065462
25.000000	398.684839
15.177500	394.671506
14.677500	390.652769
14.337500	386.651387
14.070000	382.615538
13.842500	378.593549
13.635000	374.582374
13.445000	370.544878
13.272500	366.512633
13.107500	362.457777
12.942500	358.406581
12.777500	354.356336
12.622500	350.291844
12.487500	346.291620
12.365000	342.205707
12.252500	338.146088
12.145000	334.144184
12.035000	330.088316
11.920000	326.008000
11.800000	321.954177
11.675000	317.899679
11.547500	313.867773
11.417500	309.844311
11.282500	305.817456
11.137500	301.761910
10.980000	297.724314
10.807500	293.689391
10.620000	289.686445
10.407500	285.677144
10.150000	281.667705
9.820000	277.646734
9.335000	273.636514
8.332500	269.635892
7.115000	265.632691
6.630000	261.615638
6.345000	257.577115
6.142500	253.546519
5.982500	249.510752
5.847500	245.437492
5.732500	241.419970
5.630000	237.363793
5.537500	233.286374
5.452500	229.172674
5.375000	225.105785
5.302500	221.021076
5.235000	216.967699
5.170000	212.828863
5.110000	208.796376
5.052500	204.735122
4.997500	200.666041
4.945000	196.611308
4.895000	192.593909
4.845000	188.424941
4.797500	184.325171
4.752500	180.317416
4.707500	176.190645
4.665000	172.184971
4.622500	168.075050
4.580000	163.861445
4.540000	159.801333
4.500000	155.650020
4.460000	151.407944
4.422500	147.349221
4.385000	143.212357
4.347500	138.998777
4.312500	134.998568
4.277500	130.935125
4.242500	126.810705
4.207500	122.627813
4.172500	118.389116
4.137500	114.097339
4.105000	110.066944
4.072500	105.995172
4.040000	101.883983
0.000000	0.000000
& cycle # 9, chisq = 134004.732607, e = 56.065462
25.000000	480.990020
24.750000	476.960128
24.632500	472.936290
24.537500	468.915396
24.450000	464.815073
24.367500	460.746738
24.285000	456.631582
24.202500	452.589444
24.115000	448.479783
24.022500	444.443821
23.920000	440.437191
23.800000	436.423471
23.645000	432.369740
23.402500	428.343511
20.450000	424.341481
19.500000	420.331577
19.060000	416.312562
18.677500	412.297804
18.285000	408.284335
17.792500	404.270319
13.980000	400.269923
12.825000	396.269814
12.497500	392.261326
12.310000	388.208767
12.165000	384.159929
12.037500	380.156404
11.917500	376.153138
11.802500	372.133420
11.692500	368.079543
11.590000	364.067123
11.492500	360.015687
11.400000	355.969386
11.310000	351.874387
11.222500	347.781296
11.137500	343.729751
11.052500	339.620871
10.970000	335.581351
10.887500	331.486409
10.807500	327.457448
10.727500	323.371671
10.650000	319.368193
10.572500	315.336736
10.495000	311.298835
10.417500	307.276414
10.337500	303.159381
10.257500	299.090053
10.177500	295.073091
10.095000	290.985421
10.012500	286.953116
9.927500	282.860737
9.842500	278.842913
9.755000	274.803649
9.665000	270.773988
9.570000	266.679154
9.472500	262.658261
9.370000	258.630082
9.262500	254.616652
9.147500	250.556666
9.025000	246.504967
8.892500	242.462536
8.747500	238.461922
8.582500	234.424197
8.395000	230.421836
8.172500	226.400041
7.892500	222.374403
7.522500	218.359663
7.017500	214.350356
6.450000	210.340546
6.002500	206.322803
5.685000	202.296762
5.450000	198.281694
5.262500	194.263914
5.105000	190.238787
4.967500	186.163481
4.847500	182.138806
4.737500	178.055562
4.637500	174.016280
4.545000	170.000917
4.457500	165.952458
4.375000	161.911710
4.295000	157.791025
4.220000	153.757383
4.147500	149.715076
4.077500	145.692644
4.007500	141.565867
3.940000	137.498717
3.872500	133.355878
3.807500	129.305915
3.742500	125.209946
3.677500	121.084634
3.612500	116.949496
3.547500	112.825334
3.482500	108.732342
3.417500	104.688849
3.350000	100.559873
0.000000	0.000000
& cycle # 2, chisq = 127298.813415, e = 58.350150
25.000000	443.385144
24.882500	439.310277
24.752500	435.258218
24.597500	431.201181
24.390000	427.167359
23.975000	423.163750
20.170000	419.160230
19.277500	415.153701
16.757500	411.152996
16.095000	407.147471
15.600000	403.136995
15.080000	399.128931
13.347500	395.127828
12.505000	391.123571
12.277500	387.107218
12.115000	383.094938
11.972500	379.064365
11.840000	375.009615
11.717500	370.973394
11.605000	366.956820
11.500000	362.901253
11.402500	358.874078
11.310000	354.852301
11.220000	350.790564
11.132500	346.732699
11.047500	342.704440
10.962500	338.593772
10.880000	334.519903
10.800000	330.485198
10.720000	326.368415
10.642500	322.311504
10.565000	318.204259
10.490000	314.202304
10.415000	310.193943
10.337500	306.062672
10.260000	301.953636
10.182500	297.871662
10.105000	293.817290
10.027500	289.790531
9.947500	285.666178
9.867500	281.583866
9.787500	277.558646
9.705000	273.486648
9.620000	269.394830
9.532500	265.307819
9.442500	261.243943
9.350000	257.214557
9.252500	253.124805
9.152500	249.097119
9.047500	245.058639
8.937500	241.055860
8.817500	236.976312
8.690000	232.976140
8.550000	228.958606
8.395000	224.926238
8.222500	220.923788
8.022500	216.914014
7.782500	212.897814
7.490000	208.889184
7.120000	204.868089
6.682500	200.851361
6.252500	196.846990
5.907500	192.842706
5.642500	188.830307
5.435000	184.781117
5.267500	180.761247
5.125000	176.703088
5.002500	172.653771
4.895000	168.610602
4.797500	164.511092
4.710000	160.460110
4.630000	156.431641
4.555000	152.357053
4.485000	148.278700
4.420000	144.240871
4.357500	140.121008
4.300000	136.119367
4.245000	132.099028
4.192500	128.084287
4.140000	123.895904
4.090000	119.745084
4.042500	115.654850
3.997500	111.646867
3.952500	107.508267
3.910000	103.478520
0.000000	0.000000
& cycle # 3, chisq = 127165.943568, e = 58.350150
25.000000	488.494939
24.787500	484.489078
23.832500	480.479462
21.942500	476.474204
19.747500	472.469432
19.112500	468.466138
18.240000	464.464690
16.730000	460.458118
16.452500	456.441364
16.257500	452.383586
16.100000	448.341167
15.965000	444.329701
15.845000	440.327057
15.735000	436.291301
15.632500	432.226405
15.537500	428.220097
15.445000	424.125680
15.357500	420.099292
15.272500	416.060014
15.190000	412.026864
15.110000	408.014588
15.030000	403.908489
14.952500	399.851631
14.875000	395.733510
14.800000	391.710693
14.725000	387.673789
14.650000	383.644380
14.575000	379.639733
14.497500	375.539363
14.420000	371.483005
14.342500	367.472604
14.262500	363.383706
14.182500	359.354555
14.100000	355.279371
14.015000	351.192925
13.927500	347.138878
13.835000	343.053907
13.737500	338.990694
13.635000	334.983386
13.525000	330.957293
13.407500	326.941651
13.280000	322.926967
13.135000	318.884594
12.957500	314.837737
12.722500	310.811538
12.440000	306.810461
12.122500	302.810037
11.122500	298.808614
8.512500	294.799458
8.197500	290.797563
7.985000	286.786005
7.817500	282.752965
7.677500	278.710236
7.555000	274.636037
7.445000	270.547135
7.345000	266.482202
7.252500	262.430572
7.165000	258.339357
7.082500	254.249803
7.005000	250.203115
6.930000	246.101920
6.857500	241.972284
6.787500	237.841416
6.720000	233.735495
6.655000	229.677939
6.590000	225.527347
6.527500	221.455435
6.465000	217.309721
6.405000	213.265211
6.345000	209.162543
6.285000	205.008001
6.227500	200.985196
6.170000	196.930408
6.112500	192.853104
6.055000	188.763219
5.997500	184.670452
5.940000	180.583641
5.882500	176.510403
5.825000	172.457113
5.767500	168.429239
5.707500	164.258894
5.647500	160.128008
5.587500	156.043735
5.527500	152.014405
5.465000	147.885595
5.402500	143.837191
5.337500	139.722866
5.272500	135.715569
5.205000	131.674566
5.135000	127.618446
5.062500	123.565325
4.987500	119.534169
4.907500	115.420969
4.825000	111.389265
4.737500	107.356028
4.642500	103.267298
0.000000	0.000000
& cycle # 6, chisq = 92515.467724, e = 58.350150
25.000000	398.684839
12.765000	394.684634
12.362500	390.664896
12.145000	386.616864
11.962500	382.568547
11.795000	378.546288
11.642500	374.539527
11.505000	370.522228
11.380000	366.507428
11.262500	362.457436
11.150000	358.378801
11.042500	354.321048
10.940000	350.298913
10.840000	346.209142
10.745000	342.155426
10.652500	338.048807
10.565000	334.031850
10.480000	330.026489
10.395000	325.939836
10.312500	321.909742
10.230000	317.822762
10.150000	313.804038
10.070000	309.726309
9.992500	305.717152
9.915000	301.652303
9.837500	297.540129
9.762500	293.528364
9.687500	289.499682
9.612500	285.467902
9.537500	281.443445
9.462500	277.432159
9.385000	273.302920
9.307500	269.189485
9.230000	265.092473
9.152500	261.015981
9.075000	256.968782
8.997500	252.963605
8.917500	248.888545
8.837500	244.887914
8.755000	240.850915
8.670000	236.791344
8.582500	232.719284
8.492500	228.643898
8.400000	224.578018
8.305000	220.542006
8.205000	216.464419
8.100000	212.392335
7.990000	208.371253
7.872500	204.354666
7.745000	200.311899
7.605000	196.243601
7.450000	192.204831
7.272500	188.201778
7.057500	184.200549
6.775000	180.182891
6.305000	176.179610
3.147500	172.168520
2.730000	168.145027
2.507500	164.117825
2.345000	160.065743
2.215000	156.025517
2.105000	151.996407
2.007500	147.941777
1.920000	143.905231
1.840000	139.873683
1.765000	135.794486
1.695000	131.732351
1.627500	127.594038
1.565000	123.578146
1.505000	119.562439
1.445000	115.395694
1.387500	111.270736
1.332500	107.218745
1.277500	103.079950
0.000000	0.000000
& cycle # 9, chisq = 132911.319419, e = 58.350150
25.000000	386.006175
11.655000	382.003574
11.230000	377.994717
10.960000	373.986761
10.755000	369.949152
10.592500	365.946067
10.452500	361.883366
10.330000	357.858401
10.220000	353.852087
10.117500	349.751879
10.025000	345.715689
9.940000	341.704185
9.860000	337.653706
9.785000	333.612275
9.712500	329.483192
9.645000	325.445143
9.580000	321.381399
9.517500	317.310890
9.457500	313.249908
9.400000	309.213161
9.342500	305.029918
9.287500	300.887388
9.235000	296.801528
9.185000	292.789309
9.135000	288.659037
9.087500	284.626976
9.040000	280.491319
8.995000	276.480082
8.950000	272.380633
8.905000	268.195456
8.862500	264.166106
8.820000	260.063845
8.777500	255.889783
8.735000	251.644566
8.695000	247.584277
8.655000	243.461107
8.615000	239.274876
8.575000	235.025429
8.537500	230.984168
8.500000	226.887614
8.462500	222.736344
8.425000	218.531322
8.387500	214.273915
8.352500	210.254623
8.317500	206.192948
8.282500	202.090823
8.247500	197.950335
8.212500	193.773644
8.177500	189.562908
8.142500	185.320206
8.107500	181.047474
8.072500	176.746458
8.040000	172.728673
8.007500	168.688877
7.975000	164.627974
7.942500	160.546744
7.910000	156.445883
7.877500	152.326047
7.845000	148.187908
7.812500	144.032201
7.780000	139.859783
7.747500	135.671664
7.715000	131.469046
7.682500	127.253340
7.650000	123.026165
7.617500	118.789342
7.585000	114.544861
7.552500	110.294849
7.520000	106.041516
7.487500	101.787104
0.000000	0.000000
& cycle # 10, chisq = 181589.223676, e = 58.350150
25.000000	480.990020
22.297500	476.987721
17.752500	472.986980
16.745000	468.969403
16.412500	464.939474
16.172500	460.936383
15.975000	456.896058
15.802500	452.868626
15.645000	448.853744
15.497500	444.827456
15.357500	440.778927
15.222500	436.703076
15.092500	432.685477
14.962500	428.647813
14.832500	424.635933
14.700000	420.591365
14.565000	416.534114
14.427500	412.520852
14.282500	408.516488
14.122500	404.472464
13.942500	400.421397
13.737500	396.407722
13.477500	392.380148
13.007500	388.373315
11.705000	384.355487
11.390000	380.337962
11.182500	376.298153
11.015000	372.290160
10.870000	368.262744
10.742500	364.250161
10.627500	360.246271
10.520000	356.202165
10.417500	352.116584
10.320000	348.057103
10.225000	343.959908
10.135000	339.957387
10.047500	335.957003
9.960000	331.856289
9.875000	327.791478
9.790000	323.669863
9.707500	319.642499
9.625000	315.615843
9.542500	311.612957
9.457500	307.531207
9.372500	303.504114
9.285000	299.424727
9.197500	295.423301
9.107500	291.406109
9.012500	287.300850
8.915000	283.265040
8.812500	279.249616
8.702500	275.225551
8.582500	271.185240
8.450000	267.151433
8.300000	263.138962
8.117500	259.092013
7.870000	255.072081
7.332500	251.067299
5.940000	247.057684
5.637500	243.037317
5.412500	239.033222
5.220000	234.999769
5.045000	230.955899
4.880000	226.950854
4.717500	222.931787
4.552500	218.873887
4.382500	214.856770
4.197500	210.835808
3.985000	206.805333
3.712500	202.778111
3.167500	198.776524
1.790000	194.766308
1.490000	190.730547
1.265000	186.706887
1.067500	182.658893
0.885000	178.654062
0.705000	174.633416
0.520000	170.595784
0.325000	166.588528
0.110000	162.581617
0.000000	160.709043
& cycle # 2, chisq = 185364.515330, e = 69.188949
25.000000	443.385144
12.420000	439.372011
12.072500	435.369991
11.805000	431.361210
11.575000	427.321620
11.385000	423.313010
11.217500	419.295270
11.062500	415.258352
10.917500	411.202501
10.782500	407.128418
10.657500	403.065700
10.540000	399.000727
10.427500	394.916636
10.320000	390.864658
10.215000	386.773385
10.115000	382.745424
10.017500	378.681387
9.922500	374.585118
9.832500	370.584942
9.742500	366.482462
9.655000	362.412850
9.570000	358.396554
9.485000	354.325245
9.402500	350.321284
9.320000	346.261986
9.237500	342.143699
9.157500	338.094001
9.077500	333.994436
9.000000	329.985098
8.922500	325.950102
8.845000	321.900191
8.767500	317.842854
8.690000	313.781226
8.612500	309.714767
8.535000	305.641386
8.457500	301.560115
8.380000	297.473253
8.302500	293.387106
8.225000	289.311038
8.147500	285.255231
8.070000	281.228110
7.990000	277.106267
7.910000	273.021080
7.830000	268.970554
7.750000	264.952404
7.667500	260.842700
7.585000	256.771796
7.502500	252.747687
7.417500	248.660353
7.332500	244.640509
7.245000	240.576358
7.155000	236.472339
7.065000	232.440466
6.972500	228.367573
6.880000	224.367353
6.785000	220.341113
6.687500	216.304523
6.587500	212.270925
6.485000	208.246187
6.380000	204.228523
6.272500	200.214523
6.162500	196.207154
6.047500	192.130885
5.930000	188.091959
5.807500	184.011807
5.682500	179.966205
5.555000	175.940990
5.425000	171.934704
5.290000	167.881907
5.152500	163.858341
5.012500	159.839541
4.870000	155.798554
4.727500	151.797936
4.582500	147.764404
4.437500	143.740947
4.292500	139.687555
4.150000	135.656167
4.010000	131.645012
3.872500	127.635002
3.737500	123.594329
3.607500	119.587758
3.480000	115.546440
3.355000	111.465594
3.235000	107.412021
3.120000	103.385616
0.000000	0.000000
& cycle # 3, chisq = 249225.745617, e = 69.188949
25.000000	488.494939
19.807500	484.494636
16.807500	480.492149
16.277500	476.485072
15.962500	472.479710
15.717500	468.440584
15.512500	464.412955
15.330000	460.410231
15.160000	456.370452
15.002500	452.349431
14.852500	448.282243
14.710000	444.262905
14.570000	440.235894
14.430000	436.164183
14.292500	432.112256
14.157500	428.074665
14.022500	424.013989
13.887500	420.006810
13.747500	415.977328
13.602500	411.943201
13.455000	407.926752
13.305000	403.904084
13.147500	399.843556
12.977500	395.836391
12.787500	391.834122
12.592500	387.829942
12.415000	383.829689
12.250000	379.772883
12.085000	375.730662
11.902500	371.687572
11.692500	367.642204
11.465000	363.634374
11.220000	359.616695
10.942500	355.611600
10.637500	351.605518
10.315000	347.581388
9.977500	343.562468
9.652500	339.541270
9.342500	335.517432
9.060000	331.501615
8.805000	327.493534
8.570000	323.473387
8.355000	319.428592
8.160000	315.426551
7.977500	311.424011
7.805000	307.407379
7.642500	303.389029
7.487500	299.349819
7.337500	295.284556
7.192500	291.233599
7.052500	287.210211
6.915000	283.151448
6.780000	279.084161
6.647500	275.048699
6.515000	270.998440
6.382500	266.943099
6.250000	262.887002
6.117500	258.849152
5.982500	254.789190
5.845000	250.740923
5.705000	246.718211
5.560000	242.656912
5.412500	238.652210
5.257500	234.614369
5.095000	230.579514
4.925000	226.552169
4.747500	222.547671
4.560000	218.546586
4.362500	214.534909
4.157500	210.506730
3.947500	206.468942
3.740000	202.445968
3.540000	198.399618
3.352500	194.353916
3.182500	190.336701
3.027500	186.271797
2.887500	182.196492
2.762500	178.153903
2.650000	174.119386
2.547500	170.074730
2.452500	165.984425
2.365000	161.897786
2.285000	157.865489
2.210000	153.807722
2.140000	149.767441
2.072500	145.635521
2.010000	141.600035
1.950000	137.531927
1.892500	133.449774
1.837500	129.373269
1.785000	125.324836
1.732500	121.126032
1.682500	116.993056
1.635000	112.951641
1.587500	108.803638
1.542500	104.779950
1.497500	100.668837
0.000000	0.000000
& cycle # 6, chisq = 158171.113178, e = 69.188949
25.000000	462.937237
14.180000	458.935775
13.632500	454.913744
13.267500	450.893617
12.977500	446.872457
12.717500	442.847075
12.515000	438.814430
12.360000	434.800900
12.227500	430.758404
12.105000	426.709039
11.985000	422.632325
11.867500	418.621510
11.750000	414.578571
11.635000	410.525114
11.525000	406.505237
11.417500	402.432521
11.312500	398.347669
11.210000	394.303536
11.107500	390.238077
11.005000	386.160465
10.905000	382.156938
10.805000	378.106739
10.707500	374.100265
10.610000	370.041572
10.512500	365.950860
10.415000	361.854075
10.317500	357.770560
10.220000	353.705386
10.122500	349.650306
10.025000	345.591979
9.927500	341.522291
9.830000	337.444892
9.732500	333.374441
9.635000	329.329308
9.537500	325.322341
9.437500	321.254023
9.337500	317.218657
9.237500	313.203825
9.137500	309.202664
9.035000	305.119434
8.932500	301.067045
8.830000	297.058740
8.725000	293.003557
8.620000	288.993002
8.512500	284.918305
8.405000	280.862615
8.297500	276.823553
8.190000	272.808827
8.080000	268.735759
7.970000	264.699494
7.860000	260.688926
7.750000	256.686340
7.640000	252.678112
7.530000	248.661489
7.420000	244.641985
7.310000	240.623629
7.200000	236.600368
7.090000	232.555885
6.980000	228.471906
6.872500	224.432418
6.765000	220.345026
6.660000	216.309992
6.555000	212.231231
6.452500	208.197102
6.352500	204.196474
6.252500	200.119095
6.155000	196.064627
6.060000	192.040486
5.965000	187.946370
5.872500	183.891356
5.782500	179.874008
5.692500	175.775671
5.605000	171.705233
5.520000	167.666663
5.435000	163.546508
5.352500	159.473283
5.272500	155.456000
5.192500	151.371269
5.115000	147.345849
5.037500	143.248143
4.962500	139.210548
4.887500	135.102109
4.815000	131.066485
4.742500	126.972690
4.672500	122.969087
4.602500	118.917657
4.532500	114.818327
4.462500	110.669566
4.395000	106.620972
4.327500	102.525939
0.000000	0.000000
& cycle # 13, chisq = 177416.292418, e = 69.188949
25.000000	480.990020
24.817500	476.979853
21.825000	472.979272
19.202500	468.973863
17.062500	464.970061
16.655000	460.943256
16.420000	456.933849
16.242500	452.928783
16.092500	448.880686
15.962500	444.873628
15.845000	440.836448
15.737500	436.788404
15.637500	432.725646
15.542500	428.620074
15.452500	424.532553
15.367500	420.514106
15.285000	416.479163
15.205000	412.445690
15.127500	408.427497
15.050000	404.303556
14.975000	400.218817
14.902500	396.194086
14.830000	392.110778
14.757500	387.988419
14.685000	383.847135
14.612500	379.704575
14.540000	375.573595
14.467500	371.461540
14.395000	367.371417
14.322500	363.304588
14.250000	359.264169
14.177500	355.257972
14.102500	351.164575
14.027500	347.144410
13.950000	343.093283
13.870000	339.047417
13.787500	335.039399
13.700000	330.978393
13.607500	326.890160
13.510000	322.790145
13.407500	318.697630
13.300000	314.659397
13.182500	310.603543
13.050000	306.578867
12.890000	302.548362
12.690000	298.503343
12.462500	294.495083
12.212500	290.489532
11.792500	286.477446
8.380000	282.476539
7.602500	278.444513
7.362500	274.413757
7.195000	270.361978
7.062500	266.298714
6.952500	262.274968
6.855000	258.177936
6.767500	254.060111
6.690000	250.057049
6.617500	246.004409
6.550000	241.958629
6.485000	237.808755
6.425000	233.752132
6.367500	229.657275
6.312500	225.548473
6.260000	221.450750
6.210000	217.389425
6.160000	213.175181
6.112500	209.032605
6.067500	204.985836
6.022500	200.822931
5.980000	196.787098
5.937500	192.652201
5.895000	188.420127
5.855000	184.349715
5.815000	180.195944
5.775000	175.960038
5.737500	171.915454
5.700000	167.801115
5.662500	163.618575
5.625000	159.369736
5.590000	155.346365
5.555000	151.269441
5.520000	147.141453
5.485000	142.965136
5.450000	138.743411
5.415000	134.479301
5.380000	130.175853
5.347500	126.147184
5.315000	122.089473
5.282500	118.004899
5.250000	113.895502
5.217500	109.763187
5.185000	105.609751
5.152500	101.436914
0.000000	0.000000
& cycle # 2, chisq = 85182.714622, e = 56.252118
25.000000	443.385144
20.395000	439.383947
18.697500	435.383193
16.510000	431.369932
16.147500	427.340438
15.905000	423.324791
15.715000	419.319230
15.552500	415.261190
15.410000	411.256267
15.277500	407.188084
15.155000	403.134619
15.040000	399.065889
14.932500	395.034560
14.830000	391.006139
14.730000	386.935311
14.632500	382.866110
14.537500	378.829564
14.442500	374.732163
14.350000	370.683934
14.257500	366.576764
14.167500	362.531439
14.077500	358.458561
13.987500	354.391164
13.897500	350.366563
13.805000	346.306757
13.710000	342.234507
13.612500	338.154034
13.512500	334.056308
13.412500	330.036292
13.310000	326.012131
13.202500	321.951732
13.087500	317.878533
12.962500	313.848042
12.822500	309.805689
12.670000	305.761416
12.515000	301.729437
12.362500	297.692483
12.207500	293.677223
12.030000	289.630911
11.795000	285.615755
11.425000	281.602985
7.850000	277.602695
7.007500	273.577539
6.752500	269.543049
6.577500	265.499332
6.440000	261.454225
6.325000	257.397107
6.225000	253.318149
6.137500	249.301926
6.057500	245.250815
5.982500	241.114810
5.915000	237.105120
5.850000	232.979049
5.790000	228.932495
5.732500	224.833804
5.677500	220.705968
5.625000	216.573009
5.575000	212.459774
5.527500	208.391441
5.480000	204.166657
5.435000	200.020667
5.392500	195.977689
5.350000	191.811964
5.310000	187.779871
5.270000	183.640235
5.230000	179.393307
5.192500	175.314408
5.155000	171.141172
5.117500	166.873502
5.082500	162.805135
5.047500	158.654647
5.012500	154.422418
4.980000	150.419879
4.947500	146.348219
4.915000	142.208474
4.882500	138.001916
4.850000	133.730022
4.817500	129.394422
4.787500	125.337280
4.757500	121.228710
4.727500	117.070078
4.697500	112.862689
4.667500	108.607767
4.637500	104.306432
0.000000	0.000000
& cycle # 3, chisq = 87811.928662, e = 56.252118
25.000000	488.494939
24.957500	484.460821
24.892500	480.399023
24.647500	476.398373
23.940000	472.393343
22.617500	468.380906
22.155000	464.358886
21.702500	460.354610
20.065000	456.343132
19.597500	452.333017
19.255000	448.328013
18.907500	444.305495
18.422500	440.305069
16.940000	436.298107
16.650000	432.280290
16.460000	428.248631
16.310000	424.208569
16.182500	420.197160
16.067500	416.149870
15.962500	412.113774
15.865000	408.083097
15.772500	404.018120
15.685000	399.974789
15.600000	395.888038
15.517500	391.801457
15.437500	387.755045
15.357500	383.652319
15.280000	379.643940
15.202500	375.616933
15.125000	371.583154
15.047500	367.554929
14.970000	363.548182
14.890000	359.457334
14.810000	355.440948
14.727500	351.410042
14.642500	347.407693
14.552500	343.364814
14.457500	339.332867
14.355000	335.260713
14.245000	331.214106
14.125000	327.197276
13.987500	323.156561
13.820000	319.132180
13.585000	315.108972
13.040000	311.104543
11.490000	307.081253
11.135000	303.074938
10.840000	299.041838
10.530000	295.036633
10.107500	291.026776
8.820000	286.998103
8.587500	282.951354
8.445000	278.902172
8.337500	274.863469
8.247500	270.752639
8.170000	266.640837
8.102500	262.605514
8.040000	258.475499
7.982500	254.328286
7.930000	250.240046
7.880000	246.069817
7.832500	241.850701
7.787500	237.616470
7.745000	233.401289
7.705000	229.239293
7.667500	225.164087
7.630000	220.920047
7.595000	216.806162
7.560000	212.544746
7.527500	208.455897
7.495000	204.240596
7.465000	200.237858
7.435000	196.128487
7.405000	191.913097
7.375000	187.592313
7.347500	183.539533
7.320000	179.399158
7.292500	175.171616
7.265000	170.857312
7.237500	166.456639
7.212500	162.381410
7.187500	158.235436
7.162500	154.019053
7.137500	149.732642
7.112500	145.376641
7.087500	140.951565
7.065000	136.910436
7.042500	132.814358
7.020000	128.663919
6.997500	124.459786
6.975000	120.202710
6.952500	115.893527
6.930000	111.533154
6.907500	107.122589
6.885000	102.662904
0.000000	0.000000
& cycle # 6, chisq = 91900.629864, e = 56.252118
25.000000	398.684839
14.877500	394.677135
14.407500	390.653806
14.090000	386.626312
13.840000	382.619143
13.620000	378.607853
13.425000	374.573014
13.252500	370.567273
13.090000	366.558127
12.927500	362.502037
12.770000	358.500713
12.622500	354.447383
12.492500	350.397896
12.377500	346.364264
12.270000	342.268589
12.167500	338.201337
12.065000	334.121626
11.960000	330.044471
11.852500	326.028074
11.740000	321.978446
11.625000	317.945216
11.507500	313.892696
11.387500	309.835681
11.262500	305.762886
11.130000	301.698747
10.987500	297.658011
10.832500	293.616025
10.665000	289.603390
10.477500	285.571374
10.257500	281.565441
9.980000	277.559271
9.595000	273.555284
8.765000	269.553823
6.700000	265.542088
6.232500	261.514882
5.972500	257.490664
5.782500	253.445984
5.630000	249.375792
5.502500	245.327653
5.390000	241.233890
5.290000	237.169940
5.200000	233.159270
5.115000	229.052641
5.037500	225.029132
4.965000	221.019033
4.895000	216.920999
4.830000	212.919887
4.767500	208.900015
4.707500	204.887248
4.647500	200.729243
4.590000	196.612547
4.535000	192.557413
4.480000	188.390659
4.427500	184.312605
4.375000	180.140577
4.325000	176.085132
4.275000	171.956068
4.225000	167.760969
4.177500	163.722144
4.130000	159.638902
4.082500	155.518732
4.035000	151.368768
3.987500	147.195674
3.940000	143.005734
3.892500	138.805117
3.845000	134.600252
3.797500	130.398205
3.750000	126.206935
3.702500	122.035364
3.655000	117.893206
3.607500	113.790600
3.560000	109.737626
3.510000	105.535446
3.460000	101.408953
0.000000	0.000000
& cycle # 9, chisq = 103164.337747, e = 56.252118
25.000000	386.006175
12.525000	381.992899
12.212500	377.955554
11.997500	373.929768
11.807500	369.905238
11.640000	365.899144
11.492500	361.843619
11.362500	357.809194
11.242500	353.732259
11.132500	349.732219
11.027500	345.686485
10.927500	341.607408
10.832500	337.499229
10.745000	333.493522
10.660000	329.390585
10.580000	325.342298
10.502500	321.258290
10.427500	317.165387
10.355000	313.085609
10.285000	309.034653
10.217500	305.022833
10.150000	300.902786
10.085000	296.827536
10.022500	292.804934
9.960000	288.678167
9.900000	284.619186
9.840000	280.468294
9.782500	276.409231
9.725000	272.276863
9.670000	268.261280
9.615000	264.189076
9.560000	260.063841
9.505000	255.887672
9.452500	251.854413
9.400000	247.774932
9.347500	243.648361
9.295000	239.473923
9.245000	235.453626
9.195000	231.390562
9.145000	227.286609
9.095000	223.144773
9.045000	218.969032
8.995000	214.764038
8.947500	210.746681
8.900000	206.711452
8.852500	202.661999
8.805000	198.601302
8.757500	194.531566
8.710000	190.454234
8.662500	186.370131
8.615000	182.279697
8.567500	178.183294
8.520000	174.081510
8.472500	169.975437
8.425000	165.866868
8.377500	161.758380
8.330000	157.653295
8.282500	153.555527
8.235000	149.469333
8.187500	145.399010
8.140000	141.348598
8.092500	137.321619
8.045000	133.320907
7.995000	129.140295
7.945000	124.992718
7.895000	120.879179
7.845000	116.800380
7.795000	112.757087
7.745000	108.750458
7.692500	104.584944
7.640000	100.464847
0.000000	0.000000
& cycle # 10, chisq = 126539.744110, e = 56.252118
