1,409,70.42,10.77733012136920000,0.05618932733729390,1.17205343153339000,117.69551469995100000,4.48726438053164000,,117.69551469995100000,4.48726438053164000
2,471,30.42,4.55716037573814000,0.04971471177741300,1.66765256381211000,6.70445852488852000,0.53545110362514800,,6.70445852488852000,0.53545110362514800
3,473,30.48,3.17299784170368000,0.02455456774941980,2.01272160843968000,5.55754404988849000,0.48924062919205900,,5.55754404988849000,0.48924062919205900
4,501,30.4,6.76314359320131000,0.03800390140344370,2.74822525981690000,7.76042246453449000,0.35578930873263900,,7.76042246453449000,0.35578930873263900
5,511,30.45,5.93997544677041000,0.03450704289893470,3.39420794079715000,5.08512153514445000,0.24900104491585600,,5.08512153514445000,0.24900104491585600
6,511,30.43,4.25336871187128000,0.02719968430930520,3.85676920023569000,4.56310869213988000,0.28077649649469400,,4.56310869213988000,0.28077649649469400
7,544,30.47,9.65095460857017000,0.05743330211383750,4.90632733190315000,8.01768447361151000,0.24869485791606500,,8.01768447361151000,0.24869485791606500
8,553,30.43,7.92056847374698000,0.05156127499928010,5.76770295599612000,4.76459133781111000,0.17204896402794100,,4.76459133781111000,0.17204896402794100
9,553,30.47,5.76956333246320000,0.03218866041439070,6.39515302258122000,4.21631549802228000,0.15556492381898600,,4.21631549802228000,0.15556492381898600
10,588,30.37,13.04199775060770000,0.06728891616127860,7.81349300525854000,7.22479869169656000,0.26756670971669400,,7.22479869169656000,0.26756670971669400
11,596,30.48,10.28603478982880000,0.06091167573522790,8.93211721334386000,4.76835089198478000,0.14406810515583700,,4.76835089198478000,0.14406810515583700
12,596,30.4,7.39389378561199000,0.03959707826359300,9.73621604730618000,4.87821560212399000,0.16070809913353800,,4.87821560212399000,0.16070809913353800
13,634,30.47,14.07424543832350000,0.07170034784399990,11.26681476484220000,6.26580314261418000,0.31590469730599200,,6.26580314261418000,0.31590469730599200
14,641,30.4,11.65231737646000000,0.06158892001088660,12.53402458514050000,4.49566020998986000,0.08330509219773050,,4.49566020998986000,0.08330509219773050
15,641,30.47,9.45731100991152000,0.05815953359437640,13.56252363800590000,4.39836150100658000,0.08067592003178790,,4.39836150100658000,0.08067592003178790
16,682,30.43,18.73386645269310000,0.09552417815770310,15.59986426082220000,5.27131334734147000,0.12389393898111400,,5.27131334734147000,0.12389393898111400
17,688,30.45,14.64917559898580000,0.09022050989227250,17.19298763521740000,5.02348621648626000,0.07521211198364770,,5.02348621648626000,0.07521211198364770
18,688,30.47,11.42997718789260000,0.05915727721565390,18.43601757255360000,6.24670134027757000,0.11593651739581600,,6.24670134027757000,0.11593651739581600
19,731,30.42,19.29791808189680000,0.09875232482357970,20.53469979297580000,6.90743888812439000,0.18444575008590100,,6.90743888812439000,0.18444575008590100
20,735,30.43,12.17457121088660000,0.06303502033231420,21.85870562786010000,6.10686621427762000,0.13192908217160700,,6.10686621427762000,0.13192908217160700
21,735,30.48,8.29529861930526000,0.04857380653533700,22.76083380829630000,6.06120795952745000,0.13321841480677400,,6.06120795952745000,0.13321841480677400
22,782,30.42,13.00123482710550000,0.07144322972944510,24.17474075200830000,6.16544210733116000,0.11568703657623500,,6.16544210733116000,0.11568703657623500
23,786,30.47,8.74806641309043000,0.04787080550252650,25.12610821902260000,6.25531951320864000,0.13839869772016600,,6.25531951320864000,0.13839869772016600
24,786,30.47,6.12950793686566000,0.03427511389361570,25.79270288858460000,6.56128649145770000,0.15002570790333000,,6.56128649145770000,0.15002570790333000
25,833,30.43,11.10097464438390000,0.06047377881608710,26.99995322598660000,7.19311861396412000,0.15813762449065500,,7.19311861396412000,0.15813762449065500
26,835,30.48,8.43390606142571000,0.04557381315868880,27.91715520729400000,7.35871265416448000,0.17099994578115700,,7.35871265416448000,0.17099994578115700
27,835,30.47,6.98802802525034000,0.03713067363292710,28.67711543254560000,8.38672578277702000,0.21701622364536900,,8.38672578277702000,0.21701622364536900
28,886,30.43,16.62782750469050000,0.08934475012383670,30.48542064973250000,8.82921463912863000,0.20597716833442800,,8.82921463912863000,0.20597716833442800
29,888,30.42,17.44768106436970000,0.08871993280358490,32.38288637023110000,8.73922205409564000,0.17966531196402300,,8.73922205409564000,0.17966531196402300
30,888,30.42,14.83359325545930000,0.08247806509649780,33.99606548613840000,8.19076251605901000,0.15929618723393700,,8.19076251605901000,0.15929618723393700
31,939,30.43,28.09939125994590000,0.14326889196714600,37.05192325233210000,8.47055513255436000,0.15792612783417500,,8.47055513255436000,0.15792612783417500
32,939,30.43,17.24076171723180000,0.08753356432888260,38.92688613324680000,7.89684659613313000,0.11294968260034100,,7.89684659613313000,0.11294968260034100
33,939,30.45,11.86530470780320000,0.06206535762176500,40.21725869698550000,7.84332253129796000,0.13191473144392000,,7.84332253129796000,0.13191473144392000
34,990,30.42,18.71950099997540000,0.09430262154327930,42.25303705178520000,8.22350041176108000,0.17157301433701900,,8.22350041176108000,0.17157301433701900
35,991,30.43,16.16617581624510000,0.08231681806178930,44.01113684336840000,7.93586162153940000,0.12338985236021000,,7.93586162153940000,0.12338985236021000
36,991,30.47,14.25048082700840000,0.07319467408900390,45.56090146653590000,8.20769822454322000,0.12740283187485900,,8.20769822454322000,0.12740283187485900
37,1042,30.38,31.11612324291920000,0.15767722914710600,48.94483409290760000,9.09783019928783000,0.15111661515454500,,9.09783019928783000,0.15111661515454500
38,1042,30.43,24.98230447210090000,0.12657222837674100,51.66170323901270000,9.09830819896751000,0.14259621702201700,,9.09830819896751000,0.14259621702201700
39,1042,30.4,19.53869222579840000,0.09949511735214900,53.78657006716300000,8.92281142314496000,0.13995215555139200,,8.92281142314496000,0.13995215555139200
40,1091,30.47,40.82239924939750000,0.20532907482688200,58.22607712362900000,9.37341341842622000,0.14547852296444300,,9.37341341842622000,0.14547852296444300
41,1091,30.45,28.12280743961820000,0.14208792516730800,61.28448144016760000,9.88806848168560000,0.15256715485550900,,9.88806848168560000,0.15256715485550900
42,1091,30.48,21.09794946532830000,0.10709836939908500,63.57892021031590000,9.73204860477724000,0.16042066933414700,,9.73204860477724000,0.16042066933414700
43,1146,30.38,67.78793962751050000,0.34043936183685000,70.95097677370050000,9.99272901015285000,0.13185049776611800,,9.99272901015285000,0.13185049776611800
44,1146,30.45,47.91257878579130000,0.24434544761966700,76.16155321026660000,9.57113531232624000,0.14554856109525700,,9.57113531232624000,0.14554856109525700
45,1146,30.43,33.86397264058170000,0.17008488441572600,79.84431924710240000,9.54639651610918000,0.15534393182799700,,9.54639651610918000,0.15534393182799700
46,1198,30.45,91.53654876066850000,0.45972373470711300,89.79907843861500000,8.91945616007539000,0.11606809257500800,,8.91945616007539000,0.11606809257500800
47,1198,30.45,49.70161894033140000,0.24982667623546500,95.20421610961170000,8.60626000826578000,0.11443530182592700,,8.60626000826578000,0.11443530182592700
48,1198,30.45,20.66297920089500000,0.10531083943790900,97.45135110551320000,8.70701512991111000,0.12924698438316600,,8.70701512991111000,0.12924698438316600
49,1248,30.43,15.22895078661280000,0.07781666892596110,99.10752604189300000,8.97297729927819000,0.14185517314948300,,8.97297729927819000,0.14185517314948300
50,1248,30.45,2.50875278005576000,0.01773253902598930,99.38035727853690000,9.33558160800315000,0.33572983595796900,,9.33558160800315000,0.33572983595796900
51,1248,30.4,0.95446839395853400,0.01752738315568400,99.48415737965950000,3.92969178435470000,0.81465611272838500,,3.92969178435470000,0.81465611272838500
52,1303,30.43,1.11227025878602000,0.01360630914875620,99.60511870857140000,9.23380655770793000,0.72984436382761500,,9.23380655770793000,0.72984436382761500
53,1303,30.4,0.69917431547868600,0.01723382780769630,99.68115513377760000,9.02497757780564000,1.32292342062809000,,9.02497757780564000,1.32292342062809000
54,1303,30.45,0.47396078018623600,0.01493899332120580,99.73269919455830000,11.64420037128470000,1.78061222398570000,,11.64420037128470000,1.78061222398570000
55,1354,30.4,0.67896241693500800,0.01953338058827130,99.80653754057620000,12.03294348102220000,1.37902061629817000,,12.03294348102220000,1.37902061629817000
56,1354,30.42,0.36351544321155500,0.01605253126917420,99.84607047849620000,14.38050965091970000,2.15763241358005000,,14.38050965091970000,2.15763241358005000
57,1354,30.43,0.21294520102323900,0.01019920754448410,99.86922864019090000,15.82543996883840000,4.06988727538482000,,15.82543996883840000,4.06988727538482000
58,1406,30.43,0.36954107256932800,0.01137217967771250,99.90941687580400000,18.28874926773180000,2.84895156587262000,,18.28874926773180000,2.84895156587262000
59,1406,30.43,0.22628529489781500,0.01696416296705980,99.93402579595430000,17.22586524715890000,3.88756792094429000,,17.22586524715890000,3.88756792094429000
60,1406,30.45,0.12260798235485400,0.01325504359254010,99.94735962769510000,26.66117746207010000,5.98598119579875000,,26.66117746207010000,5.98598119579875000
61,1406,30.4,0.09702149317981840,0.00954519654793033,99.95791088415030000,24.68876011126170000,7.99455889437314000,,24.68876011126170000,7.99455889437314000
62,1406,30.47,0.08855261654786170,0.01467244076896730,99.96754113551380000,22.99030934068930000,10.61624293535540000,,22.99030934068930000,10.61624293535540000
63,1406,30.38,0.07491631271388880,0.01341646885462490,99.97568841507240000,45.33858805941650000,12.16298574776200000,,45.33858805941650000,12.16298574776200000
64,1406,30.45,0.06752158203816380,0.01458970443318680,99.98303150478380000,26.01796108343560000,11.22637365499200000,,26.01796108343560000,11.22637365499200000
65,1406,30.4,0.04641916441202950,0.01570301252045810,99.98807966980480000,30.10296672587290000,19.25373738326810000,,30.10296672587290000,19.25373738326810000
66,1406,30.43,0.04029433492804180,0.01804344980499630,99.99246174894610000,0.51619412951867500,19.22795939823430000,,0.51619412951867500,19.22795939823430000
67,1406,30.43,0.05263907519684860,0.01417151934931850,99.99818634010380000,26.66746619115200000,14.61267464607740000,,26.66746619115200000,14.61267464607740000
68,1406,30.43,0.01667706514238370,0.01486535323315180,99.99999999999990000,18.71022236032350000,61.54602387157170000,,18.71022236032350000,61.54602387157170000
