0.000000	27.805508
0.249021	27.805508
0.249021	28.294219
0.547127	28.294219
0.547127	28.326678
0.738975	28.326678
0.738975	28.351432
1.126467	28.351432
1.126467	28.375098
1.490126	28.375098
1.490126	28.391016
1.780775	28.391016
1.780775	28.409733
2.474552	28.409733
2.474552	28.429945
3.127307	28.429945
3.127307	28.444204
3.665625	28.444204
3.665625	28.461211
4.916994	28.461211
4.916994	28.479361
6.074566	28.479361
6.074566	28.492047
7.040882	28.492047
7.040882	28.506665
9.220124	28.506665
9.220124	28.521441
11.230374	28.521441
11.230374	28.530954
12.933652	28.530954
12.933652	28.540008
16.682207	28.540008
16.682207	28.547103
19.982574	28.547103
19.982574	28.551575
22.639988	28.551575
22.639988	28.558800
27.489995	28.558800
27.489995	28.572475
30.671470	28.572475
30.671470	28.590390
32.731519	28.590390
32.731519	28.624304
35.721796	28.624304
35.721796	28.669438
37.586001	28.669438
37.586001	28.694429
38.991009	28.694429
38.991009	28.714783
41.491696	28.714783
41.491696	28.736215
43.393894	28.736215
43.393894	28.753509
44.921897	28.753509
44.921897	28.772976
47.662686	28.772976
47.662686	28.790302
49.806859	28.790302
49.806859	28.801211
51.557846	28.801211
51.557846	28.814964
54.408460	28.814964
54.408460	28.835449
56.453502	28.835449
56.453502	28.858791
57.978723	28.858791
57.978723	28.896094
60.100739	28.896094
60.100739	28.947338
61.585697	28.947338
61.585697	28.988864
62.744260	28.988864
62.744260	29.025604
64.519983	29.025604
64.519983	29.051746
66.019386	29.051746
66.019386	29.065758
67.364577	29.065758
67.364577	29.078049
69.457913	29.078049
69.457913	29.089810
71.298513	29.089810
71.298513	29.099248
72.936521	29.099248
& cycle # 2, chisq = 1171.996074, e = 41.282959
0.000000	27.814693
0.249021	27.814693
0.249021	28.300577
0.547127	28.300577
0.547127	28.331163
0.738975	28.331163
0.738975	28.354542
1.126467	28.354542
1.126467	28.376943
1.490126	28.376943
1.490126	28.392044
1.780775	28.392044
1.780775	28.409841
2.474552	28.409841
2.474552	28.429106
3.127307	28.429106
3.127307	28.442729
3.665625	28.442729
3.665625	28.459013
4.916994	28.459013
4.916994	28.476428
6.074566	28.476428
6.074566	28.488625
7.040882	28.488625
7.040882	28.502706
9.220124	28.502706
9.220124	28.516963
11.230374	28.516963
11.230374	28.526158
12.933652	28.526158
12.933652	28.534930
16.682207	28.534930
16.682207	28.541836
19.982574	28.541836
19.982574	28.546221
22.639988	28.546221
22.639988	28.553335
27.489995	28.553335
27.489995	28.566823
30.671470	28.566823
30.671470	28.584508
32.731519	28.584508
32.731519	28.618022
35.721796	28.618022
35.721796	28.662707
37.586001	28.662707
37.586001	28.687552
38.991009	28.687552
38.991009	28.707929
41.491696	28.707929
41.491696	28.729487
43.393894	28.729487
43.393894	28.746927
44.921897	28.746927
44.921897	28.766623
47.662686	28.766623
47.662686	28.784267
49.806859	28.784267
49.806859	28.795493
51.557846	28.795493
51.557846	28.809774
54.408460	28.809774
54.408460	28.831130
56.453502	28.831130
56.453502	28.855500
57.978723	28.855500
57.978723	28.894488
60.100739	28.894488
60.100739	28.948116
61.585697	28.948116
61.585697	28.991652
62.744260	28.991652
62.744260	29.030285
64.519983	29.030285
64.519983	29.057912
66.019386	29.057912
66.019386	29.072830
67.364577	29.072830
67.364577	29.086006
69.457913	29.086006
69.457913	29.098676
71.298513	29.098676
71.298513	29.108882
72.936521	29.108882
& cycle # 4, chisq = 1201.644055, e = 41.282959
0.000000	27.757591
0.249021	27.757591
0.249021	28.230137
0.547127	28.230137
0.547127	28.267343
0.738975	28.267343
0.738975	28.295900
1.126467	28.295900
1.126467	28.323276
1.490126	28.323276
1.490126	28.341726
1.780775	28.341726
1.780775	28.363459
2.474552	28.363459
2.474552	28.386972
3.127307	28.386972
3.127307	28.403590
3.665625	28.403590
3.665625	28.423445
4.916994	28.423445
4.916994	28.444670
6.074566	28.444670
6.074566	28.459529
7.040882	28.459529
7.040882	28.476678
9.220124	28.476678
9.220124	28.494036
11.230374	28.494036
11.230374	28.505228
12.933652	28.505228
12.933652	28.515902
16.682207	28.515902
16.682207	28.524301
19.982574	28.524301
19.982574	28.529631
22.639988	28.529631
22.639988	28.538275
27.489995	28.538275
27.489995	28.554661
30.671470	28.554661
30.671470	28.576147
32.731519	28.576147
32.731519	28.616865
35.721796	28.616865
35.721796	28.671159
37.586001	28.671159
37.586001	28.701355
38.991009	28.701355
38.991009	28.726134
41.491696	28.726134
41.491696	28.752362
43.393894	28.752362
43.393894	28.773589
44.921897	28.773589
44.921897	28.797584
47.662686	28.797584
47.662686	28.819116
49.806859	28.819116
49.806859	28.832854
51.557846	28.832854
51.557846	28.850373
54.408460	28.850373
54.408460	28.876599
56.453502	28.876599
56.453502	28.906542
57.978723	28.906542
57.978723	28.954465
60.100739	28.954465
60.100739	29.020415
61.585697	29.020415
61.585697	29.073991
62.744260	29.073991
62.744260	29.121590
64.519983	29.121590
64.519983	29.155700
66.019386	29.155700
66.019386	29.174175
67.364577	29.174175
67.364577	29.190540
69.457913	29.190540
69.457913	29.206314
71.298513	29.206314
71.298513	29.219040
72.936521	29.219040
& cycle # 5, chisq = 1709.305208, e = 41.282959
0.000000	27.920495
0.249021	27.920495
0.249021	28.423207
0.547127	28.423207
0.547127	28.443800
0.738975	28.443800
0.738975	28.459214
1.126467	28.459214
1.126467	28.473858
1.490126	28.473858
1.490126	28.483670
1.780775	28.483670
1.780775	28.495177
2.474552	28.495177
2.474552	28.507578
3.127307	28.507578
3.127307	28.516310
3.665625	28.516310
3.665625	28.526707
4.916994	28.526707
4.916994	28.537786
6.074566	28.537786
6.074566	28.545517
7.040882	28.545517
7.040882	28.554414
9.220124	28.554414
9.220124	28.563394
11.230374	28.563394
11.230374	28.569166
12.933652	28.569166
12.933652	28.574648
16.682207	28.574648
16.682207	28.578925
19.982574	28.578925
19.982574	28.581603
22.639988	28.581603
22.639988	28.585909
27.489995	28.585909
27.489995	28.594047
30.671470	28.594047
30.671470	28.604699
32.731519	28.604699
32.731519	28.624840
35.721796	28.624840
35.721796	28.651590
37.586001	28.651590
37.586001	28.666336
38.991009	28.666336
38.991009	28.678250
41.491696	28.678250
41.491696	28.690727
43.393894	28.690727
43.393894	28.700764
44.921897	28.700764
44.921897	28.712012
47.662686	28.712012
47.662686	28.721937
49.806859	28.721937
49.806859	28.728098
51.557846	28.728098
51.557846	28.735768
54.408460	28.735768
54.408460	28.747131
56.453502	28.747131
56.453502	28.760050
57.978723	28.760050
57.978723	28.780663
60.100739	28.780663
60.100739	28.808930
61.585697	28.808930
61.585697	28.831778
62.744260	28.831778
62.744260	28.851907
64.519983	28.851907
64.519983	28.866126
66.019386	28.866126
66.019386	28.873666
67.364577	28.873666
67.364577	28.880215
69.457913	28.880215
69.457913	28.886433
71.298513	28.886433
71.298513	28.891396
72.936521	28.891396
& cycle # 6, chisq = 504.255249, e = 41.282959
0.000000	27.783087
0.249021	27.783087
0.249021	28.261099
0.547127	28.261099
0.547127	28.296983
0.738975	28.296983
0.738975	28.324399
1.126467	28.324399
1.126467	28.350606
1.490126	28.350606
1.490126	28.368227
1.780775	28.368227
1.780775	28.388935
2.474552	28.388935
2.474552	28.411291
3.127307	28.411291
3.127307	28.427058
3.665625	28.427058
3.665625	28.445860
4.916994	28.445860
4.916994	28.465923
6.074566	28.465923
6.074566	28.479945
7.040882	28.479945
7.040882	28.496104
9.220124	28.496104
9.220124	28.512436
11.230374	28.512436
11.230374	28.522951
12.933652	28.522951
12.933652	28.532958
16.682207	28.532958
16.682207	28.540798
19.982574	28.540798
19.982574	28.545739
22.639988	28.545739
22.639988	28.553718
27.489995	28.553718
27.489995	28.568821
30.671470	28.568821
30.671470	28.588607
32.731519	28.588607
32.731519	28.626064
35.721796	28.626064
35.721796	28.675918
37.586001	28.675918
37.586001	28.703532
38.991009	28.703532
38.991009	28.726034
41.491696	28.726034
41.491696	28.749738
43.393894	28.749738
43.393894	28.768872
44.921897	28.768872
44.921897	28.790421
47.662686	28.790421
47.662686	28.809621
49.806859	28.809621
49.806859	28.821730
51.557846	28.821730
51.557846	28.837021
54.408460	28.837021
54.408460	28.859814
56.453502	28.859814
56.453502	28.885792
57.978723	28.885792
57.978723	28.927318
60.100739	28.927318
60.100739	28.984381
61.585697	28.984381
61.585697	29.030643
62.744260	29.030643
62.744260	29.071602
64.519983	29.071602
64.519983	29.100781
66.019386	29.100781
66.019386	29.116451
67.364577	29.116451
67.364577	29.130221
69.457913	29.130221
69.457913	29.143415
71.298513	29.143415
71.298513	29.154013
72.936521	29.154013
& cycle # 13, chisq = 1403.423486, e = 41.282959
0.000000	27.791354
0.259216	27.791354
0.259216	28.319066
0.564289	28.319066
0.564289	28.348870
0.761243	28.348870
0.761243	28.371468
1.155676	28.371468
1.155676	28.393030
1.525780	28.393030
1.525780	28.407561
1.821955	28.407561
1.821955	28.424582
2.522218	28.424582
2.522218	28.442960
3.181326	28.442960
3.181326	28.455969
3.725614	28.455969
3.725614	28.471440
4.979486	28.471440
4.979486	28.487960
6.140301	28.487960
6.140301	28.499547
7.110605	28.499547
7.110605	28.512869
9.280059	28.512869
9.280059	28.526346
11.282983	28.526346
11.282983	28.535066
12.982276	28.535066
12.982276	28.543378
16.691496	28.543378
16.691496	28.549913
19.965350	28.549913
19.965350	28.553997
22.611694	28.553997
22.611694	28.560455
27.433034	28.560455
27.433034	28.572561
30.630485	28.572561
30.630485	28.588508
32.714945	28.588508
32.714945	28.619331
35.716647	28.619331
35.716647	28.662116
37.574054	28.662116
37.574054	28.686303
38.973463	28.686303
38.973463	28.704173
41.477506	28.704173
41.477506	28.721450
43.415475	28.721450
43.415475	28.735828
44.979077	28.735828
44.979077	28.753750
47.735577	28.753750
47.735577	28.771836
49.856430	28.771836
49.856430	28.783811
51.574423	28.783811
51.574423	28.797444
54.360443	28.797444
54.360443	28.815719
56.390334	28.815719
56.390334	28.835671
57.927107	28.835671
57.927107	28.867328
60.081404	28.867328
60.081404	28.911580
61.598945	28.911580
61.598945	28.949232
62.776828	28.949232
62.776828	28.984481
64.551232	28.984481
64.551232	29.010396
66.037855	29.010396
66.037855	29.023766
67.370380	29.023766
67.370380	29.034149
69.440885	29.034149
69.440885	29.042620
71.276572	29.042620
71.276572	29.048441
72.922276	29.048441
& cycle # 2, chisq = 993.481561, e = 40.842422
0.000000	27.717986
0.259216	27.717986
0.259216	28.264010
0.564289	28.264010
0.564289	28.299524
0.761243	28.299524
0.761243	28.326479
1.155676	28.326479
1.155676	28.352179
1.525780	28.352179
1.525780	28.369481
1.821955	28.369481
1.821955	28.389725
2.522218	28.389725
2.522218	28.411557
3.181326	28.411557
3.181326	28.426991
3.725614	28.426991
3.725614	28.445325
4.979486	28.445325
4.979486	28.464879
6.140301	28.464879
6.140301	28.478582
7.110605	28.478582
7.110605	28.494322
9.280059	28.494322
9.280059	28.510236
11.282983	28.510236
11.282983	28.520524
12.982276	28.520524
12.982276	28.530326
16.691496	28.530326
16.691496	28.538019
19.965350	28.538019
19.965350	28.542817
22.611694	28.542817
22.611694	28.550392
27.433034	28.550392
27.433034	28.564584
30.630485	28.564584
30.630485	28.583275
32.714945	28.583275
32.714945	28.619394
35.716647	28.619394
35.716647	28.669511
37.574054	28.669511
37.574054	28.697821
38.973463	28.697821
38.973463	28.718705
41.477506	28.718705
41.477506	28.738872
43.415475	28.738872
43.415475	28.755646
44.979077	28.755646
44.979077	28.776551
47.735577	28.776551
47.735577	28.797638
49.856430	28.797638
49.856430	28.811592
51.574423	28.811592
51.574423	28.827466
54.360443	28.827466
54.360443	28.848737
56.390334	28.848737
56.390334	28.871958
57.927107	28.871958
57.927107	28.908798
60.081404	28.908798
60.081404	28.960297
61.598945	28.960297
61.598945	29.004115
62.776828	29.004115
62.776828	29.045138
64.551232	29.045138
64.551232	29.075303
66.037855	29.075303
66.037855	29.090871
67.370380	29.090871
67.370380	29.102966
69.440885	29.102966
69.440885	29.112842
71.276572	29.112842
71.276572	29.119635
72.922276	29.119635
& cycle # 4, chisq = 1293.162926, e = 40.842422
0.000000	27.826251
0.259216	27.826251
0.259216	28.395829
0.564289	28.395829
0.564289	28.419847
0.761243	28.419847
0.761243	28.437710
1.155676	28.437710
1.155676	28.454627
1.525780	28.454627
1.525780	28.465972
1.821955	28.465972
1.821955	28.479211
2.522218	28.479211
2.522218	28.493460
3.181326	28.493460
3.181326	28.503516
3.725614	28.503516
3.725614	28.515441
4.979486	28.515441
4.979486	28.528139
6.140301	28.528139
6.140301	28.537023
7.110605	28.537023
7.110605	28.547211
9.280059	28.547211
9.280059	28.557494
11.282983	28.557494
11.282983	28.564130
12.982276	28.564130
12.982276	28.570437
16.691496	28.570437
16.691496	28.575363
19.965350	28.575363
19.965350	28.578410
22.611694	28.578410
22.611694	28.583196
27.433034	28.583196
27.433034	28.592146
30.630485	28.592146
30.630485	28.603920
32.714945	28.603920
32.714945	28.626647
35.716647	28.626647
35.716647	28.658118
37.574054	28.658118
37.574054	28.675817
38.973463	28.675817
38.973463	28.688751
41.477506	28.688751
41.477506	28.701140
43.415475	28.701140
43.415475	28.711403
44.979077	28.711403
44.979077	28.724139
47.735577	28.724139
47.735577	28.736898
49.856430	28.736898
49.856430	28.745242
51.574423	28.745242
51.574423	28.754602
54.360443	28.754602
54.360443	28.767030
56.390334	28.767030
56.390334	28.780546
57.927107	28.780546
57.927107	28.801948
60.081404	28.801948
60.081404	28.831812
61.598945	28.831812
61.598945	28.857161
62.776828	28.857161
62.776828	28.880802
64.551232	28.880802
64.551232	28.898077
66.037855	28.898077
66.037855	28.906904
67.370380	28.906904
67.370380	28.913682
69.440885	28.913682
69.440885	28.919145
71.276572	28.919145
71.276572	28.922845
72.922276	28.922845
& cycle # 6, chisq = 584.088141, e = 40.842422
0.000000	27.692314
0.259216	27.692314
0.259216	28.279383
0.564289	28.279383
0.564289	28.313823
0.761243	28.313823
0.761243	28.339861
1.155676	28.339861
1.155676	28.364673
1.525780	28.364673
1.525780	28.381379
1.821955	28.381379
1.821955	28.400931
2.522218	28.400931
2.522218	28.422027
3.181326	28.422027
3.181326	28.436946
3.725614	28.436946
3.725614	28.454676
4.979486	28.454676
4.979486	28.473594
6.140301	28.473594
6.140301	28.486855
7.110605	28.486855
7.110605	28.502094
9.280059	28.502094
9.280059	28.517504
11.282983	28.517504
11.282983	28.527472
12.982276	28.527472
12.982276	28.536971
16.691496	28.536971
16.691496	28.544437
19.965350	28.544437
19.965350	28.549100
22.611694	28.549100
22.611694	28.556472
27.433034	28.556472
27.433034	28.570288
30.630485	28.570288
30.630485	28.588487
32.714945	28.588487
32.714945	28.623662
35.716647	28.623662
35.716647	28.672485
37.574054	28.672485
37.574054	28.700082
38.973463	28.700082
38.973463	28.720468
41.477506	28.720468
41.477506	28.740177
43.415475	28.740177
43.415475	28.756580
44.979077	28.756580
44.979077	28.777032
47.735577	28.777032
47.735577	28.797679
49.856430	28.797679
49.856430	28.811360
51.574423	28.811360
51.574423	28.826950
54.360443	28.826950
54.360443	28.847861
56.390334	28.847861
56.390334	28.870698
57.927107	28.870698
57.927107	28.906937
60.081404	28.906937
60.081404	28.957605
61.598945	28.957605
61.598945	29.000726
62.776828	29.000726
62.776828	29.041112
64.551232	29.041112
64.551232	29.070826
66.037855	29.070826
66.037855	29.086175
67.370380	29.086175
67.370380	29.098112
69.440885	29.098112
69.440885	29.107870
71.276572	29.107870
71.276572	29.114591
72.922276	29.114591
& cycle # 13, chisq = 1247.506286, e = 40.842422
0.000000	27.804328
0.250457	27.804328
0.250457	28.324584
0.549671	28.324584
0.549671	28.354185
0.742305	28.354185
0.742305	28.376655
1.130986	28.376655
1.130986	28.398117
1.495754	28.398117
1.495754	28.412556
1.787333	28.412556
1.787333	28.429531
2.482536	28.429531
2.482536	28.447871
3.136663	28.447871
3.136663	28.460823
3.676198	28.460823
3.676198	28.476276
4.929040	28.476276
4.929040	28.492778
6.088087	28.492778
6.088087	28.504322
7.055786	28.504322
7.055786	28.517624
9.235894	28.517624
9.235894	28.531066
11.247145	28.531066
11.247145	28.539713
12.951492	28.539713
12.951492	28.547932
16.697387	28.547932
16.697387	28.554430
19.991880	28.554430
19.991880	28.558622
22.640820	28.558622
22.640820	28.565464
27.462145	28.565464
27.462145	28.578364
30.624301	28.578364
30.624301	28.595068
32.677549	28.595068
32.677549	28.625968
35.681313	28.625968
35.681313	28.665931
37.575763	28.665931
37.575763	28.687931
39.006378	28.687931
39.006378	28.706550
41.535677	28.706550
41.535677	28.726898
43.441897	28.726898
43.441897	28.743566
44.963116	28.743566
44.963116	28.762284
47.677157	28.762284
47.677157	28.778631
49.800617	28.778631
49.800617	28.788594
51.539325	28.788594
51.539325	28.800896
54.379712	28.800896
54.379712	28.819081
56.428002	28.819081
56.428002	28.839761
57.961173	28.839761
57.961173	28.872886
60.097426	28.872886
60.097426	28.918787
61.590854	28.918787
61.590854	28.956560
62.751727	28.956560
62.751727	28.990370
64.521347	28.990370
64.521347	29.014193
66.011440	29.014193
66.011440	29.026277
67.348017	29.026277
67.348017	29.035961
69.428016	29.035961
69.428016	29.044542
71.256033	29.044542
71.256033	29.051295
72.876804	29.051295
& cycle # 2, chisq = 996.127918, e = 41.230109
0.000000	27.824356
0.250457	27.824356
0.250457	28.311478
0.549671	28.311478
0.549671	28.341895
0.742305	28.341895
0.742305	28.365100
1.130986	28.365100
1.130986	28.387300
1.495754	28.387300
1.495754	28.402252
1.787333	28.402252
1.787333	28.419844
2.482536	28.419844
2.482536	28.438865
3.136663	28.438865
3.136663	28.452306
3.676198	28.452306
3.676198	28.468349
4.929040	28.468349
4.929040	28.485488
6.088087	28.485488
6.088087	28.497483
7.055786	28.497483
7.055786	28.511308
9.235894	28.511308
9.235894	28.525283
11.247145	28.525283
11.247145	28.534276
12.951492	28.534276
12.951492	28.542830
16.697387	28.542830
16.697387	28.549600
19.991880	28.549600
19.991880	28.553975
22.640820	28.553975
22.640820	28.561124
27.462145	28.561124
27.462145	28.574610
30.624301	28.574610
30.624301	28.592075
32.677549	28.592075
32.677549	28.624394
35.681313	28.624394
35.681313	28.666211
37.575763	28.666211
37.575763	28.689256
39.006378	28.689256
39.006378	28.708795
41.535677	28.708795
41.535677	28.730170
43.441897	28.730170
43.441897	28.747690
44.963116	28.747690
44.963116	28.767380
47.677157	28.767380
47.677157	28.784605
49.800617	28.784605
49.800617	28.795133
51.539325	28.795133
51.539325	28.808165
54.379712	28.808165
54.379712	28.827449
56.428002	28.827449
56.428002	28.849389
57.961173	28.849389
57.961173	28.884542
60.097426	28.884542
60.097426	28.933271
61.590854	28.933271
61.590854	28.973391
62.751727	28.973391
62.751727	29.009330
64.521347	29.009330
64.521347	29.034690
66.011440	29.034690
66.011440	29.047584
67.348017	29.047584
67.348017	29.057948
69.428016	29.057948
69.428016	29.067158
71.256033	29.067158
71.256033	29.074427
72.876804	29.074427
& cycle # 4, chisq = 1085.965107, e = 41.230109
0.000000	27.943694
0.250457	27.943694
0.250457	28.424689
0.549671	28.424689
0.549671	28.445500
0.742305	28.445500
0.742305	28.461139
1.130986	28.461139
1.130986	28.476011
1.495754	28.476011
1.495754	28.485984
1.787333	28.485984
1.787333	28.497676
2.482536	28.497676
2.482536	28.510276
3.136663	28.510276
3.136663	28.519152
3.676198	28.519152
3.676198	28.529714
4.929040	28.529714
4.929040	28.540967
6.088087	28.540967
6.088087	28.548821
7.055786	28.548821
7.055786	28.557851
9.235894	28.557851
9.235894	28.566957
11.247145	28.566957
11.247145	28.572802
12.951492	28.572802
12.951492	28.578344
16.697387	28.578344
16.697387	28.582702
19.991880	28.582702
19.991880	28.585490
22.640820	28.585490
22.640820	28.590019
27.462145	28.590019
27.462145	28.598544
30.624301	28.598544
30.624301	28.609569
32.677549	28.609569
32.677549	28.629936
35.681313	28.629936
35.681313	28.656206
37.575763	28.656206
37.575763	28.670585
39.006378	28.670585
39.006378	28.682640
41.535677	28.682640
41.535677	28.695734
43.441897	28.695734
43.441897	28.706426
44.963116	28.706426
44.963116	28.718378
47.677157	28.718378
47.677157	28.728721
49.800617	28.728721
49.800617	28.734925
51.539325	28.734925
51.539325	28.742478
54.379712	28.742478
54.379712	28.753574
56.428002	28.753574
56.428002	28.766163
57.961173	28.766163
57.961173	28.786294
60.097426	28.786294
60.097426	28.814138
61.590854	28.814138
61.590854	28.836993
62.751727	28.836993
62.751727	28.857364
64.521347	28.857364
64.521347	28.871611
66.011440	28.871611
66.011440	28.878751
67.348017	28.878751
67.348017	28.884389
69.428016	28.884389
69.428016	28.889309
71.256033	28.889309
71.256033	28.893129
72.876804	28.893129
& cycle # 6, chisq = 507.418452, e = 41.230109
0.000000	27.765001
0.250457	27.765001
0.250457	28.264106
0.549671	28.264106
0.549671	28.299558
0.742305	28.299558
0.742305	28.326600
1.130986	28.326600
1.130986	28.352439
1.495754	28.352439
1.495754	28.369816
1.787333	28.369816
1.787333	28.390228
2.482536	28.390228
2.482536	28.412264
3.136663	28.412264
3.136663	28.427811
3.676198	28.427811
3.676198	28.446340
4.929040	28.446340
4.929040	28.466111
6.088087	28.466111
6.088087	28.479931
7.055786	28.479931
7.055786	28.495844
9.235894	28.495844
9.235894	28.511916
11.247145	28.511916
11.247145	28.522249
12.951492	28.522249
12.951492	28.532066
16.697387	28.532066
16.697387	28.539818
19.991880	28.539818
19.991880	28.544811
22.640820	28.544811
22.640820	28.552953
27.462145	28.552953
27.462145	28.568300
30.624301	28.568300
30.624301	28.588169
32.677549	28.588169
32.677549	28.624918
35.681313	28.624918
35.681313	28.672432
37.575763	28.672432
37.575763	28.698574
39.006378	28.698574
39.006378	28.720681
41.535677	28.720681
41.535677	28.744830
43.441897	28.744830
43.441897	28.764610
44.963116	28.764610
44.963116	28.786825
47.677157	28.786825
47.677157	28.806231
49.800617	28.806231
49.800617	28.818063
51.539325	28.818063
51.539325	28.832678
54.379712	28.832678
54.379712	28.854287
56.428002	28.854287
56.428002	28.878865
57.961173	28.878865
57.961173	28.918238
60.097426	28.918238
60.097426	28.972806
61.590854	28.972806
61.590854	29.017722
62.751727	29.017722
62.751727	29.057943
64.521347	29.057943
64.521347	29.086308
66.011440	29.086308
66.011440	29.100717
67.348017	29.100717
67.348017	29.112288
69.428016	29.112288
69.428016	29.122562
71.256033	29.122562
71.256033	29.130665
72.876804	29.130665
& cycle # 13, chisq = 1336.157184, e = 41.230109
0.000000	27.724798
0.262953	27.724798
0.262953	28.307124
0.570842	28.307124
0.570842	28.338373
0.769803	28.338373
0.769803	28.361921
1.167237	28.361921
1.167237	28.384340
1.540136	28.384340
1.540136	28.399441
1.838662	28.399441
1.838662	28.417095
2.542463	28.417095
2.542463	28.436140
3.204975	28.436140
3.204975	28.449620
3.752297	28.449620
3.752297	28.465622
5.009737	28.465622
5.009737	28.482688
6.174133	28.482688
6.174133	28.494657
7.147820	28.494657
7.147820	28.508386
9.319196	28.508386
9.319196	28.522246
11.324402	28.522246
11.324402	28.531189
13.026223	28.531189
13.026223	28.539687
16.729485	28.539687
16.729485	28.546462
19.992521	28.546462
19.992521	28.550863
22.624377	28.550863
22.624377	28.557924
27.396611	28.557924
27.396611	28.570965
30.567443	28.570965
30.567443	28.587614
32.650191	28.587614
32.650191	28.618196
35.696593	28.618196
35.696593	28.658761
37.613983	28.658761
37.613983	28.682499
39.048765	28.682499
39.048765	28.702868
41.547488	28.702868
41.547488	28.724375
43.436321	28.724375
43.436321	28.741362
44.953136	28.741362
44.953136	28.759683
47.658874	28.759683
47.658874	28.775337
49.794096	28.775337
49.794096	28.785105
51.546827	28.785105
51.546827	28.797603
54.386151	28.797603
54.386151	28.816328
56.435661	28.816328
56.435661	28.837656
57.971161	28.837656
57.971161	28.871515
60.099585	28.871515
60.099585	28.918011
61.595156	28.918011
61.595156	28.956135
62.761565	28.956135
62.761565	28.990169
64.530435	28.990169
64.530435	29.014299
66.022196	29.014299
66.022196	29.026745
67.360887	29.026745
67.360887	29.036787
69.431974	29.036787
69.431974	29.045540
71.257392	29.045540
71.257392	29.052134
72.882052	29.052134
& cycle # 2, chisq = 1018.294469, e = 40.709984
0.000000	27.708747
0.262953	27.708747
0.262953	28.285067
0.570842	28.285067
0.570842	28.320171
0.769803	28.320171
0.769803	28.346721
1.167237	28.346721
1.167237	28.372003
1.540136	28.372003
1.540136	28.389028
1.838662	28.389028
1.838662	28.408917
2.542463	28.408917
2.542463	28.430357
3.204975	28.430357
3.204975	28.445522
3.752297	28.445522
3.752297	28.463512
5.009737	28.463512
5.009737	28.482690
6.174133	28.482690
6.174133	28.496133
7.147820	28.496133
7.147820	28.511548
9.319196	28.511548
9.319196	28.527107
11.324402	28.527107
11.324402	28.537145
13.026223	28.537145
13.026223	28.546679
16.729485	28.546679
16.729485	28.554277
19.992521	28.554277
19.992521	28.559211
22.624377	28.559211
22.624377	28.567122
27.396611	28.567122
27.396611	28.581731
30.567443	28.581731
30.567443	28.600380
32.650191	28.600380
32.650191	28.634634
35.696593	28.634634
35.696593	28.680067
37.613983	28.680067
37.613983	28.706648
39.048765	28.706648
39.048765	28.729451
41.547488	28.729451
41.547488	28.753529
43.436321	28.753529
43.436321	28.772547
44.953136	28.772547
44.953136	28.793063
47.658874	28.793063
47.658874	28.810601
49.794096	28.810601
49.794096	28.821554
51.546827	28.821554
51.546827	28.835576
54.386151	28.835576
54.386151	28.856591
56.435661	28.856591
56.435661	28.880531
57.971161	28.880531
57.971161	28.918543
60.099585	28.918543
60.099585	28.970750
61.595156	28.970750
61.595156	29.013566
62.761565	29.013566
62.761565	29.051806
64.530435	29.051806
64.530435	29.078940
66.022196	29.078940
66.022196	29.092952
67.360887	29.092952
67.360887	29.104277
69.431974	29.104277
69.431974	29.114165
71.257392	29.114165
71.257392	29.121628
72.882052	29.121628
& cycle # 4, chisq = 1254.282600, e = 40.709984
0.000000	27.877830
0.262953	27.877830
0.262953	28.404722
0.570842	28.404722
0.570842	28.427393
0.769803	28.427393
0.769803	28.444330
1.167237	28.444330
1.167237	28.460386
1.540136	28.460386
1.540136	28.471165
1.838662	28.471165
1.838662	28.483728
2.542463	28.483728
2.542463	28.497244
3.204975	28.497244
3.204975	28.506786
3.752297	28.506786
3.752297	28.518087
5.009737	28.518087
5.009737	28.530114
6.174133	28.530114
6.174133	28.538533
7.147820	28.538533
7.147820	28.548172
9.319196	28.548172
9.319196	28.557887
11.324402	28.557887
11.324402	28.564145
13.026223	28.564145
13.026223	28.570075
16.729485	28.570075
16.729485	28.574778
19.992521	28.574778
19.992521	28.577808
22.624377	28.577808
22.624377	28.582646
27.396611	28.582646
27.396611	28.591562
30.567443	28.591562
30.567443	28.602931
32.650191	28.602931
32.650191	28.623782
35.696593	28.623782
35.696593	28.651368
37.613983	28.651368
37.613983	28.667422
39.048765	28.667422
39.048765	28.681077
41.547488	28.681077
41.547488	28.695409
43.436321	28.695409
43.436321	28.706690
44.953136	28.706690
44.953136	28.718799
47.658874	28.718799
47.658874	28.729045
49.794096	28.729045
49.794096	28.735339
51.546827	28.735339
51.546827	28.743290
54.386151	28.743290
54.386151	28.755142
56.435661	28.755142
56.435661	28.768613
57.971161	28.768613
57.971161	28.789967
60.099585	28.789967
60.099585	28.819238
61.595156	28.819238
61.595156	28.843181
62.761565	28.843181
62.761565	28.864469
64.530435	28.864469
64.530435	28.879459
66.022196	28.879459
66.022196	28.887107
67.360887	28.887107
67.360887	28.893200
69.431974	28.893200
69.431974	28.898443
71.257392	28.898443
71.257392	28.902340
72.882052	28.902340
& cycle # 6, chisq = 538.085351, e = 40.709984
0.000000	27.690273
0.262953	27.690273
0.262953	28.268316
0.570842	28.268316
0.570842	28.304094
0.769803	28.304094
0.769803	28.331157
1.167237	28.331157
1.167237	28.356925
1.540136	28.356925
1.540136	28.374275
1.838662	28.374275
1.838662	28.394540
2.542463	28.394540
2.542463	28.416383
3.204975	28.416383
3.204975	28.431830
3.752297	28.431830
3.752297	28.450154
5.009737	28.450154
5.009737	28.469687
6.174133	28.469687
6.174133	28.483379
7.147820	28.483379
7.147820	28.499077
9.319196	28.499077
9.319196	28.514921
11.324402	28.514921
11.324402	28.525142
13.026223	28.525142
13.026223	28.534848
16.729485	28.534848
16.729485	28.542581
19.992521	28.542581
19.992521	28.547598
22.624377	28.547598
22.624377	28.555642
27.396611	28.555642
27.396611	28.570492
30.567443	28.570492
30.567443	28.589450
32.650191	28.589450
32.650191	28.624267
35.696593	28.624267
35.696593	28.670440
37.613983	28.670440
37.613983	28.697447
39.048765	28.697447
39.048765	28.720608
41.547488	28.720608
41.547488	28.745057
43.436321	28.745057
43.436321	28.764365
44.953136	28.764365
44.953136	28.785191
47.658874	28.785191
47.658874	28.802987
49.794096	28.802987
49.794096	28.814094
51.546827	28.814094
51.546827	28.828308
54.386151	28.828308
54.386151	28.849607
56.435661	28.849607
56.435661	28.873868
57.971161	28.873868
57.971161	28.912387
60.099585	28.912387
60.099585	28.965287
61.595156	28.965287
61.595156	29.008669
62.761565	29.008669
62.761565	29.047409
64.530435	29.047409
64.530435	29.074891
66.022196	29.074891
66.022196	29.089079
67.360887	29.089079
67.360887	29.100541
69.431974	29.100541
69.431974	29.110544
71.257392	29.110544
71.257392	29.118091
72.882052	29.118091
& cycle # 13, chisq = 1273.184001, e = 40.709984
0.000000	27.676099
0.265391	27.676099
0.265391	28.315619
0.574699	28.315619
0.574699	28.346791
0.774751	28.346791
0.774751	28.370108
1.173440	28.370108
1.173440	28.392260
1.547498	28.392260
1.547498	28.407180
1.847055	28.407180
1.847055	28.424598
2.551462	28.424598
2.551462	28.443388
3.214613	28.443388
3.214613	28.456700
3.762663	28.456700
3.762663	28.472494
5.018691	28.472494
5.018691	28.489347
6.182030	28.489347
6.182030	28.501185
7.155184	28.501185
7.155184	28.514767
9.320298	28.514767
9.320298	28.528508
11.320188	28.528508
11.320188	28.537418
13.018198	28.537418
13.018198	28.545912
16.707457	28.545912
16.707457	28.552589
19.968548	28.552589
19.968548	28.556740
22.610417	28.556740
22.610417	28.563229
27.418684	28.563229
27.418684	28.575291
30.628963	28.575291
30.628963	28.591129
32.732688	28.591129
32.732688	28.621790
35.756477	28.621790
35.756477	28.665188
37.618890	28.665188
37.618890	28.690713
39.011735	28.690713
39.011735	28.709929
41.481140	28.709929
41.481140	28.728103
43.395698	28.728103
43.395698	28.742646
44.949115	28.742646
44.949115	28.759896
47.703234	28.759896
47.703234	28.776614
49.844980	28.776614
49.844980	28.787729
51.585584	28.787729
51.585584	28.801070
54.389083	28.801070
54.389083	28.819795
56.418629	28.819795
56.418629	28.840546
57.946599	28.840546
57.946599	28.873106
60.074306	28.873106
60.074306	28.917460
61.578777	28.917460
61.578777	28.953740
62.755361	28.953740
62.755361	28.986052
64.537780	28.986052
64.537780	29.008638
66.040418	29.008638
66.040418	29.019799
67.387796	29.019799
67.387796	29.028286
69.464499	29.028286
69.464499	29.035470
71.285421	29.035470
71.285421	29.041021
72.893279	29.041021
& cycle # 2, chisq = 981.467406, e = 40.590459
0.000000	27.697349
0.265391	27.697349
0.265391	28.272554
0.574699	28.272554
0.574699	28.308057
0.774751	28.308057
0.774751	28.334913
1.173440	28.334913
1.173440	28.360481
1.547498	28.360481
1.547498	28.377707
1.847055	28.377707
1.847055	28.397809
2.551462	28.397809
2.551462	28.419475
3.214613	28.419475
3.214613	28.434812
3.762663	28.434812
3.762663	28.452991
5.018691	28.452991
5.018691	28.472374
6.182030	28.472374
6.182030	28.485980
7.155184	28.485980
7.155184	28.501580
9.320298	28.501580
9.320298	28.517355
11.320188	28.517355
11.320188	28.527580
13.018198	28.527580
13.018198	28.537321
16.707457	28.537321
16.707457	28.544969
19.968548	28.544969
19.968548	28.549714
22.610417	28.549714
22.610417	28.557123
27.418684	28.557123
27.418684	28.570889
30.628963	28.570889
30.628963	28.588961
32.732688	28.588961
32.732688	28.623939
35.756477	28.623939
35.756477	28.673432
37.618890	28.673432
37.618890	28.702523
39.011735	28.702523
39.011735	28.724398
41.481140	28.724398
41.481140	28.745067
43.395698	28.745067
43.395698	28.761601
44.949115	28.761601
44.949115	28.781209
47.703234	28.781209
47.703234	28.800205
49.844980	28.800205
49.844980	28.812830
51.585584	28.812830
51.585584	28.827975
54.389083	28.827975
54.389083	28.849228
56.418629	28.849228
56.418629	28.872779
57.946599	28.872779
57.946599	28.909734
60.074306	28.909734
60.074306	28.960076
61.578777	28.960076
61.578777	29.001257
62.755361	29.001257
62.755361	29.037938
64.537780	29.037938
64.537780	29.063587
66.040418	29.063587
66.040418	29.076271
67.387796	29.076271
67.387796	29.085928
69.464499	29.085928
69.464499	29.094114
71.285421	29.094114
71.285421	29.100450
72.893279	29.100450
& cycle # 4, chisq = 1225.638843, e = 40.590459
0.000000	27.850568
0.265391	27.850568
0.265391	28.414880
0.574699	28.414880
0.574699	28.436603
0.774751	28.436603
0.774751	28.452700
1.173440	28.452700
1.173440	28.467925
1.547498	28.467925
1.547498	28.478144
1.847055	28.478144
1.847055	28.490039
2.551462	28.490039
2.551462	28.502833
3.214613	28.502833
3.214613	28.511874
3.762663	28.511874
3.762663	28.522571
5.018691	28.522571
5.018691	28.533958
6.182030	28.533958
6.182030	28.541938
7.155184	28.541938
7.155184	28.551073
9.320298	28.551073
9.320298	28.560295
11.320188	28.560295
11.320188	28.566264
13.018198	28.566264
13.018198	28.571938
16.707457	28.571938
16.707457	28.576374
19.968548	28.576374
19.968548	28.579108
22.610417	28.579108
22.610417	28.583358
27.418684	28.583358
27.418684	28.591241
30.628963	28.591241
30.628963	28.601579
32.732688	28.601579
32.732688	28.621568
35.756477	28.621568
35.756477	28.649800
37.618890	28.649800
37.618890	28.666328
39.011735	28.666328
39.011735	28.678654
41.481140	28.678654
41.481140	28.690215
43.395698	28.690215
43.395698	28.699424
44.949115	28.699424
44.949115	28.710295
47.703234	28.710295
47.703234	28.720744
49.844980	28.720744
49.844980	28.727599
51.585584	28.727599
51.585584	28.735712
54.389083	28.735712
54.389083	28.747013
56.418629	28.747013
56.418629	28.759497
57.946599	28.759497
57.946599	28.779051
60.074306	28.779051
60.074306	28.805638
61.578777	28.805638
61.578777	28.827330
62.755361	28.827330
62.755361	28.846566
64.537780	28.846566
64.537780	28.859911
66.040418	28.859911
66.040418	28.866418
67.387796	28.866418
67.387796	28.871275
69.464499	28.871275
69.464499	28.875296
71.285421	28.875296
71.285421	28.878335
72.893279	28.878335
& cycle # 6, chisq = 490.739312, e = 40.590459
0.000000	27.625156
0.265391	27.625156
0.265391	28.262223
0.574699	28.262223
0.574699	28.299448
0.774751	28.299448
0.774751	28.327410
1.173440	28.327410
1.173440	28.353960
1.547498	28.353960
1.547498	28.371816
1.847055	28.371816
1.847055	28.392627
2.551462	28.392627
2.551462	28.415032
3.214613	28.415032
3.214613	28.430878
3.762663	28.430878
3.762663	28.449645
5.018691	28.449645
5.018691	28.469642
6.182030	28.469642
6.182030	28.483667
7.155184	28.483667
7.155184	28.499740
9.320298	28.499740
9.320298	28.515982
11.320188	28.515982
11.320188	28.526504
13.018198	28.526504
13.018198	28.536520
16.707457	28.536520
16.707457	28.544373
19.968548	28.544373
19.968548	28.549234
22.610417	28.549234
22.610417	28.556812
27.418684	28.556812
27.418684	28.570885
30.628963	28.570885
30.628963	28.589356
32.732688	28.589356
32.732688	28.625098
35.756477	28.625098
35.756477	28.675648
37.618890	28.675648
37.618890	28.705334
39.011735	28.705334
39.011735	28.727614
41.481140	28.727614
41.481140	28.748633
43.395698	28.748633
43.395698	28.765431
44.949115	28.765431
44.949115	28.785335
47.703234	28.785335
47.703234	28.804591
49.844980	28.804591
49.844980	28.817358
51.585584	28.817358
51.585584	28.832636
54.389083	28.832636
54.389083	28.854048
56.418629	28.854048
56.418629	28.877763
57.946599	28.877763
57.946599	28.914964
60.074306	28.914964
60.074306	28.965627
61.578777	28.965627
61.578777	29.007055
62.755361	29.007055
62.755361	29.043933
64.537780	29.043933
64.537780	29.069692
66.040418	29.069692
66.040418	29.082407
67.387796	29.082407
67.387796	29.092064
69.464499	29.092064
69.464499	29.100228
71.285421	29.100228
71.285421	29.106531
72.893279	29.106531
& cycle # 7, chisq = 1256.981355, e = 40.590459
0.000000	27.678183
0.265391	27.678183
0.265391	28.279099
0.574699	28.279099
0.574699	28.314284
0.774751	28.314284
0.774751	28.340823
1.173440	28.340823
1.173440	28.366072
1.547498	28.366072
1.547498	28.383079
1.847055	28.383079
1.847055	28.402923
2.551462	28.402923
2.551462	28.424312
3.214613	28.424312
3.214613	28.439452
3.762663	28.439452
3.762663	28.457398
5.018691	28.457398
5.018691	28.476533
6.182030	28.476533
6.182030	28.489964
7.155184	28.489964
7.155184	28.505365
9.320298	28.505365
9.320298	28.520938
11.320188	28.520938
11.320188	28.531032
13.018198	28.531032
13.018198	28.540650
16.707457	28.540650
16.707457	28.548201
19.968548	28.548201
19.968548	28.552887
22.610417	28.552887
22.610417	28.560204
27.418684	28.560204
27.418684	28.573801
30.628963	28.573801
30.628963	28.591650
32.732688	28.591650
32.732688	28.626198
35.756477	28.626198
35.756477	28.675081
37.618890	28.675081
37.618890	28.703813
39.011735	28.703813
39.011735	28.725417
41.481140	28.725417
41.481140	28.745830
43.395698	28.745830
43.395698	28.762158
44.949115	28.762158
44.949115	28.781519
47.703234	28.781519
47.703234	28.800274
49.844980	28.800274
49.844980	28.812736
51.585584	28.812736
51.585584	28.827681
54.389083	28.827681
54.389083	28.848652
56.418629	28.848652
56.418629	28.871888
57.946599	28.871888
57.946599	28.908346
60.074306	28.908346
60.074306	28.958010
61.578777	28.958010
61.578777	28.998632
62.755361	28.998632
62.755361	29.034812
64.537780	29.034812
64.537780	29.060103
66.040418	29.060103
66.040418	29.072605
67.387796	29.072605
67.387796	29.082117
69.464499	29.082117
69.464499	29.090173
71.285421	29.090173
71.285421	29.096404
72.893279	29.096404
& cycle # 13, chisq = 1200.200596, e = 40.590459
0.000000	27.847463
0.241151	27.847463
0.241151	28.292144
0.533731	28.292144
0.533731	28.324641
0.721554	28.324641
0.721554	28.349539
1.103474	28.349539
1.103474	28.373391
1.461956	28.373391
1.461956	28.389418
1.748182	28.389418
1.748182	28.408333
2.436553	28.408333
2.436553	28.428778
3.084026	28.428778
3.084026	28.443178
3.617424	28.443178
3.617424	28.460405
4.866211	28.460405
4.866211	28.478800
6.020667	28.478800
6.020667	28.491631
6.983380	28.491631
6.983380	28.506456
9.169303	28.506456
9.169303	28.521440
11.184358	28.521440
11.184358	28.531056
12.889948	28.531056
12.889948	28.540204
16.667941	28.540204
16.667941	28.547357
19.987804	28.547357
19.987804	28.551893
22.652847	28.551893
22.652847	28.559348
27.522422	28.559348
27.522422	28.573646
30.685750	28.573646
30.685750	28.592467
32.719326	28.592467
32.719326	28.627886
35.682820	28.627886
35.682820	28.673412
37.546434	28.673412
37.546434	28.697252
38.964130	28.697252
38.964130	28.716638
41.511015	28.716638
41.511015	28.737944
43.436861	28.737944
43.436861	28.755913
44.970139	28.755913
44.970139	28.777127
47.703328	28.777127
47.703328	28.796540
49.819490	28.796540
49.819490	28.808413
51.544435	28.808413
51.544435	28.822539
54.377721	28.822539
54.377721	28.842931
56.420438	28.842931
56.420438	28.865975
57.950096	28.865975
57.950096	28.903068
60.093771	28.903068
60.093771	28.954744
61.589768	28.954744
61.589768	28.997409
62.751396	28.997409
62.751396	29.035943
64.530592	29.035943
64.530592	29.063643
66.026175	29.063643
66.026175	29.078415
67.365391	29.078415
67.365391	29.091284
69.456381	29.091284
69.456381	29.103479
71.292913	29.103479
71.292913	29.113138
72.926421	29.113138
& cycle # 2, chisq = 1223.851311, e = 41.630488
0.000000	28.005428
0.241151	28.005428
0.241151	28.412117
0.533731	28.412117
0.533731	28.433455
0.721554	28.433455
0.721554	28.449667
1.103474	28.449667
1.103474	28.465137
1.461956	28.465137
1.461956	28.475501
1.748182	28.475501
1.748182	28.487703
2.436553	28.487703
2.436553	28.500863
3.084026	28.500863
3.084026	28.510112
3.617424	28.510112
3.617424	28.521156
4.866211	28.521156
4.866211	28.532926
6.020667	28.532926
6.020667	28.541120
6.983380	28.541120
6.983380	28.550572
9.169303	28.550572
9.169303	28.560109
11.184358	28.560109
11.184358	28.566219
12.889948	28.566219
12.889948	28.572018
16.667941	28.572018
16.667941	28.576529
19.987804	28.576529
19.987804	28.579367
22.652847	28.579367
22.652847	28.584009
27.522422	28.584009
27.522422	28.592896
30.685750	28.592896
30.685750	28.604583
32.719326	28.604583
32.719326	28.626548
35.682820	28.626548
35.682820	28.654711
37.546434	28.654711
37.546434	28.669376
38.964130	28.669376
38.964130	28.681183
41.511015	28.681183
41.511015	28.694077
43.436861	28.694077
43.436861	28.704918
44.970139	28.704918
44.970139	28.717661
47.703328	28.717661
47.703328	28.729225
49.819490	28.729225
49.819490	28.736193
51.544435	28.736193
51.544435	28.744359
54.377721	28.744359
54.377721	28.756061
56.420438	28.756061
56.420438	28.769248
57.950096	28.769248
57.950096	28.790438
60.093771	28.790438
60.093771	28.819901
61.589768	28.819901
61.589768	28.844161
62.751396	28.844161
62.751396	28.865974
64.530592	28.865974
64.530592	28.881532
66.026175	28.881532
66.026175	28.889734
67.365391	28.889734
67.365391	28.896799
69.456381	28.896799
69.456381	28.903438
71.292913	28.903438
71.292913	28.908661
72.926421	28.908661
& cycle # 6, chisq = 552.169547, e = 41.630488
0.000000	27.735622
0.241151	27.735622
0.241151	28.210481
0.533731	28.210481
0.533731	28.251742
0.721554	28.251742
0.721554	28.283219
1.103474	28.283219
1.103474	28.313253
1.461956	28.313253
1.461956	28.333362
1.748182	28.333362
1.748182	28.357017
2.436553	28.357017
2.436553	28.382511
3.084026	28.382511
3.084026	28.400417
3.617424	28.400417
3.617424	28.421786
4.866211	28.421786
4.866211	28.444551
6.020667	28.444551
6.020667	28.460397
6.983380	28.460397
6.983380	28.478670
9.169303	28.478670
9.169303	28.497108
11.184358	28.497108
11.184358	28.508922
12.889948	28.508922
12.889948	28.520138
16.667941	28.520138
16.667941	28.528876
19.987804	28.528876
19.987804	28.534383
22.652847	28.534383
22.652847	28.543406
27.522422	28.543406
27.522422	28.560692
30.685750	28.560692
30.685750	28.583434
32.719326	28.583434
32.719326	28.626206
35.682820	28.626206
35.682820	28.681124
37.546434	28.681124
37.546434	28.709812
38.964130	28.709812
38.964130	28.733046
41.511015	28.733046
41.511015	28.758520
43.436861	28.758520
43.436861	28.779986
44.970139	28.779986
44.970139	28.805305
47.703328	28.805305
47.703328	28.828434
49.819490	28.828434
49.819490	28.842539
51.544435	28.842539
51.544435	28.859272
54.377721	28.859272
54.377721	28.883398
56.420438	28.883398
56.420438	28.910649
57.950096	28.910649
57.950096	28.954508
60.093771	28.954508
60.093771	29.015601
61.589768	29.015601
61.589768	29.066031
62.751396	29.066031
62.751396	29.111567
64.530592	29.111567
64.530592	29.144289
66.026175	29.144289
66.026175	29.161733
67.365391	29.161733
67.365391	29.176925
69.456381	29.176925
69.456381	29.191324
71.292913	29.191324
71.292913	29.202730
72.926421	29.202730
& cycle # 7, chisq = 1668.901820, e = 41.630488
0.000000	27.807996
0.241151	27.807996
0.241151	28.247876
0.533731	28.247876
0.533731	28.284724
0.721554	28.284724
0.721554	28.312974
1.103474	28.312974
1.103474	28.340018
1.461956	28.340018
1.461956	28.358176
1.748182	28.358176
1.748182	28.379591
2.436553	28.379591
2.436553	28.402726
3.084026	28.402726
3.084026	28.419013
3.617424	28.419013
3.617424	28.438492
4.866211	28.438492
4.866211	28.459286
6.020667	28.459286
6.020667	28.473786
6.983380	28.473786
6.983380	28.490535
9.169303	28.490535
9.169303	28.507460
11.184358	28.507460
11.184358	28.518319
12.889948	28.518319
12.889948	28.528644
16.667941	28.528644
16.667941	28.536712
19.987804	28.536712
19.987804	28.541822
22.652847	28.541822
22.652847	28.550215
27.522422	28.550215
27.522422	28.566309
30.685750	28.566309
30.685750	28.587493
32.719326	28.587493
32.719326	28.627359
35.682820	28.627359
35.682820	28.678598
37.546434	28.678598
37.546434	28.705429
38.964130	28.705429
38.964130	28.727247
41.511015	28.727247
41.511015	28.751227
43.436861	28.751227
43.436861	28.771455
44.970139	28.771455
44.970139	28.795342
47.703328	28.795342
47.703328	28.817211
49.819490	28.817211
49.819490	28.830601
51.544435	28.830601
51.544435	28.846548
54.377721	28.846548
54.377721	28.869582
56.420438	28.869582
56.420438	28.895616
57.950096	28.895616
57.950096	28.937530
60.093771	28.937530
60.093771	28.995936
61.589768	28.995936
61.589768	29.044171
62.751396	29.044171
62.751396	29.087760
64.530592	29.087760
64.530592	29.119124
66.026175	29.119124
66.026175	29.135874
67.365391	29.135874
67.365391	29.150487
69.456381	29.150487
69.456381	29.164352
71.292913	29.164352
71.292913	29.175344
72.926421	29.175344
& cycle # 13, chisq = 1507.642403, e = 41.630488
0.000000	27.676379
0.267836	27.676379
0.267836	28.294951
0.578701	28.294951
0.578701	28.327535
0.779915	28.327535
0.779915	28.352015
1.180090	28.352015
1.180090	28.375294
1.555526	28.375294
1.555526	28.390987
1.856280	28.390987
1.856280	28.409292
2.561861	28.409292
2.561861	28.429028
3.226178	28.429028
3.226178	28.443015
3.775372	28.443015
3.775372	28.459588
5.031257	28.459588
5.031257	28.477264
6.194689	28.477264
6.194689	28.489685
7.168235	28.489685
7.168235	28.503920
9.329679	28.503920
9.329679	28.518319
11.326590	28.518319
11.326590	28.527664
13.022593	28.527664
13.022593	28.536584
16.699737	28.536584
16.699737	28.543629
19.951341	28.543629
19.951341	28.548010
22.587933	28.548010
22.587933	28.554785
27.386654	28.554785
27.386654	28.567277
30.602725	28.567277
30.602725	28.583631
32.716390	28.583631
32.716390	28.615424
35.751064	28.615424
35.751064	28.661230
37.612486	28.661230
37.612486	28.688813
38.999747	28.688813
38.999747	28.709222
41.459518	28.709222
41.459518	28.727690
43.378616	28.727690
43.378616	28.742373
44.941192	28.742373
44.941192	28.760281
47.705761	28.760281
47.705761	28.778390
49.848334	28.778390
49.848334	28.790811
51.585305	28.790811
51.585305	28.805533
54.378715	28.805533
54.378715	28.825690
56.408457	28.825690
56.408457	28.847807
57.942314	28.847807
57.942314	28.882639
60.081359	28.882639
60.081359	28.930779
61.594396	28.930779
61.594396	28.971259
62.774491	28.971259
62.774491	29.008795
64.552262	29.008795
64.552262	29.036610
66.047319	29.036610
66.047319	29.051594
67.388728	29.051594
67.388728	29.064148
69.463155	29.064148
69.463155	29.075423
71.303410	29.075423
71.303410	29.083845
72.957313	29.083845
& cycle # 2, chisq = 1111.421108, e = 40.483303
0.000000	27.667068
0.267836	27.667068
0.267836	28.273098
0.578701	28.273098
0.578701	28.308332
0.779915	28.308332
0.779915	28.334885
1.180090	28.334885
1.180090	28.360134
1.555526	28.360134
1.555526	28.377148
1.856280	28.377148
1.856280	28.396977
2.561861	28.396977
2.561861	28.418344
3.226178	28.418344
3.226178	28.433476
3.775372	28.433476
3.775372	28.451397
5.031257	28.451397
5.031257	28.470501
6.194689	28.470501
6.194689	28.483920
7.168235	28.483920
7.168235	28.499294
9.329679	28.499294
9.329679	28.514841
11.326590	28.514841
11.326590	28.524928
13.022593	28.524928
13.022593	28.534552
16.699737	28.534552
16.699737	28.542146
19.951341	28.542146
19.951341	28.546862
22.587933	28.546862
22.587933	28.554147
27.386654	28.554147
27.386654	28.567573
30.602725	28.567573
30.602725	28.585149
32.716390	28.585149
32.716390	28.619309
35.751064	28.619309
35.751064	28.668517
37.612486	28.668517
37.612486	28.698135
38.999747	28.698135
38.999747	28.720031
41.459518	28.720031
41.459518	28.739830
43.378616	28.739830
43.378616	28.755565
44.941192	28.755565
44.941192	28.774752
47.705761	28.774752
47.705761	28.794147
49.848334	28.794147
49.848334	28.807441
51.585305	28.807441
51.585305	28.823190
54.378715	28.823190
54.378715	28.844746
56.408457	28.844746
56.408457	28.868394
57.942314	28.868394
57.942314	28.905637
60.081359	28.905637
60.081359	28.957106
61.594396	28.957106
61.594396	29.000383
62.774491	29.000383
62.774491	29.040510
64.552262	29.040510
64.552262	29.070243
66.047319	29.070243
66.047319	29.086257
67.388728	29.086257
67.388728	29.099674
69.463155	29.099674
69.463155	29.111724
71.303410	29.111724
71.303410	29.120724
72.957313	29.120724
& cycle # 4, chisq = 1254.736438, e = 40.483303
0.000000	27.578541
0.267836	27.578541
0.267836	28.231912
0.578701	28.231912
0.578701	28.270148
0.779915	28.270148
0.779915	28.298975
1.180090	28.298975
1.180090	28.326428
1.555526	28.326428
1.555526	28.344957
1.856280	28.344957
1.856280	28.366591
2.561861	28.366591
2.561861	28.389943
3.226178	28.389943
3.226178	28.406510
3.775372	28.406510
3.775372	28.426162
5.031257	28.426162
5.031257	28.447143
6.194689	28.447143
6.194689	28.461900
7.168235	28.461900
7.168235	28.478829
9.329679	28.478829
9.329679	28.495968
11.326590	28.495968
11.326590	28.507102
13.022593	28.507102
13.022593	28.517745
16.699737	28.517745
16.699737	28.526173
19.951341	28.526173
19.951341	28.531438
22.587933	28.531438
22.587933	28.539605
27.386654	28.539605
27.386654	28.554680
30.602725	28.554680
30.602725	28.574429
32.716390	28.574429
32.716390	28.612848
35.751064	28.612848
35.751064	28.668264
37.612486	28.668264
37.612486	28.701714
38.999747	28.701714
38.999747	28.726589
41.459518	28.726589
41.459518	28.749213
43.378616	28.749213
43.378616	28.767253
44.941192	28.767253
44.941192	28.789323
47.705761	28.789323
47.705761	28.811749
49.848334	28.811749
49.848334	28.827248
51.585305	28.827248
51.585305	28.845772
54.378715	28.845772
54.378715	28.871268
56.408457	28.871268
56.408457	28.899304
57.942314	28.899304
57.942314	28.943514
60.081359	28.943514
60.081359	29.004689
61.594396	29.004689
61.594396	29.056215
62.774491	29.056215
62.774491	29.104119
64.552262	29.104119
64.552262	29.139772
66.047319	29.139772
66.047319	29.159097
67.388728	29.159097
67.388728	29.175388
69.463155	29.175388
69.463155	29.190088
71.303410	29.190088
71.303410	29.201105
72.957313	29.201105
& cycle # 5, chisq = 1614.712397, e = 40.483303
0.000000	27.822702
0.267836	27.822702
0.267836	28.441514
0.578701	28.441514
0.578701	28.460894
0.779915	28.460894
0.779915	28.474996
1.180090	28.474996
1.180090	28.488270
1.555526	28.488270
1.555526	28.497167
1.856280	28.497167
1.856280	28.507509
2.561861	28.507509
2.561861	28.518630
3.226178	28.518630
3.226178	28.526494
3.775372	28.526494
3.775372	28.535796
5.031257	28.535796
5.031257	28.545701
6.194689	28.545701
6.194689	28.552651
7.168235	28.552651
7.168235	28.560604
9.329679	28.560604
9.329679	28.568638
11.326590	28.568638
11.326590	28.573844
13.022593	28.573844
13.022593	28.578803
16.699737	28.578803
16.699737	28.582702
19.951341	28.582702
19.951341	28.585110
22.587933	28.585110
22.587933	28.588813
27.386654	28.588813
27.386654	28.595629
30.602725	28.595629
30.602725	28.604544
32.716390	28.604544
32.716390	28.621854
35.751064	28.621854
35.751064	28.646751
37.612486	28.646751
37.612486	28.661689
38.999747	28.661689
38.999747	28.672657
41.459518	28.672657
41.459518	28.682506
43.378616	28.682506
43.378616	28.690303
44.941192	28.690303
44.941192	28.699772
47.705761	28.699772
47.705761	28.709282
49.848334	28.709282
49.848334	28.715734
51.585305	28.715734
51.585305	28.723291
54.378715	28.723291
54.378715	28.733559
56.408457	28.733559
56.408457	28.744790
57.942314	28.744790
57.942314	28.762446
60.081359	28.762446
60.081359	28.786806
61.594396	28.786806
61.594396	28.807244
62.774491	28.807244
62.774491	28.826126
64.552262	28.826126
64.552262	28.840035
66.047319	28.840035
66.047319	28.847463
67.388728	28.847463
67.388728	28.853635
69.463155	28.853635
69.463155	28.859144
71.303410	28.859144
71.303410	28.863238
72.957313	28.863238
& cycle # 6, chisq = 430.263015, e = 40.483303
0.000000	27.570648
0.267836	27.570648
0.267836	28.205083
0.578701	28.205083
0.578701	28.249101
0.779915	28.249101
0.779915	28.282171
1.180090	28.282171
1.180090	28.313482
1.555526	28.313482
1.555526	28.334493
1.856280	28.334493
1.856280	28.358885
2.561861	28.358885
2.561861	28.385069
3.226178	28.385069
3.226178	28.403549
3.775372	28.403549
3.775372	28.425360
5.031257	28.425360
5.031257	28.448542
6.194689	28.448542
6.194689	28.464777
7.168235	28.464777
7.168235	28.483330
9.329679	28.483330
9.329679	28.502045
11.326590	28.502045
11.326590	28.514161
13.022593	28.514161
13.022593	28.525689
16.699737	28.525689
16.699737	28.534737
19.951341	28.534737
19.951341	28.540309
22.587933	28.540309
22.587933	28.548867
27.386654	28.548867
27.386654	28.564609
30.602725	28.564609
30.602725	28.585198
32.716390	28.585198
32.716390	28.625178
35.751064	28.625178
35.751064	28.682688
37.612486	28.682688
37.612486	28.717204
38.999747	28.717204
38.999747	28.742572
41.459518	28.742572
41.459518	28.765382
43.378616	28.765382
43.378616	28.783459
44.941192	28.783459
44.941192	28.805452
47.705761	28.805452
47.705761	28.827601
49.848334	28.827601
49.848334	28.842700
51.585305	28.842700
51.585305	28.860477
54.378715	28.860477
54.378715	28.884718
56.408457	28.884718
56.408457	28.911272
57.942314	28.911272
57.942314	28.953061
60.081359	28.953061
60.081359	29.010774
61.594396	29.010774
61.594396	29.059261
62.774491	29.059261
62.774491	29.104160
64.552262	29.104160
64.552262	29.137360
66.047319	29.137360
66.047319	29.155189
67.388728	29.155189
67.388728	29.170087
69.463155	29.170087
69.463155	29.183441
71.303410	29.183441
71.303410	29.193401
72.957313	29.193401
& cycle # 7, chisq = 1605.425094, e = 40.483303
0.000000	27.885853
0.229212	27.885853
0.229212	28.279492
0.513262	28.279492
0.513262	28.312906
0.694893	28.312906
0.694893	28.338579
1.068177	28.338579
1.068177	28.363215
1.418638	28.363215
1.418638	28.379726
1.698021	28.379726
1.698021	28.399310
2.377973	28.399310
2.377973	28.420494
3.017217	28.420494
3.017217	28.435365
3.542959	28.435365
3.542959	28.453235
4.787778	28.453235
4.787778	28.472323
5.937410	28.472323
5.937410	28.485589
6.894529	28.485589
6.894529	28.500973
9.091276	28.500973
9.091276	28.516515
11.114142	28.516515
11.114142	28.526434
12.823555	28.526434
12.823555	28.535860
16.648757	28.535860
16.648757	28.543221
19.999116	28.543221
19.999116	28.547942
22.675393	28.547942
22.675393	28.555889
27.575536	28.555889
27.575536	28.571310
30.714747	28.571310
30.714747	28.591500
32.715854	28.591500
32.715854	28.628611
35.662156	28.628611
35.662156	28.673984
37.532429	28.673984
37.532429	28.697143
38.957041	28.697143
38.957041	28.717763
41.512481	28.717763
41.512481	28.741772
43.415106	28.741772
43.415106	28.761469
44.923217	28.761469
44.923217	28.783058
47.654596	28.783058
47.654596	28.801041
49.789873	28.801041
49.789873	28.811639
51.536030	28.811639
51.536030	28.825146
54.416541	28.825146
54.416541	28.845735
56.466717	28.845735
56.466717	28.869384
57.984577	28.869384
57.984577	28.907549
60.105068	28.907549
60.105068	28.959912
61.574613	28.959912
61.574613	29.001247
62.718285	29.001247
62.718285	29.036271
64.495501	29.036271
64.495501	29.059377
65.996527	29.059377
65.996527	29.070306
67.341962	29.070306
67.341962	29.078519
69.452121	29.078519
69.452121	29.085220
71.288389	29.085220
71.288389	29.090057
72.897402	29.090057
& cycle # 2, chisq = 1236.587079, e = 42.181620
0.000000	28.040688
0.229212	28.040688
0.229212	28.395873
0.513262	28.395873
0.513262	28.418675
0.694893	28.418675
0.694893	28.436077
1.068177	28.436077
1.068177	28.452723
1.418638	28.452723
1.418638	28.463851
1.698021	28.463851
1.698021	28.477020
2.377973	28.477020
2.377973	28.491238
3.017217	28.491238
3.017217	28.501201
3.542959	28.501201
3.542959	28.513154
4.787778	28.513154
4.787778	28.525901
5.937410	28.525901
5.937410	28.534746
6.894529	28.534746
6.894529	28.544988
9.091276	28.544988
9.091276	28.555319
11.114142	28.555319
11.114142	28.561901
12.823555	28.561901
12.823555	28.568140
16.648757	28.568140
16.648757	28.572985
19.999116	28.572985
19.999116	28.576067
22.675393	28.576067
22.675393	28.581228
27.575536	28.581228
27.575536	28.591225
30.714747	28.591225
30.714747	28.604300
32.715854	28.604300
32.715854	28.628296
35.662156	28.628296
35.662156	28.657553
37.532429	28.657553
37.532429	28.672387
38.957041	28.672387
38.957041	28.685468
41.512481	28.685468
41.512481	28.700622
43.415106	28.700622
43.415106	28.713019
44.923217	28.713019
44.923217	28.726545
47.654596	28.726545
47.654596	28.737702
49.789873	28.737702
49.789873	28.744163
51.536030	28.744163
51.536030	28.752281
54.416541	28.752281
54.416541	28.764587
56.466717	28.764587
56.466717	28.778691
57.984577	28.778691
57.984577	28.801411
60.105068	28.801411
60.105068	28.832522
61.574613	28.832522
61.574613	28.857009
62.718285	28.857009
62.718285	28.877651
64.495501	28.877651
64.495501	28.891138
65.996527	28.891138
65.996527	28.897406
67.341962	28.897406
67.341962	28.901999
69.452121	28.901999
69.452121	28.905620
71.288389	28.905620
71.288389	28.908126
72.897402	28.908126
& cycle # 6, chisq = 595.921429, e = 42.181620
0.000000	27.804213
0.229212	27.804213
0.229212	28.230296
0.513262	28.230296
0.513262	28.269209
0.694893	28.269209
0.694893	28.299039
1.068177	28.299039
1.068177	28.327623
1.418638	28.327623
1.418638	28.346759
1.698021	28.346759
1.698021	28.369437
2.377973	28.369437
2.377973	28.393949
3.017217	28.393949
3.017217	28.411144
3.542959	28.411144
3.542959	28.431792
4.787778	28.431792
4.787778	28.453833
5.937410	28.453833
5.937410	28.469140
6.894529	28.469140
6.894529	28.486882
9.091276	28.486882
9.091276	28.504796
11.114142	28.504796
11.114142	28.516224
12.823555	28.516224
12.823555	28.527078
16.648757	28.527078
16.648757	28.535543
19.999116	28.535543
19.999116	28.540965
22.675393	28.540965
22.675393	28.550084
27.575536	28.550084
27.575536	28.567774
30.714747	28.567774
30.714747	28.590932
32.715854	28.590932
32.715854	28.633497
35.662156	28.633497
35.662156	28.685532
37.532429	28.685532
37.532429	28.712084
38.957041	28.712084
38.957041	28.735718
41.512481	28.735718
41.512481	28.763235
43.415106	28.763235
43.415106	28.785815
44.923217	28.785815
44.923217	28.810571
47.654596	28.810571
47.654596	28.831210
49.789873	28.831210
49.789873	28.843391
51.536030	28.843391
51.536030	28.858934
54.416541	28.858934
54.416541	28.882642
56.466717	28.882642
56.466717	28.909883
57.984577	28.909883
57.984577	28.953856
60.105068	28.953856
60.105068	29.014213
61.574613	29.014213
61.574613	29.061888
62.718285	29.061888
62.718285	29.102333
64.495501	29.102333
64.495501	29.129083
65.996527	29.129083
65.996527	29.141798
67.341962	29.141798
67.341962	29.151428
69.452121	29.151428
69.452121	29.159371
71.288389	29.159371
71.288389	29.165180
72.897402	29.165180
& cycle # 13, chisq = 1579.093295, e = 42.181620
0.000000	27.792377
0.252681	27.792377
0.252681	28.312061
0.553309	28.312061
0.553309	28.342663
0.747002	28.342663
0.747002	28.365903
1.137013	28.365903
1.137013	28.388093
1.503011	28.388093
1.503011	28.403028
1.795664	28.403028
1.795664	28.420566
2.491814	28.420566
2.491814	28.439510
3.146892	28.439510
3.146892	28.452894
3.687388	28.452894
3.687388	28.468847
4.939713	28.468847
4.939713	28.485879
6.098506	28.485879
6.098506	28.497802
7.066304	28.497802
7.066304	28.511532
9.242074	28.511532
9.242074	28.525415
11.249741	28.525415
11.249741	28.534369
12.951631	28.534369
12.951631	28.542897
16.685867	28.542897
16.685867	28.549595
19.976193	28.549595
19.976193	28.553814
22.628890	28.553814
22.628890	28.560581
27.466667	28.560581
27.466667	28.573327
30.653191	28.573327
30.653191	28.590013
32.722595	28.590013
32.722595	28.621733
35.720518	28.621733
35.720518	28.664559
37.584334	28.664559
37.584334	28.688658
38.986183	28.688658
38.986183	28.707981
41.478167	28.707981
41.478167	28.727853
43.382013	28.727853
43.382013	28.743812
44.915419	28.743812
44.915419	28.761886
47.660871	28.761886
47.660871	28.778183
49.807864	28.778183
49.807864	28.788540
51.559892	28.788540
51.559892	28.801499
54.404344	28.801499
54.404344	28.820640
56.447173	28.820640
56.447173	28.842372
57.972348	28.842372
57.972348	28.876977
60.091987	28.876977
60.091987	28.924396
61.577238	28.924396
61.577238	28.962794
62.736271	28.962794
62.736271	28.996590
64.508231	28.996590
64.508231	29.020202
66.004698	29.020202
66.004698	29.032272
67.347849	29.032272
67.347849	29.042119
69.434171	29.042119
69.434171	29.051013
71.265776	29.051013
71.265776	29.058122
72.887755	29.058122
& cycle # 2, chisq = 1036.206102, e = 41.123099
0.000000	27.770601
0.252681	27.770601
0.252681	28.316614
0.553309	28.316614
0.553309	28.346644
0.747002	28.346644
0.747002	28.369399
1.137013	28.369399
1.137013	28.391129
1.503011	28.391129
1.503011	28.405761
1.795664	28.405761
1.795664	28.422952
2.491814	28.422952
2.491814	28.441534
3.146892	28.441534
3.146892	28.454672
3.687388	28.454672
3.687388	28.470342
4.939713	28.470342
4.939713	28.487085
6.098506	28.487085
6.098506	28.498815
7.066304	28.498815
7.066304	28.512333
9.242074	28.512333
9.242074	28.526011
11.249741	28.526011
11.249741	28.534839
12.951631	28.534839
12.951631	28.543254
16.685867	28.543254
16.685867	28.549875
19.976193	28.549875
19.976193	28.554057
22.628890	28.554057
22.628890	28.560777
27.466667	28.560777
27.466667	28.573440
30.653191	28.573440
30.653191	28.590024
32.722595	28.590024
32.722595	28.621559
35.720518	28.621559
35.720518	28.664164
37.584334	28.664164
37.584334	28.688171
38.986183	28.688171
38.986183	28.707466
41.478167	28.707466
41.478167	28.727343
43.382013	28.727343
43.382013	28.743319
44.915419	28.743319
44.915419	28.761432
47.660871	28.761432
47.660871	28.777796
49.807864	28.777796
49.807864	28.788231
51.559892	28.788231
51.559892	28.801323
54.404344	28.801323
54.404344	28.820687
56.447173	28.820687
56.447173	28.842682
57.972348	28.842682
57.972348	28.877719
60.091987	28.877719
60.091987	28.925748
61.577238	28.925748
61.577238	28.964660
62.736271	28.964660
62.736271	28.998941
64.508231	28.998941
64.508231	29.022929
66.004698	29.022929
66.004698	29.035222
67.347849	29.035222
67.347849	29.045281
69.434171	29.045281
69.434171	29.054393
71.265776	29.054393
71.265776	29.061696
72.887755	29.061696
& cycle # 4, chisq = 1041.001490, e = 41.123099
0.000000	27.875541
0.252681	27.875541
0.252681	28.408239
0.553309	28.408239
0.553309	28.430616
0.747002	28.430616
0.747002	28.447324
1.137013	28.447324
1.137013	28.463176
1.503011	28.463176
1.503011	28.473799
1.795664	28.473799
1.795664	28.486231
2.491814	28.486231
2.491814	28.499617
3.146892	28.499617
3.146892	28.509048
3.687388	28.509048
3.687388	28.520258
4.939713	28.520258
4.939713	28.532198
6.098506	28.532198
6.098506	28.540536
7.066304	28.540536
7.066304	28.550119
9.242074	28.550119
9.242074	28.559790
11.249741	28.559790
11.249741	28.566016
12.951631	28.566016
12.951631	28.571929
16.685867	28.571929
16.685867	28.576549
19.976193	28.576549
19.976193	28.579434
22.628890	28.579434
22.628890	28.584036
27.466667	28.584036
27.466667	28.592686
30.653191	28.592686
30.653191	28.603997
32.722595	28.603997
32.722595	28.625468
35.720518	28.625468
35.720518	28.654387
37.584334	28.654387
37.584334	28.670572
38.986183	28.670572
38.986183	28.683424
41.478167	28.683424
41.478167	28.696550
43.382013	28.696550
43.382013	28.707051
44.915419	28.707051
44.915419	28.718886
47.660871	28.718886
47.660871	28.729459
49.807864	28.729459
49.807864	28.736076
51.559892	28.736076
51.559892	28.744240
54.404344	28.744240
54.404344	28.756226
56.447173	28.756226
56.447173	28.769800
57.972348	28.769800
57.972348	28.791380
60.091987	28.791380
60.091987	28.820894
61.577238	28.820894
61.577238	28.844730
62.736271	28.844730
62.736271	28.865616
64.508231	28.865616
64.508231	28.880094
66.004698	28.880094
66.004698	28.887401
67.347849	28.887401
67.347849	28.893275
69.434171	28.893275
69.434171	28.898500
71.265776	28.898500
71.265776	28.902622
72.887755	28.902622
& cycle # 6, chisq = 540.394603, e = 41.123099
0.000000	27.729637
0.252681	27.729637
0.252681	28.261481
0.553309	28.261481
0.553309	28.297724
0.747002	28.297724
0.747002	28.325264
1.137013	28.325264
1.137013	28.351534
1.503011	28.351534
1.503011	28.369190
1.795664	28.369190
1.795664	28.389896
2.491814	28.389896
2.491814	28.412229
3.146892	28.412229
3.146892	28.427987
3.687388	28.427987
3.687388	28.446745
4.939713	28.446745
4.939713	28.466752
6.098506	28.466752
6.098506	28.480744
7.066304	28.480744
7.066304	28.496845
9.242074	28.496845
9.242074	28.513116
11.249741	28.513116
11.249741	28.523602
12.951631	28.523602
12.951631	28.533582
16.685867	28.533582
16.685867	28.541409
19.976193	28.541409
19.976193	28.546327
22.628890	28.546327
22.628890	28.554205
27.466667	28.554205
27.466667	28.569036
30.653191	28.569036
30.653191	28.588448
32.722595	28.588448
32.722595	28.625339
35.720518	28.625339
35.720518	28.675127
37.584334	28.675127
37.584334	28.703121
38.986183	28.703121
38.986183	28.725535
41.478167	28.725535
41.478167	28.748566
43.382013	28.748566
43.382013	28.767055
44.915419	28.767055
44.915419	28.787989
47.660871	28.787989
47.660871	28.806856
49.807864	28.806856
49.807864	28.818839
51.559892	28.818839
51.559892	28.833821
54.404344	28.833821
54.404344	28.855949
56.447173	28.855949
56.447173	28.881069
57.972348	28.881069
57.972348	28.921072
60.091987	28.921072
60.091987	28.975890
61.577238	28.975890
61.577238	29.020283
62.736271	29.020283
62.736271	29.059364
64.508231	29.059364
64.508231	29.086680
66.004698	29.086680
66.004698	29.100656
67.347849	29.100656
67.347849	29.112072
69.434171	29.112072
69.434171	29.122397
71.265776	29.122397
71.265776	29.130662
72.887755	29.130662
& cycle # 7, chisq = 1337.082261, e = 41.123099
0.000000	27.752195
0.252681	27.752195
0.252681	28.263944
0.553309	28.263944
0.553309	28.300461
0.747002	28.300461
0.747002	28.328276
1.137013	28.328276
1.137013	28.354828
1.503011	28.354828
1.503011	28.372683
1.795664	28.372683
1.795664	28.393625
2.491814	28.393625
2.491814	28.416219
3.146892	28.416219
3.146892	28.432163
3.687388	28.432163
3.687388	28.451145
4.939713	28.451145
4.939713	28.471393
6.098506	28.471393
6.098506	28.485554
7.066304	28.485554
7.066304	28.501850
9.242074	28.501850
9.242074	28.518318
11.249741	28.518318
11.249741	28.528932
12.951631	28.528932
12.951631	28.539033
16.685867	28.539033
16.685867	28.546955
19.976193	28.546955
19.976193	28.551934
22.628890	28.551934
22.628890	28.559908
27.466667	28.559908
27.466667	28.574920
30.653191	28.574920
30.653191	28.594569
32.722595	28.594569
32.722595	28.631910
35.720518	28.631910
35.720518	28.682309
37.584334	28.682309
37.584334	28.710647
38.986183	28.710647
38.986183	28.733339
41.478167	28.733339
41.478167	28.756657
43.382013	28.756657
43.382013	28.775377
44.915419	28.775377
44.915419	28.796574
47.660871	28.796574
47.660871	28.815681
49.807864	28.815681
49.807864	28.827818
51.559892	28.827818
51.559892	28.842997
54.404344	28.842997
54.404344	28.865415
56.447173	28.865415
56.447173	28.890867
57.972348	28.890867
57.972348	28.931397
60.091987	28.931397
60.091987	28.986938
61.577238	28.986938
61.577238	29.031917
62.736271	29.031917
62.736271	29.071514
64.508231	29.071514
64.508231	29.099191
66.004698	29.099191
66.004698	29.113349
67.347849	29.113349
67.347849	29.124914
69.434171	29.124914
69.434171	29.135372
71.265776	29.135372
71.265776	29.143741
72.887755	29.143741
& cycle # 13, chisq = 1375.573627, e = 41.123099
0.000000	27.832074
0.240012	27.832074
0.240012	28.267270
0.531788	28.267270
0.531788	28.302303
0.719026	28.302303
0.719026	28.329141
1.100133	28.329141
1.100133	28.354825
1.457862	28.354825
1.457862	28.372061
1.743445	28.372061
1.743445	28.392389
2.431030	28.392389
2.431030	28.414343
3.077735	28.414343
3.077735	28.429788
3.610418	28.429788
3.610418	28.448259
4.858843	28.448259
4.858843	28.467970
6.012857	28.467970
6.012857	28.481705
6.975053	28.481705
6.975053	28.497572
9.162000	28.497572
9.162000	28.513600
11.177799	28.513600
11.177799	28.523875
12.883754	28.523875
12.883754	28.533640
16.666027	28.533640
16.666027	28.541271
19.988247	28.541271
19.988247	28.546115
22.653591	28.546115
22.653591	28.554084
27.524384	28.554084
27.524384	28.569341
30.685582	28.569341
30.685582	28.589325
32.717993	28.589325
32.717993	28.626647
35.686938	28.626647
35.686938	28.674333
37.554822	28.674333
37.554822	28.699588
38.971371	28.699588
38.971371	28.720836
41.503691	28.720836
41.503691	28.744364
43.410818	28.744364
43.410818	28.763662
44.931534	28.763662
44.931534	28.785327
47.664526	28.785327
47.664526	28.804140
49.798037	28.804140
49.798037	28.815534
51.541216	28.815534
51.541216	28.829727
54.398804	28.829727
54.398804	28.850914
56.445124	28.850914
56.445124	28.875087
57.968315	28.875087
57.968315	28.913896
60.093300	28.913896
60.093300	28.967303
61.573576	28.967303
61.573576	29.010265
62.725849	29.010265
62.725849	29.047639
64.500187	29.047639
64.500187	29.073151
65.997484	29.073151
65.997484	29.085709
67.340414	29.085709
67.340414	29.095577
69.437652	29.095577
69.437652	29.104245
71.270290	29.104245
71.270290	29.111179
72.883027	29.111179
& cycle # 2, chisq = 1291.476882, e = 41.681912
0.000000	27.685123
0.240012	27.685123
0.240012	28.167457
0.531788	28.167457
0.531788	28.214453
0.719026	28.214453
0.719026	28.250222
1.100133	28.250222
1.100133	28.284281
1.457862	28.284281
1.457862	28.307037
1.743445	28.307037
1.743445	28.333767
2.431030	28.333767
2.431030	28.362528
3.077735	28.362528
3.077735	28.382689
3.610418	28.382689
3.610418	28.406718
4.858843	28.406718
4.858843	28.432278
6.012857	28.432278
6.012857	28.450036
6.975053	28.450036
6.975053	28.470493
9.162000	28.470493
9.162000	28.491107
11.177799	28.491107
11.177799	28.504290
12.883754	28.504290
12.883754	28.516784
16.666027	28.516784
16.666027	28.526498
19.988247	28.526498
19.988247	28.532614
22.653591	28.532614
22.653591	28.542633
27.524384	28.542633
27.524384	28.561785
30.685582	28.561785
30.685582	28.586854
32.717993	28.586854
32.717993	28.633631
35.686938	28.633631
35.686938	28.693312
37.554822	28.693312
37.554822	28.724816
38.971371	28.724816
38.971371	28.751184
41.503691	28.751184
41.503691	28.780303
43.410818	28.780303
43.410818	28.804160
44.931534	28.804160
44.931534	28.830911
47.664526	28.830911
47.664526	28.854086
49.798037	28.854086
49.798037	28.868067
51.541216	28.868067
51.541216	28.885425
54.398804	28.885425
54.398804	28.911304
56.445124	28.911304
56.445124	28.940819
57.968315	28.940819
57.968315	28.988196
60.093300	28.988196
60.093300	29.053386
61.573576	29.053386
61.573576	29.105819
62.725849	29.105819
62.725849	29.151427
64.500187	29.151427
64.500187	29.182559
65.997484	29.182559
65.997484	29.197890
67.340414	29.197890
67.340414	29.209951
69.437652	29.209951
69.437652	29.220563
71.270290	29.220563
71.270290	29.229068
72.883027	29.229068
& cycle # 4, chisq = 1892.031293, e = 41.681912
0.000000	27.743532
0.240012	27.743532
0.240012	28.218742
0.531788	28.218742
0.531788	28.257330
0.719026	28.257330
0.719026	28.286968
1.100133	28.286968
1.100133	28.315403
1.457862	28.315403
1.457862	28.334532
1.743445	28.334532
1.743445	28.357149
2.431030	28.357149
2.431030	28.381631
3.077735	28.381631
3.077735	28.398892
3.610418	28.398892
3.610418	28.419579
4.858843	28.419579
4.858843	28.441697
6.012857	28.441697
6.012857	28.457138
6.975053	28.457138
6.975053	28.475005
9.162000	28.475005
9.162000	28.493084
11.177799	28.493084
11.177799	28.504693
12.883754	28.504693
12.883754	28.515753
16.666027	28.515753
16.666027	28.524442
19.988247	28.524442
19.988247	28.530002
22.653591	28.530002
22.653591	28.539195
27.524384	28.539195
27.524384	28.556823
30.685582	28.556823
30.685582	28.579939
32.717993	28.579939
32.717993	28.623166
35.686938	28.623166
35.686938	28.678536
37.554822	28.678536
37.554822	28.708027
38.971371	28.708027
38.971371	28.733066
41.503691	28.733066
41.503691	28.760946
43.410818	28.760946
43.410818	28.783884
44.931534	28.783884
44.931534	28.809755
47.664526	28.809755
47.664526	28.832431
49.798037	28.832431
49.798037	28.846385
51.541216	28.846385
51.541216	28.864008
54.398804	28.864008
54.398804	28.890469
56.445124	28.890469
56.445124	28.920731
57.968315	28.920731
57.968315	28.969403
60.093300	28.969403
60.093300	29.036526
61.573576	29.036526
61.573576	29.090687
62.725849	29.090687
62.725849	29.138057
64.500187	29.138057
64.500187	29.170714
65.997484	29.170714
65.997484	29.187071
67.340414	29.187071
67.340414	29.200221
69.437652	29.200221
69.437652	29.212072
71.270290	29.212072
71.270290	29.221774
72.883027	29.221774
& cycle # 5, chisq = 1789.535265, e = 41.681912
0.000000	27.974067
0.240012	27.974067
0.240012	28.417712
0.531788	28.417712
0.531788	28.438778
0.719026	28.438778
0.719026	28.454707
1.100133	28.454707
1.100133	28.469890
1.457862	28.469890
1.457862	28.480056
1.743445	28.480056
1.743445	28.492027
2.431030	28.492027
2.431030	28.504938
3.077735	28.504938
3.077735	28.514010
3.610418	28.514010
3.610418	28.524847
4.858843	28.524847
4.858843	28.536397
6.012857	28.536397
6.012857	28.544436
6.975053	28.544436
6.975053	28.553711
9.162000	28.553711
9.162000	28.563069
11.177799	28.563069
11.177799	28.569060
12.883754	28.569060
12.883754	28.574745
16.666027	28.574745
16.666027	28.579172
19.988247	28.579172
19.988247	28.581967
22.653591	28.581967
22.653591	28.586552
27.524384	28.586552
27.524384	28.595318
30.685582	28.595318
30.685582	28.606791
32.717993	28.606791
32.717993	28.628197
35.686938	28.628197
35.686938	28.655495
37.554822	28.655495
37.554822	28.669887
38.971371	28.669887
38.971371	28.681907
41.503691	28.681907
41.503691	28.695158
43.410818	28.695158
43.410818	28.705997
44.931534	28.705997
44.931534	28.718119
47.664526	28.718119
47.664526	28.728562
49.798037	28.728562
49.798037	28.734799
51.541216	28.734799
51.541216	28.742474
54.398804	28.742474
54.398804	28.753870
56.445124	28.753870
56.445124	28.766846
57.968315	28.766846
57.968315	28.787646
60.093300	28.787646
60.093300	28.816220
61.573576	28.816220
61.573576	28.839149
62.725849	28.839149
62.725849	28.859010
64.500187	28.859010
64.500187	28.872462
65.997484	28.872462
65.997484	28.878994
67.340414	28.878994
67.340414	28.884035
69.437652	28.884035
69.437652	28.888373
71.270290	28.888373
71.270290	28.891776
72.883027	28.891776
& cycle # 6, chisq = 525.180396, e = 41.681912
0.000000	27.787478
0.240012	27.787478
0.240012	28.233286
0.531788	28.233286
0.531788	28.272362
0.719026	28.272362
0.719026	28.302234
1.100133	28.302234
1.100133	28.330775
1.457862	28.330775
1.457862	28.349901
1.743445	28.349901
1.743445	28.372431
2.431030	28.372431
2.431030	28.396736
3.077735	28.396736
3.077735	28.413815
3.610418	28.413815
3.610418	28.434220
4.858843	28.434220
4.858843	28.455970
6.012857	28.455970
6.012857	28.471112
6.975053	28.471112
6.975053	28.488586
9.162000	28.488586
9.162000	28.506223
11.177799	28.506223
11.177799	28.517519
12.883754	28.517519
12.883754	28.528245
16.666027	28.528245
16.666027	28.536615
19.988247	28.536615
19.988247	28.541914
22.653591	28.541914
22.653591	28.550622
27.524384	28.550622
27.524384	28.567286
30.685582	28.567286
30.685582	28.589109
32.717993	28.589109
32.717993	28.629854
35.686938	28.629854
35.686938	28.681894
37.554822	28.681894
37.554822	28.709428
38.971371	28.709428
38.971371	28.732558
41.503691	28.732558
41.503691	28.758151
43.410818	28.758151
43.410818	28.779136
44.931534	28.779136
44.931534	28.802687
47.664526	28.802687
47.664526	28.823125
49.798037	28.823125
49.798037	28.835491
51.541216	28.835491
51.541216	28.850882
54.398804	28.850882
54.398804	28.873850
56.445124	28.873850
56.445124	28.900053
57.968315	28.900053
57.968315	28.942121
60.093300	28.942121
60.093300	29.000014
61.573576	29.000014
61.573576	29.046587
62.725849	29.046587
62.725849	29.087108
64.500187	29.087108
64.500187	29.114779
65.997484	29.114779
65.997484	29.128411
67.340414	29.128411
67.340414	29.139138
69.437652	29.139138
69.437652	29.148577
71.270290	29.148577
71.270290	29.156142
72.883027	29.156142
& cycle # 7, chisq = 1499.140136, e = 41.681912
