35.000000	407.795649
33.971000	403.788473
32.403000	399.774977
31.951500	395.747787
31.514000	391.723699
30.201500	387.709826
29.939000	383.641565
29.795500	379.604159
29.690500	375.580270
29.603000	371.421676
29.529500	367.299199
29.466500	363.270310
29.407000	359.017723
29.354500	354.884699
29.305500	350.689880
29.260000	346.490963
29.218000	342.345788
29.179500	338.311413
29.141000	334.045743
29.106000	329.961537
29.071000	325.675661
29.039500	321.641839
29.008000	317.437063
28.976500	313.057810
28.948500	309.015879
28.920500	304.831006
28.892500	300.500898
28.864500	296.023334
28.840000	291.982822
28.815500	287.826395
28.791000	283.552726
28.766500	279.160538
28.742000	274.648608
28.717500	270.015765
28.696500	265.947668
28.675500	261.789234
28.654500	257.539807
28.633500	253.198757
28.612500	248.765474
28.591500	244.239365
28.570500	239.619857
28.549500	234.906391
28.532000	230.906335
28.514500	226.840342
28.497000	222.708107
28.479500	218.509331
28.462000	214.243716
28.444500	209.910970
28.427000	205.510803
28.409500	201.042929
28.392000	196.507064
28.374500	191.902926
28.357000	187.230237
28.339500	182.488723
28.322000	177.678111
28.304500	172.798136
28.287000	167.848534
28.273000	163.838548
28.259000	159.783708
28.245000	155.683887
28.231000	151.538963
28.217000	147.348816
28.203000	143.113330
28.189000	138.832393
28.175000	134.505899
28.161000	130.133745
28.147000	125.715833
28.133000	121.252071
28.119000	116.742373
28.105000	112.186658
28.091000	107.584854
28.077000	102.936891
0.000000	0.000000
& cycle # 2, chisq = 1171.996074, e = 41.282959
35.000000	398.589724
34.951000	394.538321
34.884500	390.367853
34.786500	386.334174
34.482000	382.332621
31.815000	378.324191
30.170000	374.312421
29.851500	370.308028
29.697500	366.296929
29.585500	362.180535
29.498000	358.120158
29.424500	354.056378
29.361500	350.047985
29.305500	346.043400
29.253000	341.884970
29.204000	337.629446
29.158500	333.336990
29.116500	329.069695
29.078000	324.890176
29.043000	320.860265
29.008000	316.603786
28.976500	312.573479
28.945000	308.348908
28.913500	303.924944
28.885500	299.820965
28.857500	295.551705
28.829500	291.113477
28.805000	287.088502
28.780500	282.928808
28.756000	278.631873
28.731500	274.195158
28.707000	269.616113
28.686000	265.575998
28.665000	261.427825
28.644000	257.169984
28.623000	252.800865
28.602000	248.318868
28.581000	243.722399
28.560000	239.009875
28.542500	234.992988
28.525000	230.893519
28.507500	226.710579
28.490000	222.443289
28.472500	218.090780
28.455000	213.652197
28.437500	209.126694
28.420000	204.513443
28.402500	199.811624
28.385000	195.020438
28.367500	190.139094
28.350000	185.166820
28.336000	181.123021
28.322000	177.020159
28.308000	172.857858
28.294000	168.635748
28.280000	164.353464
28.266000	160.010648
28.252000	155.606947
28.238000	151.142011
28.224000	146.615497
28.210000	142.027066
28.196000	137.376383
28.182000	132.663119
28.168000	127.886946
28.154000	123.047542
28.140000	118.144586
28.126000	113.177762
28.112000	108.146756
28.098000	103.051257
0.000000	0.000000
& cycle # 4, chisq = 1201.644055, e = 41.282959
35.000000	375.635841
33.673500	371.633514
31.990000	367.629423
31.192000	363.627602
30.005500	359.591962
29.813000	355.559516
29.683500	351.517958
29.582000	347.441376
29.498000	343.383852
29.424500	339.277853
29.358000	335.083391
29.298500	330.920976
29.246000	326.910592
29.197000	322.869195
29.151500	318.848315
29.106000	314.559767
29.064000	310.355541
29.025500	306.288215
28.987000	302.011038
28.952000	297.936043
28.917000	293.679191
28.882000	289.236650
28.850500	285.076547
28.819000	280.760469
28.787500	276.285950
28.759500	272.173688
28.731500	267.932806
28.703500	263.561804
28.675500	259.059243
28.651000	255.010502
28.626500	250.859100
28.602000	246.604179
28.577500	242.244910
28.553000	237.780486
28.528500	233.210116
28.507500	229.207744
28.486500	225.126483
28.465500	220.965859
28.444500	216.725397
28.423500	212.404630
28.402500	208.003091
28.381500	203.520316
28.360500	198.955843
28.339500	194.309214
28.318500	189.579975
28.301000	185.575513
28.283500	181.513113
28.266000	177.392523
28.248500	173.213492
28.231000	168.975777
28.213500	164.679141
28.196000	160.323352
28.178500	155.908187
28.161000	151.433433
28.143500	146.898883
28.126000	142.304346
28.108500	137.649637
28.091000	132.934587
28.073500	128.159039
28.056000	123.322851
28.038500	118.425893
28.021000	113.468053
28.007000	109.457880
27.993000	105.408636
27.979000	101.320287
0.000000	0.000000
& cycle # 5, chisq = 1709.305208, e = 41.282959
35.000000	482.480621
33.824000	478.475124
32.231500	474.446840
31.832500	470.417463
31.465000	466.391113
30.369500	462.384866
29.963500	458.355573
29.820000	454.312925
29.722000	450.283763
29.645000	446.234262
29.578500	442.018335
29.522500	437.894095
29.473500	433.816765
29.428000	429.610340
29.386000	425.345429
29.347500	421.095559
29.312500	416.935372
29.277500	412.479699
29.246000	408.206372
29.218000	404.190521
29.190000	399.963021
29.162000	395.516944
29.137500	391.441796
29.113000	387.189133
29.088500	382.754121
29.064000	378.131871
29.043000	374.017179
29.022000	369.758171
29.001000	365.351697
28.980000	360.794593
28.959000	356.083683
28.941500	352.038135
28.924000	347.881716
28.906500	343.612579
28.889000	339.228873
28.871500	334.728750
28.854000	330.110359
28.836500	325.371857
28.819000	320.511399
28.801500	315.527146
28.787500	311.449376
28.773500	307.290264
28.759500	303.048873
28.745500	298.724267
28.731500	294.315514
28.717500	289.821681
28.703500	285.241840
28.689500	280.575062
28.675500	275.820418
28.661500	270.976984
28.647500	266.043833
28.633500	261.020040
28.619500	255.904683
28.605500	250.696835
28.591500	245.395574
28.581000	241.357768
28.570500	237.266507
28.560000	233.121399
28.549500	228.922054
28.539000	224.668080
28.528500	220.359086
28.518000	215.994678
28.507500	211.574464
28.497000	207.098051
28.486500	202.565045
28.476000	197.975050
28.465500	193.327671
28.455000	188.622511
28.444500	183.859173
28.434000	179.037260
28.423500	174.156372
28.413000	169.216111
28.402500	164.216074
28.392000	159.155863
28.381500	154.035073
28.371000	148.853303
28.360500	143.610150
28.350000	138.305208
28.339500	132.938074
28.329000	127.508343
28.318500	122.015608
28.308000	116.459464
28.297500	110.839505
28.287000	105.155322
0.000000	0.000000
& cycle # 6, chisq = 504.255249, e = 41.282959
35.000000	399.161634
34.037500	395.156302
32.511500	391.139923
32.039000	387.112225
31.622500	383.083126
30.313500	379.078296
29.988000	375.061555
29.830500	371.047139
29.715000	366.924404
29.624000	362.851850
29.547000	358.774560
29.480500	354.750301
29.421000	350.730229
29.365000	346.566624
29.312500	342.314150
29.263500	338.028722
29.218000	333.766480
29.176000	329.582926
29.137500	325.532164
29.099000	321.269854
29.064000	317.207355
29.029000	312.962426
28.994000	308.531596
28.962500	304.382142
28.931000	300.077079
28.899500	295.614204
28.871500	291.513043
28.843500	287.284197
28.815500	282.926403
28.787500	278.438500
28.763000	274.404014
28.738500	270.268446
28.714000	266.031203
28.689500	261.691746
28.665000	257.249590
28.640500	252.704297
28.616000	248.055477
28.595000	243.988108
28.574000	239.844223
28.553000	235.623643
28.532000	231.326204
28.511000	226.951758
28.490000	222.500170
28.469000	217.971317
28.448000	213.365086
28.427000	208.681375
28.406000	203.920088
28.388500	199.893029
28.371000	195.811993
28.353500	191.676942
28.336000	187.487839
28.318500	183.244653
28.301000	178.947359
28.283500	174.595937
28.266000	170.190374
28.248500	165.730665
28.231000	161.216812
28.213500	156.648826
28.196000	152.026729
28.178500	147.350552
28.161000	142.620339
28.143500	137.836145
28.126000	132.998041
28.108500	128.106109
28.091000	123.160449
28.073500	118.161175
28.059500	114.123242
28.045500	110.051154
28.031500	105.944994
28.017500	101.804851
0.000000	0.000000
& cycle # 13, chisq = 1403.423486, e = 41.282959
35.000000	407.795649
34.905500	403.792812
34.167000	399.791848
32.252500	395.787020
31.591000	391.773941
30.163000	387.750115
29.897000	383.725565
29.753500	379.696646
29.648500	375.634041
29.564500	371.582711
29.491000	367.381258
29.428000	363.246802
29.372000	359.127455
29.319500	354.861816
29.274000	350.831717
29.232000	346.823903
29.190000	342.528030
29.151500	338.327091
29.116500	334.281772
29.081500	330.013777
29.050000	325.976424
29.018500	321.747949
28.987000	317.323263
28.959000	313.221392
28.931000	308.956960
28.903000	304.526478
28.878500	300.510885
28.854000	296.363252
28.829500	292.081342
28.805000	287.662957
28.780500	283.105938
28.759500	279.087975
28.738500	274.965291
28.717500	270.736601
28.696500	266.400636
28.675500	261.956151
28.654500	257.401917
28.633500	252.736724
28.612500	247.959378
28.595000	243.891732
28.577500	239.744704
28.560000	235.517625
28.542500	231.209827
28.525000	226.820646
28.507500	222.349424
28.490000	217.795501
28.472500	213.158223
28.455000	208.436935
28.437500	203.630984
28.420000	198.739719
28.402500	193.762488
28.388500	189.718370
28.374500	185.618485
28.360500	181.462500
28.346500	177.250085
28.332500	172.980907
28.318500	168.654636
28.304500	164.270945
28.290500	159.829504
28.276500	155.329988
28.262500	150.772073
28.248500	146.155436
28.234500	141.479758
28.220500	136.744722
28.206500	131.950014
28.192500	127.095325
28.178500	122.180349
28.164500	117.204784
28.150500	112.168333
28.136500	107.070705
28.122500	101.911614
0.000000	0.000000
& cycle # 2, chisq = 993.481561, e = 40.842422
35.000000	398.589724
33.908000	394.578888
32.382000	390.576193
31.962000	386.572191
31.531500	382.556761
30.215500	378.536067
29.953000	374.463852
29.806000	370.375218
29.697500	366.273259
29.610000	362.188415
29.536500	358.165119
29.470000	354.023531
29.410500	349.889863
29.354500	345.611559
29.305500	341.546517
29.260000	337.493253
29.214500	333.162922
29.172500	328.912382
29.134000	324.796553
29.095500	320.465509
29.060500	316.337211
29.025500	312.023203
28.994000	307.978845
28.962500	303.778630
28.931000	299.420135
28.903000	295.411178
28.875000	291.273813
28.847000	287.006601
28.819000	282.608201
28.791000	278.077365
28.766500	274.003343
28.742000	269.826343
28.717500	265.545716
28.693000	261.160871
28.668500	256.671268
28.644000	252.076420
28.623000	248.053874
28.602000	243.953425
28.581000	239.774841
28.560000	235.517907
28.539000	231.182429
28.518000	226.768225
28.497000	222.275129
28.476000	217.702986
28.455000	213.051655
28.434000	208.321002
28.416500	204.318109
28.399000	200.259979
28.381500	196.146549
28.364000	191.977763
28.346500	187.753566
28.329000	183.473910
28.311500	179.138753
28.294000	174.748056
28.276500	170.301790
28.259000	165.799929
28.241500	161.242459
28.224000	156.629372
28.206500	151.960671
28.189000	147.236367
28.171500	142.456485
28.154000	137.621062
28.136500	132.730147
28.119000	127.783803
28.101500	122.782110
28.087500	118.740967
28.073500	114.664517
28.059500	110.552821
28.045500	106.405951
28.031500	102.223985
0.000000	0.000000
& cycle # 4, chisq = 1293.162926, e = 40.842422
35.000000	482.480621
34.251000	478.474869
33.901000	474.472592
32.655000	470.468321
32.245500	466.431668
31.983000	462.374073
31.748500	458.366179
31.493000	454.317259
31.125500	450.307667
30.089500	446.304298
29.911000	442.226307
29.799000	438.143758
29.715000	434.117832
29.645000	430.037619
29.585500	425.996318
29.533000	421.957493
29.484000	417.761318
29.438500	413.475184
29.396500	409.169163
29.358000	404.914296
29.323000	400.781042
29.288000	396.386421
29.256500	392.200723
29.225000	387.790120
29.197000	383.675688
29.169000	379.374145
29.141000	374.881045
29.116500	370.788949
29.092000	366.543810
29.067500	362.142656
29.043000	357.582533
29.022000	353.545102
29.001000	349.386884
28.980000	345.106062
28.959000	340.700839
28.938000	336.169440
28.917000	331.510117
28.896000	326.721151
28.878500	322.630094
28.861000	318.446873
28.843500	314.170547
28.826000	309.800190
28.808500	305.334894
28.791000	300.773771
28.773500	296.115948
28.756000	291.360575
28.738500	286.506818
28.721000	281.553860
28.707000	277.519534
28.693000	273.420809
28.679000	269.257292
28.665000	265.028597
28.651000	260.734343
28.637000	256.374159
28.623000	251.947675
28.609000	247.454532
28.595000	242.894372
28.581000	238.266845
28.567000	233.571605
28.553000	228.808311
28.539000	223.976627
28.525000	219.076219
28.511000	214.106759
28.497000	209.067923
28.483000	203.959387
28.469000	198.780835
28.455000	193.531950
28.441000	188.212421
28.430500	184.176228
28.420000	180.099994
28.409500	175.983590
28.399000	171.826889
28.388500	167.629764
28.378000	163.392090
28.367500	159.113741
28.357000	154.794594
28.346500	150.434525
28.336000	146.033413
28.325500	141.591138
28.315000	137.107579
28.304500	132.582618
28.294000	128.016139
28.283500	123.408025
28.273000	118.758162
28.262500	114.066438
28.252000	109.332742
28.241500	104.556963
0.000000	0.000000
& cycle # 6, chisq = 584.088141, e = 40.842422
35.000000	399.161634
34.919500	395.118976
34.716500	391.113568
33.481000	387.105546
31.839500	383.085900
30.369500	379.083267
29.991500	375.040262
29.827000	371.006990
29.711500	366.980319
29.617000	362.811099
29.540000	358.759778
29.473500	354.745912
29.414000	350.722300
29.358000	346.541382
29.305500	342.257797
29.260000	338.248249
29.214500	333.952236
29.172500	329.723686
29.134000	325.618724
29.095500	321.288613
29.060500	317.151653
29.025500	312.819084
28.994000	308.748866
28.962500	304.513469
28.931000	300.109834
28.903000	296.051866
28.875000	291.856643
28.847000	287.522257
28.819000	283.046886
28.794500	279.013924
28.770000	274.870600
28.745500	270.615870
28.721000	266.248747
28.696500	261.768297
28.672000	257.173637
28.651000	253.143823
28.630000	249.028988
28.609000	244.828656
28.588000	240.542373
28.567000	236.169702
28.546000	231.710226
28.525000	227.163541
28.504000	222.529259
28.483000	217.807002
28.465500	213.804321
28.448000	209.740087
28.430500	205.614097
28.413000	201.426154
28.395500	197.176064
28.378000	192.863640
28.360500	188.488694
28.343000	184.051049
28.325500	179.550527
28.308000	174.986959
28.290500	170.360182
28.273000	165.670036
28.255500	160.916373
28.238000	156.099050
28.220500	151.217935
28.203000	146.272903
28.189000	142.270782
28.175000	138.227632
28.161000	134.143405
28.147000	130.018059
28.133000	125.851561
28.119000	121.643879
28.105000	117.394993
28.091000	113.104886
28.077000	108.773548
28.063000	104.400979
0.000000	0.000000
& cycle # 13, chisq = 1247.506286, e = 40.842422
35.000000	407.795649
33.670000	403.794241
32.147500	399.770416
31.696000	395.740552
31.013500	391.734224
29.974000	387.706006
29.802500	383.703257
29.687000	379.700492
29.596000	375.640778
29.519000	371.493799
29.452500	367.332810
29.393000	363.117207
29.340500	358.985108
29.291500	354.759372
29.246000	350.500074
29.204000	346.268556
29.165500	342.126324
29.127000	337.722602
29.092000	333.484369
29.060500	329.472615
29.029000	325.268475
28.997500	320.866710
28.969500	316.783900
28.941500	312.537166
28.913500	308.122890
28.889000	304.120146
28.864500	299.984019
28.840000	295.712171
28.815500	291.302300
28.791000	286.752140
28.770000	282.738654
28.749000	278.619081
28.728000	274.392058
28.707000	270.056246
28.686000	265.610322
28.665000	261.052983
28.644000	256.382940
28.623000	251.598923
28.605500	247.524267
28.588000	243.368865
28.570500	239.131997
28.553000	234.812950
28.535500	230.411013
28.518000	225.925477
28.500500	221.355637
28.483000	216.700786
28.465500	211.960221
28.448000	207.133238
28.430500	202.219133
28.413000	197.217201
28.399000	193.151947
28.385000	189.029673
28.371000	184.850017
28.357000	180.612620
28.343000	176.317120
28.329000	171.963157
28.315000	167.550371
28.301000	163.078403
28.287000	158.546895
28.273000	153.955491
28.259000	149.303833
28.245000	144.591569
28.231000	139.818348
28.217000	134.983820
28.203000	130.087639
28.189000	125.129463
28.175000	120.108952
28.161000	115.025771
28.147000	109.879590
28.133000	104.670083
0.000000	0.000000
& cycle # 2, chisq = 996.127918, e = 41.230109
35.000000	398.589724
34.097000	394.587452
32.154500	390.571061
31.507000	386.564721
30.093000	382.528958
29.858500	378.518429
29.722000	374.513589
29.620500	370.505477
29.536500	366.411574
29.466500	362.396649
29.403500	358.268803
29.347500	354.158211
29.295000	349.901952
29.249500	345.880297
29.204000	341.534265
29.162000	337.222218
29.123500	333.006434
29.088500	328.948169
29.053500	324.668386
29.022000	320.621996
28.990500	316.386538
28.959000	311.957467
28.931000	307.854300
28.903000	303.591364
28.875000	299.165447
28.850500	295.156540
28.826000	291.018211
28.801500	286.748281
28.777000	282.344558
28.752500	277.804846
28.731500	273.803758
28.710500	269.699752
28.689500	265.491438
28.668500	261.177430
28.647500	256.756348
28.626500	252.226814
28.605500	247.587466
28.584500	242.836949
28.567000	238.792298
28.549500	234.668753
28.532000	230.465558
28.514500	226.181968
28.497000	221.817251
28.479500	217.370687
28.462000	212.841567
28.444500	208.229201
28.427000	203.532909
28.409500	198.752029
28.392000	193.885914
28.374500	188.933933
28.360500	184.910112
28.346500	180.830636
28.332500	176.695203
28.318500	172.503521
28.304500	168.255301
28.290500	163.950262
28.276500	159.588128
28.262500	155.168630
28.248500	150.691505
28.234500	146.156494
28.220500	141.563345
28.206500	136.911810
28.192500	132.201646
28.178500	127.432614
28.164500	122.604480
28.150500	117.717012
28.136500	112.769985
28.122500	107.763174
28.108500	102.696358
0.000000	0.000000
& cycle # 4, chisq = 1085.965107, e = 41.230109
35.000000	482.480621
34.034000	478.461038
32.445000	474.456869
32.018000	470.452883
31.671500	466.428496
31.248000	462.413056
30.093000	458.411689
29.900500	454.394594
29.785000	450.386530
29.697500	446.313773
29.627500	442.299898
29.568000	438.294305
29.515500	434.263364
29.466500	430.047733
29.421000	425.714229
29.382500	421.713481
29.344000	417.390379
29.309000	413.167373
29.277500	409.117866
29.246000	404.823362
29.218000	400.792959
29.190000	396.555216
29.162000	392.103479
29.137500	388.027357
29.113000	383.777632
29.088500	379.349656
29.064000	374.738730
29.043000	370.637299
29.022000	366.394960
29.001000	362.008682
28.980000	357.475418
28.959000	352.792112
28.941500	348.772526
28.924000	344.644833
28.906500	340.407252
28.889000	336.058000
28.871500	331.595293
28.854000	327.017350
28.836500	322.322391
28.819000	317.508636
28.801500	312.574311
28.787500	308.538848
28.773500	304.424178
28.759500	300.229397
28.745500	295.953602
28.731500	291.595889
28.717500	287.155359
28.703500	282.631110
28.689500	278.022246
28.675500	273.327867
28.661500	268.547075
28.647500	263.678975
28.633500	258.722669
28.619500	253.677261
28.605500	248.541853
28.591500	243.315546
28.577500	237.997443
28.567000	233.948083
28.556500	229.846200
28.546000	225.691415
28.535500	221.483345
28.525000	217.221608
28.514500	212.905822
28.504000	208.535603
28.493500	204.110567
28.483000	199.630328
28.472500	195.094500
28.462000	190.502696
28.451500	185.854528
28.441000	181.149606
28.430500	176.387541
28.420000	171.567941
28.409500	166.690414
28.399000	161.754567
28.388500	156.760005
28.378000	151.706334
28.367500	146.593157
28.357000	141.420077
28.346500	136.186696
28.336000	130.892615
28.325500	125.537434
28.315000	120.120754
28.304500	114.642173
28.294000	109.101289
28.283500	103.497701
0.000000	0.000000
& cycle # 6, chisq = 507.418452, e = 41.230109
35.000000	399.161634
34.874000	395.132810
33.852000	391.122718
32.200000	387.122068
31.661000	383.106344
30.264500	379.084210
29.970500	375.040859
29.816500	370.978832
29.704500	366.897931
29.613500	362.764626
29.536500	358.630637
29.470000	354.552675
29.410500	350.480121
29.354500	346.262637
29.305500	342.253179
29.256500	337.934293
29.211000	333.637233
29.169000	329.417907
29.130500	325.330945
29.092000	321.028849
29.057000	316.926799
29.022000	312.638841
28.990500	308.617651
28.959000	304.440236
28.927500	300.104072
28.896000	295.606753
28.868000	291.472001
28.840000	287.206609
28.812000	282.809164
28.784000	278.278347
28.759500	274.203514
28.735000	270.024874
28.710500	265.741725
28.686000	261.353418
28.661500	256.859353
28.637000	252.258978
28.616000	248.230799
28.595000	244.123844
28.574000	239.937836
28.553000	235.672515
28.532000	231.327637
28.511000	226.902972
28.490000	222.398303
28.469000	217.813423
28.448000	213.148135
28.427000	208.402251
28.409500	204.385652
28.392000	200.312859
28.374500	196.183776
28.357000	191.998311
28.339500	187.756377
28.322000	183.457890
28.304500	179.102771
28.287000	174.690948
28.269500	170.222354
28.252000	165.696929
28.234500	161.114620
28.217000	156.475383
28.199500	151.779185
28.182000	147.026000
28.164500	142.215815
28.147000	137.348630
28.129500	132.424455
28.112000	127.443317
28.098000	123.417420
28.084000	119.355120
28.070000	115.256451
28.056000	111.121455
28.042000	106.950179
28.028000	102.742680
0.000000	0.000000
& cycle # 13, chisq = 1336.157184, e = 41.230109
35.000000	407.795649
34.860000	403.781368
33.799500	399.778831
32.116000	395.757017
31.545500	391.738798
30.166500	387.715331
29.918000	383.711785
29.774500	379.597199
29.669500	375.483699
29.585500	371.406728
29.512000	367.199455
29.449000	363.076534
29.393000	358.983515
29.340500	354.759110
29.291500	350.461165
29.246000	346.149228
29.204000	341.883437
29.165500	337.723512
29.127000	333.316799
29.092000	329.089950
29.057000	324.646783
29.025500	320.458129
28.994000	316.085261
28.966000	312.040226
28.938000	307.843423
28.910000	303.492007
28.882000	298.983191
28.857500	294.906722
28.833000	290.705891
28.808500	286.378971
28.784000	281.924287
28.759500	277.340211
28.738500	273.306819
28.717500	269.176238
28.696500	264.947529
28.675500	260.619775
28.654500	256.192084
28.633500	251.663586
28.612500	247.033430
28.591500	242.300783
28.574000	238.278030
28.556500	234.183071
28.539000	230.015446
28.521500	225.774704
28.504000	221.460396
28.486500	217.072077
28.469000	212.609308
28.451500	208.071650
28.434000	203.458670
28.416500	198.769936
28.399000	194.005019
28.381500	189.163492
28.364000	184.244932
28.346500	179.248917
28.332500	175.196056
28.318500	171.093145
28.304500	166.939973
28.290500	162.736331
28.276500	158.482013
28.262500	154.176815
28.248500	149.820536
28.234500	145.412978
28.220500	140.953946
28.206500	136.443249
28.192500	131.880700
28.178500	127.266118
28.164500	122.599324
28.150500	117.880146
28.136500	113.108417
28.122500	108.283976
28.108500	103.406669
0.000000	0.000000
& cycle # 2, chisq = 1018.294469, e = 40.709984
35.000000	398.589724
33.971000	394.573883
32.410000	390.553091
31.958500	386.519972
31.510500	382.511933
30.198000	378.476355
29.953000	374.469675
29.809500	370.392967
29.704500	366.367947
29.617000	362.235722
29.543500	358.160751
29.477000	353.961665
29.417500	349.766913
29.365000	345.705199
29.316000	341.596513
29.270500	337.496552
29.228500	333.460662
29.186500	329.176320
29.148000	325.024792
29.109500	320.653308
29.074500	316.483930
29.039500	312.124540
29.008000	308.035497
28.976500	303.786803
28.945000	299.375881
28.917000	295.316880
28.889000	291.126112
28.861000	286.802025
28.833000	282.343159
28.808500	278.330020
28.784000	274.211801
28.759500	269.987716
28.735000	265.657036
28.710500	261.219092
28.686000	256.673271
28.661500	252.019012
28.640500	247.942953
28.619500	243.786557
28.598500	239.549555
28.577500	235.231699
28.556500	230.832759
28.535500	226.352524
28.514500	221.790799
28.493500	217.147404
28.472500	212.422169
28.455000	208.421844
28.437500	204.364492
28.420000	200.250034
28.402500	196.078393
28.385000	191.849499
28.367500	187.563285
28.350000	183.219691
28.332500	178.818660
28.315000	174.360141
28.297500	169.844089
28.280000	165.270468
28.262500	160.639244
28.245000	155.950397
28.227500	151.203911
28.210000	146.399784
28.192500	141.538021
28.175000	136.618640
28.157500	131.641672
28.143500	127.618665
28.129500	123.558859
28.115500	119.462291
28.101500	115.329001
28.087500	111.159039
28.073500	106.952461
28.059500	102.709328
0.000000	0.000000
& cycle # 4, chisq = 1254.282600, e = 40.709984
35.000000	482.480621
34.072500	478.457390
32.658500	474.446794
32.214000	470.424547
31.916500	466.388568
31.629500	462.367615
31.255000	458.342910
30.138500	454.309001
29.942500	450.242398
29.823500	446.122471
29.736000	442.071997
29.662500	437.890337
29.599500	433.673480
29.547000	429.673408
29.498000	425.512627
29.452500	421.257236
29.410500	416.976484
29.372000	412.741042
29.337000	408.621422
29.302000	404.235708
29.270500	400.053218
29.239000	395.640524
29.211000	391.519163
29.183000	387.205327
29.155000	382.693970
29.130500	378.580509
29.106000	374.308508
29.081500	369.874531
29.057000	365.275137
29.036000	361.198530
29.015000	356.995696
28.994000	352.664476
28.973000	348.202719
28.952000	343.608285
28.931000	338.879050
28.913500	334.833527
28.896000	330.691721
28.878500	326.452435
28.861000	322.114481
28.843500	317.676688
28.826000	313.137894
28.808500	308.496954
28.791000	303.752735
28.773500	298.904118
28.756000	293.950000
28.742000	289.910012
28.728000	285.801255
28.714000	281.623182
28.700000	277.375255
28.686000	273.056939
28.672000	268.667704
28.658000	264.207026
28.644000	259.674387
28.630000	255.069271
28.616000	250.391168
28.602000	245.639571
28.588000	240.813979
28.574000	235.913891
28.560000	230.938813
28.546000	225.888250
28.532000	220.761714
28.518000	215.558715
28.504000	210.278768
28.493500	206.268020
28.483000	202.213513
28.472500	198.115044
28.462000	193.972411
28.451500	189.785412
28.441000	185.553845
28.430500	181.277510
28.420000	176.956205
28.409500	172.589731
28.399000	168.177887
28.388500	163.720474
28.378000	159.217293
28.367500	154.668146
28.357000	150.072834
28.346500	145.431159
28.336000	140.742926
28.325500	136.007938
28.315000	131.225999
28.304500	126.396914
28.294000	121.520490
28.283500	116.596533
28.273000	111.624852
28.262500	106.605255
28.252000	101.537553
0.000000	0.000000
& cycle # 6, chisq = 538.085351, e = 40.709984
35.000000	399.161634
33.964000	395.160461
32.431000	391.134411
32.004000	387.131073
31.584000	383.118518
30.264500	379.095884
29.984500	375.084584
29.834000	371.057099
29.722000	366.937332
29.631000	362.768249
29.554000	358.602012
29.487500	354.495547
29.428000	350.397705
29.372000	346.157307
29.323000	342.129107
29.277500	338.113421
29.232000	333.824197
29.190000	329.614987
29.151500	325.540097
29.113000	321.253087
29.078000	317.167637
29.043000	312.899273
29.011500	308.898466
28.980000	304.744208
28.948500	300.434131
28.917000	295.965983
28.889000	291.859871
28.861000	287.625780
28.833000	283.262400
28.805000	278.768520
28.780500	274.728447
28.756000	270.586925
28.731500	266.343329
28.707000	261.997089
28.682500	257.547693
28.658000	252.994678
28.633500	248.337629
28.612500	244.262787
28.591500	240.111031
28.570500	235.882169
28.549500	231.576030
28.528500	227.192458
28.507500	222.731311
28.486500	218.192461
28.465500	213.575790
28.444500	208.881189
28.423500	204.108562
28.406000	200.071703
28.388500	195.980548
28.371000	191.835055
28.353500	187.635183
28.336000	183.380898
28.318500	179.072170
28.301000	174.708975
28.283500	170.291293
28.266000	165.819112
28.248500	161.292426
28.231000	156.711239
28.213500	152.075562
28.196000	147.385417
28.178500	142.640834
28.161000	137.841857
28.143500	132.988542
28.126000	128.080958
28.108500	123.119189
28.094500	119.110825
28.080500	115.067902
28.066500	110.990486
28.052500	106.878645
28.038500	102.732460
0.000000	0.000000
& cycle # 13, chisq = 1273.184001, e = 40.709984
35.000000	407.795649
34.916000	403.687052
34.695500	399.668100
32.630500	395.663835
31.871000	391.662413
31.276000	387.654146
30.037000	383.612325
29.841000	379.531976
29.715000	375.412899
29.620500	371.363537
29.540000	367.168145
29.473500	363.130705
29.414000	359.044441
29.361500	355.043253
29.312500	350.955679
29.267000	346.840037
29.225000	342.755595
29.183000	338.386240
29.144500	334.121519
29.109500	330.021866
29.074500	325.703658
29.043000	321.625187
29.011500	317.359983
28.980000	312.903493
28.952000	308.777940
28.924000	304.494574
28.896000	300.050331
28.871500	296.027289
28.847000	291.876810
28.822500	287.596971
28.798000	283.185896
28.773500	278.641754
28.752500	274.639513
28.731500	270.537104
28.710500	266.333459
28.689500	262.027533
28.668500	257.618304
28.647500	253.104774
28.626500	248.485964
28.605500	243.760913
28.588000	239.741533
28.570500	235.647183
28.553000	231.477329
28.535500	227.231448
28.518000	222.909018
28.500500	218.509524
28.483000	214.032453
28.465500	209.477296
28.448000	204.843549
28.430500	200.130706
28.413000	195.338268
28.395500	190.465737
28.378000	185.512614
28.364000	181.491760
28.350000	177.418760
28.336000	173.293364
28.322000	169.115323
28.308000	164.884391
28.294000	160.600321
28.280000	156.262871
28.266000	151.871799
28.252000	147.426867
28.238000	142.927839
28.224000	138.374483
28.210000	133.766570
28.196000	129.103877
28.182000	124.386183
28.168000	119.613272
28.154000	114.784934
28.140000	109.900964
28.126000	104.961163
0.000000	0.000000
& cycle # 2, chisq = 981.467406, e = 40.590459
35.000000	398.589724
34.006000	394.586082
32.480000	390.565242
32.042500	386.536055
31.654000	382.512020
30.432500	378.505057
30.012500	374.452407
29.848000	370.443464
29.732500	366.425888
29.638000	362.264024
29.561000	358.222210
29.494500	354.221905
29.435000	350.216970
29.379000	346.061430
29.326500	341.810517
29.277500	337.520888
29.232000	333.249541
29.190000	329.052896
29.151500	324.986002
29.113000	320.703443
29.078000	316.618827
29.043000	312.348117
29.011500	308.342389
28.980000	304.180472
28.948500	299.859928
28.917000	295.378439
28.889000	291.258010
28.861000	287.007246
28.833000	282.624807
28.805000	278.109451
28.780500	274.048584
28.756000	269.884384
28.731500	265.616213
28.707000	261.243495
28.682500	256.765709
28.658000	252.182390
28.637000	248.169519
28.616000	244.078573
28.595000	239.909344
28.574000	235.661643
28.553000	231.335301
28.532000	226.930167
28.511000	222.446108
28.490000	217.883004
28.469000	213.240748
28.448000	208.519245
28.427000	203.718412
28.409500	199.657064
28.392000	195.540538
28.374500	191.368802
28.357000	187.141827
28.339500	182.859593
28.322000	178.522082
28.304500	174.129285
28.287000	169.681197
28.269500	165.177822
28.252000	160.619171
28.234500	156.005265
28.217000	151.336132
28.199500	146.611813
28.182000	141.832359
28.164500	136.997832
28.147000	132.108311
28.129500	127.163885
28.112000	122.164660
28.098000	118.125906
28.084000	114.052228
28.070000	109.943703
28.056000	105.800415
28.042000	101.622455
0.000000	0.000000
& cycle # 4, chisq = 1225.638843, e = 40.590459
35.000000	482.480621
34.009500	478.472768
32.466000	474.457778
32.007500	470.422979
31.657500	466.408557
31.216500	462.387595
30.096500	458.361926
29.914500	454.311760
29.802500	450.306750
29.715000	446.155789
29.645000	442.083076
29.585500	438.033428
29.533000	433.970789
29.484000	429.733960
29.438500	425.390131
29.400000	421.389305
29.361500	417.075578
29.326500	412.870614
29.295000	408.846180
29.263500	404.586143
29.232000	400.082410
29.204000	395.867872
29.176000	391.448449
29.151500	387.408734
29.127000	383.203621
29.102500	378.829069
29.078000	374.281009
29.057000	370.241472
29.036000	366.068863
29.015000	361.760586
28.994000	357.314042
28.973000	352.726630
28.952000	347.995750
28.934500	343.941885
28.917000	339.785093
28.899500	335.523881
28.882000	331.156764
28.864500	326.682265
28.847000	322.098912
28.829500	317.405244
28.812000	312.599810
28.794500	307.681165
28.780500	303.663776
28.766500	299.572286
28.752500	295.405972
28.738500	291.164113
28.724500	286.845993
28.710500	282.450899
28.696500	277.978124
28.682500	273.426964
28.668500	268.796716
28.654500	264.086684
28.640500	259.296174
28.626500	254.424493
28.612500	249.470954
28.598500	244.434870
28.584500	239.315557
28.570500	234.112332
28.556500	228.824515
28.546000	224.802730
28.535500	220.732692
28.525000	216.614117
28.514500	212.446718
28.504000	208.230210
28.493500	203.964307
28.483000	199.648724
28.472500	195.283174
28.462000	190.867374
28.451500	186.401037
28.441000	181.883878
28.430500	177.315610
28.420000	172.695950
28.409500	168.024609
28.399000	163.301304
28.388500	158.525748
28.378000	153.697655
28.367500	148.816740
28.357000	143.882715
28.346500	138.895296
28.336000	133.854197
28.325500	128.759133
28.315000	123.609818
28.304500	118.405967
28.294000	113.147296
28.283500	107.833521
28.273000	102.464358
0.000000	0.000000
& cycle # 6, chisq = 490.739312, e = 40.590459
35.000000	400.879387
34.877500	396.838776
33.925500	392.838501
32.319000	388.828522
31.797500	384.801427
30.971500	380.801080
30.061500	376.743940
29.890000	372.738834
29.771000	368.709536
29.676500	364.650750
29.596000	360.524564
29.526000	356.393307
29.463000	352.213157
29.407000	348.109247
29.354500	343.914368
29.305500	339.683823
29.260000	335.473774
29.218000	331.340115
29.179500	327.337419
29.141000	323.126498
29.106000	319.114706
29.071000	314.925449
29.036000	310.556491
29.004500	306.469086
28.973000	302.233085
28.941500	297.847213
28.913500	293.821882
28.885500	289.676419
28.857500	285.410093
28.829500	281.022217
28.801500	276.512148
28.777000	272.465129
28.752500	268.323722
28.728000	264.087583
28.703500	259.756399
28.679000	255.329893
28.654500	250.807824
28.630000	246.189997
28.609000	242.155529
28.588000	238.050535
28.567000	233.874981
28.546000	229.628868
28.525000	225.312231
28.504000	220.925141
28.483000	216.467709
28.462000	211.940084
28.441000	207.342459
28.420000	202.675067
28.399000	197.938185
28.381500	193.937929
28.364000	189.889845
28.346500	185.794161
28.329000	181.651125
28.311500	177.461006
28.294000	173.224092
28.276500	168.940688
28.259000	164.611119
28.241500	160.235727
28.224000	155.814869
28.206500	151.348918
28.189000	146.838263
28.171500	142.283304
28.154000	137.684456
28.136500	133.042144
28.119000	128.356803
28.101500	123.628880
28.084000	118.858829
28.066500	114.047113
28.049000	109.194201
28.031500	104.300569
0.000000	0.000000
& cycle # 7, chisq = 1256.981355, e = 40.590459
35.000000	399.161634
33.932500	395.161134
32.399500	391.136736
31.979500	387.130451
31.563000	383.118428
30.254000	379.110767
29.974000	375.084975
29.823500	371.016192
29.715000	366.987613
29.627500	362.960289
29.550500	358.778497
29.484000	354.647967
29.424500	350.518928
29.372000	346.518705
29.323000	342.470449
29.277500	338.429289
29.232000	334.107409
29.190000	329.861170
29.151500	325.746119
29.113000	321.412622
29.078000	317.279109
29.043000	312.956862
29.011500	308.902348
28.980000	304.689228
28.948500	300.314923
28.920500	296.289341
28.892500	292.132806
28.864500	287.843756
28.836500	283.420721
28.808500	278.862331
28.784000	274.761702
28.759500	270.555676
28.735000	266.243521
28.710500	261.824564
28.686000	257.298187
28.661500	252.663823
28.640500	248.605170
28.619500	244.466501
28.598500	240.247540
28.577500	235.948032
28.556500	231.567742
28.535500	227.106450
28.514500	222.563952
28.493500	217.940059
28.472500	213.234592
28.451500	208.447385
28.434000	204.395491
28.416500	200.286637
28.399000	196.120742
28.381500	191.897728
28.364000	187.617521
28.346500	183.280055
28.329000	178.885263
28.311500	174.433089
28.294000	169.923479
28.276500	165.356387
28.259000	160.731773
28.241500	156.049607
28.224000	151.309864
28.206500	146.512532
28.189000	141.657608
28.171500	136.745100
28.154000	131.775029
28.140000	127.757549
28.126000	123.703275
28.112000	119.612236
28.098000	115.484468
28.084000	111.320015
28.070000	107.118927
28.056000	102.881260
0.000000	0.000000
& cycle # 13, chisq = 1200.200596, e = 40.590459
35.000000	407.795649
33.943000	403.789323
32.389000	399.767985
31.955000	395.735970
31.514000	391.719855
30.191000	387.691773
29.935500	383.630536
29.792000	379.575363
29.687000	375.550719
29.599500	371.401610
29.526000	367.295289
29.463000	363.286741
29.403500	359.059161
29.351000	354.953011
29.302000	350.787384
29.256500	346.619113
29.214500	342.505208
29.176000	338.501954
29.137500	334.269681
29.102500	330.217734
29.067500	325.965843
29.036000	321.964005
29.004500	317.792454
28.973000	313.447584
28.945000	309.437108
28.917000	305.284454
28.889000	300.987246
28.861000	296.543178
28.836500	292.532390
28.812000	288.406004
28.787500	284.162618
28.763000	279.800881
28.738500	275.319487
28.714000	270.717179
28.693000	266.675185
28.672000	262.542725
28.651000	258.319081
28.630000	254.003556
28.609000	249.595470
28.588000	245.094159
28.567000	240.498976
28.546000	235.809282
28.525000	231.024452
28.507500	226.963975
28.490000	222.836650
28.472500	218.642125
28.455000	214.380053
28.437500	210.050089
28.420000	205.651888
28.402500	201.185107
28.385000	196.649406
28.367500	192.044446
28.350000	187.369889
28.332500	182.625401
28.315000	177.810648
28.297500	172.925301
28.280000	167.969034
28.266000	163.952742
28.252000	159.890693
28.238000	155.782727
28.224000	151.628689
28.210000	147.428422
28.196000	143.181778
28.182000	138.888610
28.168000	134.548774
28.154000	130.162132
28.140000	125.728550
28.126000	121.247902
28.112000	116.720062
28.098000	112.144914
28.084000	107.522346
28.070000	102.852254
0.000000	0.000000
& cycle # 2, chisq = 1223.851311, e = 41.630488
35.000000	482.480621
33.950000	478.474657
32.396000	474.452865
31.976000	470.440433
31.629500	466.427995
31.174500	462.410222
30.068500	458.356558
29.893500	454.337668
29.781500	450.266986
29.697500	446.243057
29.627500	442.150967
29.568000	438.083107
29.515500	434.002911
29.466500	429.748258
29.424500	425.736553
29.382500	421.369121
29.344000	417.037555
29.309000	412.815026
29.277500	408.773534
29.246000	404.495107
29.218000	400.486488
29.190000	396.278268
29.162000	391.864492
29.137500	387.829078
29.113000	383.627586
29.088500	379.255896
29.064000	374.709861
29.043000	370.671331
29.022000	366.499003
29.001000	362.190230
28.980000	357.742361
28.959000	353.152742
28.938000	348.418723
28.920500	344.361493
28.903000	340.200621
28.885500	335.934585
28.868000	331.561867
28.850500	327.080959
28.833000	322.490358
28.815500	317.788570
28.798000	312.974109
28.780500	308.045498
28.766500	304.019435
28.752500	299.918629
28.738500	295.742338
28.724500	291.489820
28.710500	287.160340
28.696500	282.753166
28.682500	278.267568
28.668500	273.702820
28.654500	269.058198
28.640500	264.332984
28.626500	259.526458
28.612500	254.637905
28.598500	249.666612
28.584500	244.611867
28.570500	239.472959
28.556500	234.249180
28.542500	228.939821
28.532000	224.901215
28.521500	220.813773
28.511000	216.677199
28.500500	212.491193
28.490000	208.255457
28.479500	203.969694
28.469000	199.633605
28.458500	195.246891
28.448000	190.809253
28.437500	186.320394
28.427000	181.780014
28.416500	177.187813
28.406000	172.543494
28.395500	167.846755
28.385000	163.097298
28.374500	158.294824
28.364000	153.439031
28.353500	148.529621
28.343000	143.566293
28.332500	138.548748
28.322000	133.476686
28.311500	128.349808
28.301000	123.167814
28.290500	117.930405
28.280000	112.637284
28.269500	107.288152
28.259000	101.882712
0.000000	0.000000
& cycle # 6, chisq = 552.169547, e = 41.630488
35.000000	400.879387
34.909000	396.771072
34.177500	392.757715
32.550000	388.742389
31.993500	384.738126
31.507000	380.734203
30.201500	376.695242
29.970500	372.678106
29.830500	368.638494
29.725500	364.630605
29.638000	360.570199
29.561000	356.407551
29.494500	352.338187
29.435000	348.304242
29.379000	344.153636
29.326500	339.939390
29.277500	335.715565
29.232000	331.536181
29.190000	327.454177
29.148000	323.153727
29.109500	319.017439
29.071000	314.693616
29.036000	310.598961
29.001000	306.347353
28.966000	301.938160
28.934500	297.834764
28.903000	293.603116
28.871500	289.243074
28.840000	284.754579
28.812000	280.656985
28.784000	276.457983
28.756000	272.157688
28.728000	267.756271
28.700000	263.253961
28.675500	259.231902
28.651000	255.133055
28.626500	250.957704
28.602000	246.706179
28.577500	242.378865
28.553000	237.976204
28.528500	233.498699
28.504000	228.946918
28.479500	224.321497
28.458500	220.298773
28.437500	216.222952
28.416500	212.094563
28.395500	207.914173
28.374500	203.682391
28.353500	199.399864
28.332500	195.067280
28.311500	190.685363
28.290500	186.254876
28.269500	181.776614
28.248500	177.251408
28.227500	172.680117
28.206500	168.063632
28.185500	163.402867
28.164500	158.698763
28.143500	153.952280
28.122500	149.164398
28.105000	145.143591
28.087500	141.095311
28.070000	137.020149
28.052500	132.918701
28.035000	128.791568
28.017500	124.639355
28.000000	120.462671
27.982500	116.262127
27.965000	112.038340
27.947500	107.791926
27.930000	103.523506
0.000000	0.000000
& cycle # 7, chisq = 1668.901820, e = 41.630488
35.000000	399.161634
34.891500	395.151585
34.055000	391.146920
33.243000	387.143554
31.748500	383.142646
30.254000	379.117600
29.984500	375.076617
29.834000	371.055350
29.722000	366.991599
29.631000	362.907820
29.554000	358.845735
29.484000	354.632339
29.421000	350.390262
29.365000	346.243603
29.312500	342.021148
29.263500	337.776947
29.218000	333.565100
29.176000	329.438962
29.134000	325.077898
29.095500	320.868799
29.060500	316.862917
29.025500	312.682735
28.990500	308.325053
28.959000	304.248834
28.927500	300.024216
28.896000	295.649185
28.868000	291.632470
28.840000	287.494188
28.812000	283.233201
28.784000	278.848464
28.756000	274.339031
28.731500	270.290313
28.707000	266.144954
28.682500	261.902492
28.658000	257.562512
28.633500	253.124647
28.609000	248.588570
28.584500	243.953990
28.563500	239.902901
28.542500	235.779111
28.521500	231.582491
28.500500	227.312925
28.479500	222.970307
28.458500	218.554540
28.437500	214.065535
28.416500	209.503214
28.395500	204.867502
28.374500	200.158334
28.353500	195.375650
28.336000	191.333887
28.318500	187.241011
28.301000	183.097001
28.283500	178.901843
28.266000	174.655527
28.248500	170.358050
28.231000	166.009414
28.213500	161.609633
28.196000	157.158726
28.178500	152.656724
28.161000	148.103667
28.143500	143.499608
28.126000	138.844611
28.108500	134.138754
28.091000	129.382127
28.073500	124.574838
28.056000	119.717007
28.038500	114.808772
28.021000	109.850285
28.007000	105.847429
27.993000	101.812616
0.000000	0.000000
& cycle # 13, chisq = 1507.642403, e = 41.630488
35.000000	407.795649
34.940500	403.608401
34.849500	399.509361
34.163500	395.505345
32.315500	391.490694
31.699500	387.483765
30.296000	383.473295
29.963500	379.424931
29.806000	375.350666
29.694000	371.263916
29.606500	367.254654
29.529500	363.061478
29.463000	358.894035
29.403500	354.705601
29.351000	350.628400
29.302000	346.484284
29.256500	342.330620
29.214500	338.225141
29.176000	334.224985
29.137500	329.991074
29.102500	325.933278
29.067500	321.671166
29.036000	317.656223
29.004500	313.467719
28.973000	309.101910
28.945000	305.069376
28.917000	300.891329
28.889000	296.565319
28.861000	292.088966
28.836500	288.047018
28.812000	283.886713
28.787500	279.606616
28.763000	275.205340
28.738500	270.681555
28.714000	266.033977
28.693000	261.950877
28.672000	257.775174
28.651000	253.506144
28.630000	249.143086
28.609000	244.685320
28.588000	240.132183
28.567000	235.483031
28.546000	230.737235
28.528500	226.708134
28.511000	222.611140
28.493500	218.445909
28.476000	214.212099
28.458500	209.909372
28.441000	205.537396
28.423500	201.095841
28.406000	196.584379
28.388500	192.002686
28.371000	187.350442
28.353500	182.627327
28.336000	177.833028
28.318500	172.967235
28.301000	168.029642
28.287000	164.027668
28.273000	159.979398
28.259000	155.884683
28.245000	151.743377
28.231000	147.555337
28.217000	143.320425
28.203000	139.038504
28.189000	134.709445
28.175000	130.333120
28.161000	125.909408
28.147000	121.438193
28.133000	116.919363
28.119000	112.352814
28.105000	107.738448
28.091000	103.076171
0.000000	0.000000
& cycle # 2, chisq = 1111.421108, e = 40.483303
35.000000	398.589724
33.988500	394.587201
32.420500	390.570281
31.962000	386.556122
31.510500	382.536527
30.198000	378.526755
29.949500	374.489489
29.806000	370.420928
29.701000	366.405437
29.613500	362.284242
29.540000	358.221234
29.473500	354.035480
29.414000	349.854951
29.361500	345.807783
29.312500	341.714507
29.267000	337.630557
29.225000	333.610996
29.183000	329.344557
29.144500	325.210901
29.106000	320.858762
29.071000	316.708315
29.036000	312.369199
29.004500	308.299607
28.973000	304.071556
28.941500	299.682524
28.913500	295.644071
28.885500	291.474919
28.857500	287.173556
28.829500	282.738565
28.801500	278.168628
28.777000	274.058277
28.752500	269.842926
28.728000	265.521882
28.703500	261.094513
28.679000	256.560241
28.654500	251.918540
28.633500	247.854073
28.612500	243.710055
28.591500	239.486237
28.570500	235.182389
28.549500	230.798302
28.528500	226.333782
28.507500	221.788651
28.486500	217.162746
28.465500	212.455915
28.444500	207.668017
28.427000	203.616082
28.409500	199.507690
28.392000	195.342777
28.374500	191.121281
28.357000	186.843146
28.339500	182.508322
28.322000	178.116763
28.304500	173.668430
28.287000	169.163288
28.269500	164.601311
28.252000	159.982481
28.234500	155.306788
28.217000	150.574230
28.199500	145.784817
28.182000	140.938570
28.164500	136.035521
28.147000	131.075717
28.133000	127.067049
28.119000	123.022132
28.105000	118.941011
28.091000	114.823736
28.077000	110.670365
28.063000	106.480961
28.049000	102.255596
0.000000	0.000000
& cycle # 4, chisq = 1254.736438, e = 40.483303
35.000000	375.635841
33.593000	371.632396
32.158000	367.613318
31.657500	363.610071
30.236500	359.605464
29.928500	355.541487
29.771000	351.540399
29.655500	347.492787
29.561000	343.361888
29.480500	339.196663
29.410500	335.051900
29.347500	330.879028
29.291500	326.799139
29.239000	322.642891
29.190000	318.462699
29.144500	314.311323
29.102500	310.241132
29.060500	305.935433
29.022000	301.775996
28.983500	297.408093
28.948500	293.252270
28.913500	288.916598
28.882000	284.857916
28.850500	280.648448
28.819000	276.285951
28.791000	272.277992
28.763000	268.146042
28.735000	263.888774
28.707000	259.504938
28.679000	254.993360
28.654500	250.940067
28.630000	246.787420
28.605500	242.534748
28.581000	238.181411
28.556500	233.726795
28.532000	229.170307
28.507500	224.511371
28.486500	220.436033
28.465500	216.284669
28.444500	212.056941
28.423500	207.752511
28.402500	203.371048
28.381500	198.912225
28.360500	194.375716
28.339500	189.761203
28.318500	185.068370
28.297500	180.296909
28.280000	176.260411
28.262500	172.168932
28.245000	168.022306
28.227500	163.820375
28.210000	159.562988
28.192500	155.250000
28.175000	150.881274
28.157500	146.456685
28.140000	141.976116
28.122500	137.439463
28.105000	132.846631
28.087500	128.197541
28.070000	123.492127
28.052500	118.730336
28.035000	113.912130
28.017500	109.037490
28.000000	104.106407
0.000000	0.000000
& cycle # 5, chisq = 1614.712397, e = 40.483303
35.000000	482.480621
32.588500	478.472681
31.983000	474.440037
31.601500	470.422179
31.174500	466.407987
30.019500	462.386537
29.827000	458.347404
29.715000	454.313010
29.631000	450.208297
29.564500	446.180917
29.505000	441.916811
29.456000	437.888292
29.410500	433.693592
29.368500	429.405374
29.330000	425.100800
29.295000	420.859507
29.263500	416.761607
29.232000	412.385373
29.204000	408.251832
29.176000	403.879899
29.151500	399.851839
29.127000	395.628239
29.102500	391.202856
29.078000	386.569343
29.057000	382.427227
29.036000	378.123358
29.015000	373.653580
28.994000	369.013696
28.973000	364.199465
28.955500	360.051342
28.938000	355.776685
28.920500	351.372986
28.903000	346.837726
28.885500	342.168370
28.868000	337.362376
28.850500	332.417187
28.836500	328.359092
28.822500	324.208955
28.808500	319.965455
28.794500	315.627268
28.780500	311.193067
28.766500	306.661522
28.752500	302.031300
28.738500	297.301066
28.724500	292.469481
28.710500	287.535203
28.696500	282.496887
28.682500	277.353186
28.668500	272.102749
28.658000	268.094059
28.647500	264.023996
28.637000	259.891984
28.626500	255.697447
28.616000	251.439810
28.605500	247.118494
28.595000	242.732918
28.584500	238.282503
28.574000	233.766665
28.563500	229.184820
28.553000	224.536381
28.542500	219.820760
28.532000	215.037369
28.521500	210.185614
28.511000	205.264902
28.500500	200.274638
28.490000	195.214224
28.479500	190.083060
28.469000	184.880545
28.458500	179.606074
28.448000	174.259041
28.437500	168.838838
28.427000	163.344854
28.416500	157.776477
28.406000	152.133092
28.395500	146.414082
28.385000	140.618827
28.374500	134.746707
28.364000	128.797099
28.357000	124.787335
28.350000	120.742669
28.343000	116.662913
28.336000	112.547882
28.329000	108.397389
28.322000	104.211246
0.000000	0.000000
& cycle # 6, chisq = 430.263015, e = 40.483303
35.000000	400.879387
34.905500	396.806661
34.188000	392.803664
33.712000	388.791079
32.245500	384.770893
31.738000	380.753530
30.394000	376.737145
30.086000	372.669391
29.928500	368.573221
29.816500	364.572422
29.725500	360.566028
29.645000	356.408023
29.575000	352.293554
29.512000	348.173365
29.456000	344.165548
29.403500	340.103109
29.354500	336.037937
29.309000	332.021530
29.263500	327.768493
29.221500	323.629855
29.179500	319.285015
29.141000	315.119961
29.102500	310.779919
29.067500	306.682382
29.032500	302.440130
28.997500	298.053477
28.966000	293.982451
28.934500	289.795385
28.903000	285.492893
28.871500	281.075690
28.843500	277.053633
28.815500	272.942197
28.787500	268.742055
28.759500	264.453935
28.731500	260.078619
28.703500	255.616950
28.675500	251.069831
28.651000	247.021770
28.626500	242.909733
28.602000	238.734466
28.577500	234.496771
28.553000	230.197505
28.528500	225.837585
28.504000	221.417988
28.479500	216.939759
28.455000	212.404011
28.430500	207.811923
28.406000	203.164746
28.385000	199.138604
28.364000	195.073827
28.343000	190.971323
28.322000	186.832033
28.301000	182.656934
28.280000	178.447032
28.259000	174.203364
28.238000	169.926996
28.217000	165.619016
28.196000	161.280538
28.175000	156.912693
28.154000	152.516633
28.133000	148.093523
28.112000	143.644541
28.091000	139.170875
28.070000	134.673722
28.049000	130.154283
28.028000	125.613766
28.007000	121.053379
27.986000	116.474333
27.965000	111.877841
27.944000	107.265112
27.923000	102.637359
0.000000	0.000000
& cycle # 7, chisq = 1605.425094, e = 40.483303
35.000000	407.795649
33.974500	403.786485
32.382000	399.767253
31.906000	395.757465
31.398500	391.738125
30.117500	387.717004
29.904000	383.711122
29.771000	379.694262
29.669500	375.642428
29.585500	371.547603
29.512000	367.356647
29.449000	363.277546
29.393000	359.251056
29.340500	355.116194
29.291500	350.928581
29.246000	346.744782
29.204000	342.621330
29.165500	338.613864
29.127000	334.382209
29.092000	330.335433
29.057000	326.093515
29.022000	321.651815
28.990500	317.479696
28.959000	313.138794
28.931000	309.135948
28.903000	304.995065
28.875000	300.714047
28.847000	296.290873
28.819000	291.723605
28.794500	287.607584
28.770000	283.378632
28.745500	279.035614
28.721000	274.577442
28.696500	270.003080
28.675500	265.988967
28.654500	261.888162
28.633500	257.700088
28.612500	253.424187
28.591500	249.059921
28.570500	244.606767
28.549500	240.064217
28.528500	235.431777
28.507500	230.708960
28.490000	226.703899
28.472500	222.635475
28.455000	218.503421
28.437500	214.307472
28.420000	210.047364
28.402500	205.722840
28.385000	201.333640
28.367500	196.879511
28.350000	192.360200
28.332500	187.775457
28.315000	183.125035
28.297500	178.408694
28.280000	173.626195
28.262500	168.777305
28.245000	163.861798
28.227500	158.879453
28.213500	154.845311
28.199500	150.768153
28.185500	146.647877
28.171500	142.484387
28.157500	138.277591
28.143500	134.027402
28.129500	129.733737
28.115500	125.396520
28.101500	121.015680
28.087500	116.591153
28.073500	112.122881
28.059500	107.610811
28.045500	103.054898
0.000000	0.000000
& cycle # 2, chisq = 1236.587079, e = 42.181620
35.000000	482.480621
34.118000	478.476284
32.844000	474.472970
32.210500	470.444153
31.885000	466.410344
31.573500	462.404785
31.118500	458.396015
30.072000	454.391619
29.900500	450.296277
29.792000	446.292281
29.708000	442.257118
29.638000	438.177561
29.578500	434.141863
29.526000	430.110844
29.477000	425.923360
29.431500	421.645493
29.389500	417.346302
29.351000	413.096142
29.316000	408.965120
29.281000	404.570031
29.249500	400.380944
29.218000	395.963491
29.190000	391.839521
29.162000	387.524670
29.134000	383.013964
29.109500	378.902497
29.085000	374.633876
29.060500	370.204724
29.036000	365.611659
29.015000	361.541726
28.994000	357.346766
28.973000	353.024665
28.952000	348.573322
28.931000	343.990649
28.910000	339.274576
28.892500	335.241132
28.875000	331.112448
28.857500	326.887361
28.840000	322.564719
28.822500	318.143382
28.805000	313.622226
28.787500	309.000139
28.770000	304.276021
28.752500	299.448788
28.735000	294.517370
28.721000	290.496513
28.707000	286.407765
28.693000	282.250597
28.679000	278.024485
28.665000	273.728910
28.651000	269.363356
28.637000	264.927313
28.623000	260.420276
28.609000	255.841741
28.595000	251.191212
28.581000	246.468192
28.567000	241.672191
28.553000	236.802719
28.539000	231.859290
28.525000	226.841419
28.511000	221.748626
28.497000	216.580430
28.483000	211.336353
28.469000	206.015918
28.458500	201.975195
28.448000	197.891054
28.437500	193.763294
28.427000	189.591715
28.416500	185.376120
28.406000	181.116308
28.395500	176.812082
28.385000	172.463244
28.374500	168.069596
28.364000	163.630941
28.353500	159.147082
28.343000	154.617823
28.332500	150.042968
28.322000	145.422322
28.311500	140.755691
28.301000	136.042880
28.290500	131.283698
28.280000	126.477950
28.269500	121.625447
28.259000	116.725999
28.248500	111.779416
28.238000	106.785511
28.227500	101.744097
0.000000	0.000000
& cycle # 6, chisq = 595.921429, e = 42.181620
35.000000	399.161634
34.030500	395.147348
32.518500	391.136299
32.081000	387.132268
31.682000	383.109155
30.394000	379.105428
30.026500	375.084470
29.858500	370.984246
29.739500	366.879004
29.645000	362.786832
29.564500	358.656270
29.494500	354.545229
29.431500	350.408212
29.375500	346.367211
29.323000	342.256006
29.274000	338.127777
29.228500	334.035400
29.186500	330.030689
29.144500	325.802779
29.106000	321.726920
29.067500	317.455694
29.032500	313.400233
28.997500	309.177820
28.962500	304.786043
28.931000	300.686782
28.899500	296.447016
28.868000	292.065381
28.840000	288.050508
28.812000	283.921829
28.784000	279.678693
28.756000	275.320550
28.728000	270.846948
28.703500	266.837551
28.679000	262.739301
28.654500	258.552068
28.630000	254.275767
28.605500	249.910357
28.581000	245.455838
28.556500	240.912243
28.532000	236.279636
28.511000	232.238052
28.490000	228.131208
28.469000	223.959188
28.448000	219.722083
28.427000	215.419995
28.406000	211.053033
28.385000	206.621314
28.364000	202.124965
28.343000	197.564120
28.322000	192.938921
28.301000	188.249520
28.280000	183.496082
28.262500	179.486092
28.245000	175.431863
28.227500	171.333511
28.210000	167.191161
28.192500	163.004947
28.175000	158.775012
28.157500	154.501512
28.140000	150.184613
28.122500	145.824493
28.105000	141.421343
28.087500	136.975368
28.070000	132.486790
28.052500	127.955842
28.035000	123.382775
28.017500	118.767855
28.000000	114.111365
27.982500	109.413603
27.965000	104.674885
0.000000	0.000000
& cycle # 13, chisq = 1579.093295, e = 42.181620
35.000000	407.795649
34.023500	403.782987
32.319000	399.762787
31.864000	395.745199
31.398500	391.724850
30.107000	387.720432
29.876000	383.669677
29.739500	379.562128
29.638000	375.437494
29.557500	371.411295
29.487500	367.306881
29.424500	363.092322
29.368500	358.903330
29.319500	354.876340
29.274000	350.819776
29.232000	346.792342
29.190000	342.482424
29.151500	338.274354
29.116500	334.228022
29.081500	329.964875
29.050000	325.937446
29.018500	321.724684
28.987000	317.322018
28.959000	313.245452
28.931000	309.012122
28.903000	304.618940
28.875000	300.062873
28.850500	295.940362
28.826000	291.688925
28.801500	287.306662
28.777000	282.791718
28.752500	278.142284
28.731500	274.048675
28.710500	269.853878
28.689500	265.556832
28.668500	261.156499
28.647500	256.651862
28.626500	252.041923
28.605500	247.325701
28.588000	243.313631
28.570500	239.226533
28.553000	235.063862
28.535500	230.825078
28.518000	226.509645
28.500500	222.117033
28.483000	217.646714
28.465500	213.098162
28.448000	208.470854
28.430500	203.764270
28.413000	198.977890
28.395500	194.111197
28.378000	189.163676
28.364000	185.147116
28.350000	181.078236
28.336000	176.956772
28.322000	172.782467
28.308000	168.555060
28.294000	164.274295
28.280000	159.939917
28.266000	155.551673
28.252000	151.109312
28.238000	146.612585
28.224000	142.061249
28.210000	137.455060
28.196000	132.793782
28.182000	128.077181
28.168000	123.305026
28.154000	118.477094
28.140000	113.593166
28.126000	108.653026
28.112000	103.656469
0.000000	0.000000
& cycle # 2, chisq = 1036.206102, e = 41.123099
35.000000	398.589724
34.121500	394.587285
32.161500	390.574483
31.391500	386.561465
30.026500	382.519002
29.820000	378.458105
29.690500	374.369107
29.592500	370.275966
29.512000	366.165215
29.442000	361.975593
29.382500	357.921835
29.326500	353.660606
29.277500	349.554203
29.232000	345.407676
29.190000	341.281477
29.151500	337.236737
29.113000	332.931565
29.078000	328.784119
29.043000	324.407117
29.011500	320.265947
28.980000	315.928416
28.952000	311.903997
28.924000	307.717052
28.896000	303.364091
28.868000	298.841605
28.843500	294.742592
28.819000	290.508706
28.794500	286.137556
28.770000	281.626737
28.745500	276.973835
28.724500	272.870710
28.703500	268.659890
28.682500	264.339845
28.661500	259.909047
28.640500	255.365973
28.619500	250.709106
28.598500	245.936938
28.581000	241.870973
28.563500	237.723041
28.546000	233.492291
28.528500	229.177883
28.511000	224.778987
28.493500	220.294784
28.476000	215.724467
28.458500	211.067245
28.441000	206.322338
28.423500	201.488981
28.406000	196.566425
28.392000	192.563664
28.378000	188.502977
28.364000	184.384004
28.350000	180.206388
28.336000	175.969782
28.322000	171.673843
28.308000	167.318235
28.294000	162.902630
28.280000	158.426705
28.266000	153.890141
28.252000	149.292629
28.238000	144.633862
28.224000	139.913540
28.210000	135.131368
28.196000	130.287056
28.182000	125.380319
28.168000	120.410873
28.154000	115.378443
28.140000	110.282754
28.126000	105.123537
0.000000	0.000000
& cycle # 4, chisq = 1041.001490, e = 41.123099
35.000000	482.480621
34.209000	478.472498
33.729500	474.461750
32.319000	470.450506
31.941000	466.408588
31.626000	462.372350
31.248000	458.371116
30.117500	454.326311
29.918000	450.301311
29.799000	446.212718
29.711500	442.162139
29.638000	437.958748
29.578500	433.956680
29.526000	429.939592
29.477000	425.749266
29.431500	421.452967
29.389500	417.121526
29.351000	412.827555
29.316000	408.643782
29.284500	404.641516
29.253000	400.407026
29.221500	395.932682
29.193500	391.747892
29.165500	387.362016
29.141000	383.355083
29.116500	379.186244
29.092000	374.851756
29.067500	370.347861
29.043000	365.670794
29.022000	361.521194
29.001000	357.239227
28.980000	352.822528
28.959000	348.268743
28.938000	343.575528
28.920500	339.556325
28.903000	335.437340
28.885500	331.217244
28.868000	326.894718
28.850500	322.468457
28.833000	317.937167
28.815500	313.299566
28.798000	308.554386
28.780500	303.700375
28.763000	298.736291
28.749000	294.684949
28.735000	290.561754
28.721000	286.366092
28.707000	282.097352
28.693000	277.754932
28.679000	273.338231
28.665000	268.846655
28.651000	264.279617
28.637000	259.636531
28.623000	254.916818
28.609000	250.119903
28.595000	245.245214
28.581000	240.292183
28.567000	235.260246
28.553000	230.148842
28.539000	224.957412
28.525000	219.685401
28.514500	215.678178
28.504000	211.625084
28.493500	207.525887
28.483000	203.380356
28.472500	199.188260
28.462000	194.949369
28.451500	190.663452
28.441000	186.330282
28.430500	181.949629
28.420000	177.521264
28.409500	173.044960
28.399000	168.520490
28.388500	163.947627
28.378000	159.326144
28.367500	154.655816
28.357000	149.936418
28.346500	145.167724
28.336000	140.349511
28.325500	135.481556
28.315000	130.563637
28.304500	125.595532
28.294000	120.577020
28.283500	115.507882
28.273000	110.387899
28.262500	105.216855
0.000000	0.000000
& cycle # 6, chisq = 540.394603, e = 41.123099
35.000000	400.879387
34.916000	396.875605
34.636000	392.869248
32.595500	388.868325
31.899000	384.865970
31.279500	380.853787
30.075500	376.831334
29.883000	372.781279
29.757000	368.738589
29.659000	364.676177
29.578500	360.662027
29.508500	356.628586
29.445500	352.534788
29.389500	348.504795
29.337000	344.375562
29.288000	340.202076
29.242500	336.040515
29.200500	331.947056
29.158500	327.605349
29.120000	323.402487
29.085000	319.393071
29.050000	315.201032
29.015000	310.823677
28.983500	306.723518
28.952000	302.469457
28.920500	298.059838
28.892500	294.008305
28.864500	289.831547
28.836500	285.528540
28.808500	281.098300
28.780500	276.539883
28.756000	272.445411
28.731500	268.251533
28.707000	263.957702
28.682500	259.563404
28.658000	255.068158
28.633500	250.471528
28.612500	246.450567
28.591500	242.354613
28.570500	238.183478
28.549500	233.937007
28.528500	229.615077
28.507500	225.217604
28.486500	220.744540
28.465500	216.195878
28.444500	211.571652
28.423500	206.871937
28.402500	202.096853
28.385000	198.060160
28.367500	193.971356
28.350000	189.830582
28.332500	185.637995
28.315000	181.393775
28.297500	177.098122
28.280000	172.751254
28.262500	168.353409
28.245000	163.904842
28.227500	159.405826
28.210000	154.856650
28.192500	150.257619
28.175000	145.609050
28.157500	140.911277
28.140000	136.164645
28.122500	131.369510
28.105000	126.526240
28.087500	121.635212
28.070000	116.696812
28.052500	111.711435
28.038500	107.689580
28.024500	103.638126
0.000000	0.000000
& cycle # 7, chisq = 1337.082261, e = 41.123099
35.000000	399.161634
34.030500	395.160963
32.504500	391.148872
32.042500	387.137492
31.622500	383.115832
30.306500	379.114783
30.002000	375.087192
29.844500	370.977213
29.732500	366.924870
29.641500	362.825314
29.564500	358.730093
29.498000	354.695256
29.438500	350.670610
29.382500	346.507864
29.330000	342.261622
29.281000	337.987549
29.235500	333.741332
29.193500	329.577839
29.155000	325.550375
29.116500	321.316484
29.081500	317.284616
29.046500	313.075206
29.011500	308.685090
28.980000	304.576972
28.948500	300.317918
28.917000	295.905940
28.889000	291.854300
28.861000	287.679158
28.833000	283.379403
28.805000	278.954026
28.777000	274.402116
28.752500	270.314764
28.728000	266.129439
28.703500	261.845724
28.679000	257.463253
28.654500	252.981715
28.630000	248.400846
28.609000	244.395161
28.588000	240.316224
28.567000	236.163941
28.546000	231.938236
28.525000	227.639051
28.504000	223.266340
28.483000	218.820072
28.462000	214.300227
28.441000	209.706795
28.420000	205.039776
28.399000	200.299178
28.381500	196.292487
28.364000	192.234726
28.346500	188.125916
28.329000	183.966081
28.311500	179.755249
28.294000	175.493456
28.276500	171.180744
28.259000	166.817159
28.241500	162.402757
28.224000	157.937603
28.206500	153.421769
28.189000	148.855338
28.171500	144.238404
28.154000	139.571073
28.136500	134.853463
28.119000	130.085706
28.101500	125.267949
28.084000	120.400353
28.066500	115.483095
28.049000	110.516368
28.035000	106.507511
28.021000	102.467244
0.000000	0.000000
& cycle # 13, chisq = 1375.573627, e = 41.123099
35.000000	407.795649
34.020000	403.793162
32.501000	399.786186
32.056500	395.751243
31.661000	391.743568
30.390500	387.733052
30.023000	383.682458
29.862000	379.676132
29.746500	375.616298
29.655500	371.595429
29.578500	367.561933
29.508500	363.351176
29.449000	359.338723
29.393000	355.179688
29.340500	350.928992
29.291500	346.642901
29.246000	342.377952
29.204000	338.190041
29.165500	334.133654
29.127000	329.864080
29.092000	325.793471
29.057000	321.538895
29.022000	317.096759
28.990500	312.935590
28.959000	308.617225
28.927500	304.139321
28.899500	300.023228
28.871500	295.777848
28.843500	291.401797
28.815500	286.893786
28.791000	282.840089
28.766500	278.683707
28.742000	274.423961
28.717500	270.060227
28.693000	265.591933
28.668500	261.018562
28.647500	257.014537
28.626500	252.932696
28.605500	248.772789
28.584500	244.534589
28.563500	240.217885
28.542500	235.822485
28.521500	231.348210
28.500500	226.794892
28.479500	222.162377
28.458500	217.450519
28.437500	212.659181
28.420000	208.605592
28.402500	204.496648
28.385000	200.332282
28.367500	196.112429
28.350000	191.837030
28.332500	187.506028
28.315000	183.119371
28.297500	178.677011
28.280000	174.178907
28.262500	169.625023
28.245000	165.015329
28.227500	160.349803
28.210000	155.628431
28.192500	150.851209
28.175000	146.018144
28.157500	141.129251
28.140000	136.184560
28.122500	131.184111
28.108500	127.143645
28.094500	123.067564
28.080500	118.955910
28.066500	114.808731
28.052500	110.626080
28.038500	106.408020
28.024500	102.154617
0.000000	0.000000
& cycle # 2, chisq = 1291.476882, e = 41.681912
35.000000	398.589724
34.202000	394.573762
33.040000	390.572871
32.329500	386.563547
31.969000	382.562728
31.559500	378.554561
30.292500	374.536936
30.047500	370.497609
29.900500	366.414212
29.788500	362.272937
29.697500	358.169435
29.620500	354.137891
29.550500	350.003215
29.487500	345.884561
29.428000	341.638955
29.375500	337.599661
29.326500	333.577609
29.277500	329.309051
29.232000	325.122332
29.190000	321.065374
29.148000	316.822536
29.109500	312.769105
29.071000	308.558029
29.032500	304.188923
28.997500	300.079749
28.962500	295.839947
28.927500	291.469824
28.896000	287.425733
28.864500	283.277090
28.833000	279.024635
28.801500	274.669285
28.770000	270.212132
28.742000	266.165772
28.714000	262.040969
28.686000	257.838820
28.658000	253.560513
28.630000	249.207317
28.602000	244.780581
28.574000	240.281716
28.546000	235.712193
28.521500	231.657091
28.497000	227.550097
28.472500	223.392273
28.448000	219.184700
28.423500	214.928473
28.399000	210.624699
28.374500	206.274497
28.350000	201.878997
28.325500	197.439341
28.301000	192.956683
28.276500	188.432192
28.252000	183.867052
28.227500	179.262466
28.203000	174.619662
28.182000	170.610643
28.161000	166.575268
28.140000	162.514357
28.119000	158.428749
28.098000	154.319304
28.077000	150.186900
28.056000	146.032438
28.035000	141.856841
28.014000	137.661054
27.993000	133.446046
27.972000	129.212807
27.951000	124.962349
27.930000	120.695708
27.909000	116.413938
27.888000	112.118113
27.867000	107.809324
27.846000	103.488676
0.000000	0.000000
& cycle # 4, chisq = 1892.031293, e = 41.681912
35.000000	375.635841
33.635000	371.630982
32.021500	367.608063
31.304000	363.605597
30.033500	359.568115
29.830500	355.496104
29.697500	351.454157
29.592500	347.323293
29.505000	343.162742
29.431500	339.116246
29.365000	334.990241
29.305500	330.902607
29.249500	326.696791
29.197000	322.424027
29.148000	318.136596
29.102500	313.887087
29.060500	309.727683
29.022000	305.709467
28.983500	301.489652
28.948500	297.474449
28.913500	293.285132
28.878500	288.918326
28.847000	284.833782
28.815500	280.600630
28.784000	276.216758
28.756000	272.191837
28.728000	268.044932
28.700000	263.774793
28.672000	259.380242
28.644000	254.860160
28.619500	250.801282
28.595000	246.644805
28.570500	242.390079
28.546000	238.036474
28.521500	233.583378
28.497000	229.030196
28.472500	224.376343
28.451500	220.306764
28.430500	216.162443
28.409500	211.943026
28.388500	207.648161
28.367500	203.277501
28.346500	198.830702
28.325500	194.307422
28.304500	189.707326
28.283500	185.030086
28.262500	180.275380
28.245000	176.253723
28.227500	172.177879
28.210000	168.047679
28.192500	163.862962
28.175000	159.623574
28.157500	155.329372
28.140000	150.980222
28.122500	146.575999
28.105000	142.116592
28.087500	137.601901
28.070000	133.031840
28.052500	128.406337
28.035000	123.725334
28.017500	118.988787
28.000000	114.196670
27.982500	109.348969
27.965000	104.445690
0.000000	0.000000
& cycle # 5, chisq = 1789.535265, e = 41.681912
35.000000	482.480621
33.873000	478.472993
32.294500	474.447109
31.895500	470.441358
31.542000	466.439701
30.989000	462.436926
30.012500	458.417138
29.855000	454.352956
29.750000	450.258590
29.669500	446.188480
29.603000	442.123499
29.543500	437.886637
29.491000	433.635468
29.445500	429.533324
29.403500	425.380746
29.365000	421.248817
29.330000	417.209430
29.295000	412.888580
29.263500	408.749504
29.232000	404.364293
29.204000	400.252560
29.176000	395.933071
29.148000	391.399437
29.123500	387.251753
29.099000	382.930771
29.074500	378.432065
29.053500	374.431196
29.032500	370.293647
29.011500	366.016580
28.990500	361.597144
28.969500	357.032482
28.948500	352.319734
28.931000	348.277257
28.913500	344.128302
28.896000	339.871215
28.878500	335.504347
28.861000	331.026055
28.843500	326.434698
28.826000	321.728643
28.808500	316.906263
28.791000	311.965938
28.777000	307.927673
28.763000	303.812069
28.749000	299.618305
28.735000	295.345566
28.721000	290.993038
28.707000	286.559911
28.693000	282.045377
28.679000	277.448631
28.665000	272.768872
28.651000	268.005297
28.637000	263.157111
28.623000	258.223515
28.609000	253.203715
28.595000	248.096917
28.581000	242.902330
28.567000	237.619160
28.556500	233.598174
28.546000	229.526583
28.535500	225.404051
28.525000	221.230245
28.514500	217.004830
28.504000	212.727474
28.493500	208.397842
28.483000	204.015598
28.472500	199.580409
28.462000	195.091938
28.451500	190.549851
28.441000	185.953812
28.430500	181.303484
28.420000	176.598531
28.409500	171.838615
28.399000	167.023400
28.388500	162.152547
28.378000	157.225719
28.367500	152.242577
28.357000	147.202782
28.346500	142.105997
28.336000	136.951881
28.325500	131.740095
28.315000	126.470301
28.304500	121.142159
28.294000	115.755331
28.283500	110.309477
28.273000	104.804260
0.000000	0.000000
& cycle # 6, chisq = 525.180396, e = 41.681912
35.000000	400.879387
34.247500	396.874164
33.533500	392.871114
32.116000	388.862758
31.629500	384.861108
30.278500	380.850211
30.002000	376.805109
29.851500	372.736847
29.739500	368.606743
29.648500	364.458883
29.571500	360.339928
29.505000	356.299723
29.445500	352.282950
29.389500	348.138921
29.337000	343.920704
29.288000	339.682822
29.242500	335.480147
29.200500	331.366822
29.158500	327.024606
29.120000	322.839996
29.081500	318.457429
29.046500	314.299652
29.011500	309.975031
28.980000	305.939187
28.948500	301.766390
28.917000	297.455944
28.885500	293.007238
28.857500	288.936332
28.829500	284.755443
28.801500	280.464294
28.773500	276.062654
28.745500	271.550343
28.721000	267.511181
28.696500	263.387133
28.672000	259.178185
28.647500	254.884361
28.623000	250.505732
28.598500	246.042417
28.574000	241.494588
28.549500	236.862475
28.528500	232.825231
28.507500	228.726501
28.486500	224.566547
28.465500	220.345667
28.444500	216.064201
28.423500	211.722530
28.402500	207.321074
28.381500	202.860297
28.360500	198.340704
28.339500	193.762839
28.318500	189.127288
28.297500	184.434674
28.276500	179.685660
28.259000	175.685566
28.241500	171.647210
28.224000	167.571029
28.206500	163.457473
28.189000	159.307007
28.171500	155.120109
28.154000	150.897267
28.136500	146.638980
28.119000	142.345759
28.101500	138.018119
28.084000	133.656588
28.066500	129.261698
28.049000	124.833988
28.031500	120.374002
28.014000	115.882291
27.996500	111.359409
27.979000	106.805916
27.961500	102.222374
0.000000	0.000000
& cycle # 7, chisq = 1499.140136, e = 41.681912
