SP = 600, MaxTime = 5391.25 
21.430645378306508	0.05958602291502757	0.00031969617826632657	-2.2545694104009195e-07	6.4816140125999e-11	-8.721086378865539e-15	4.532073831894725e-19
22.7742095310241	0.16281198669457808	0.00018517940581830317	-1.566085693002761e-07	4.7745954505205206e-11	-6.6742132495540935e-15	3.581787649169677e-19
1.3362860446795821	0.06681879462848883	0.00024040479134157522	-1.66292097550369e-07	4.801799798439307e-11	-6.62902585582516e-15	3.578688402485068e-19
43.83800179231912	0.18385162952472456	0.0001917169652898565	-1.8370721176913518e-07	6.123372788303396e-11	-9.2265957956425e-15	5.278058800173638e-19
SP = 650, MaxTime = 2682.12 
464.0264707673341	0.09631379178608768	-0.00011843317952298094	9.676593387686339e-08	-4.908586764048456e-11	1.3479427418627371e-14	-1.5021965434396154e-18
470.02387255895883	0.0965552662673872	-0.00012824181163750836	1.0690267138180332e-07	-5.16891699798086e-11	1.30812155910783e-14	-1.3337033827204513e-18
435.39325355831534	0.07603875442873687	-0.00011100375803607676	1.4464771963540457e-07	-1.0952916232407489e-10	3.978093151102556e-14	-5.352020713236369e-18
473.00971313007176	0.12463775143260136	-0.00020034898352605524	1.9324589017877258e-07	-1.0360044387040107e-10	2.8380510052252024e-14	-3.0973448764234363e-18
SP = 700, MaxTime = 2671.48 
505.82107173651457	0.09883364054257981	-0.00014209967810074886	1.500559070333196e-07	-9.463782730569081e-11	3.021128104257261e-14	-3.7328815591646836e-18
510.7246718984097	0.10906659152533393	-0.00015012655103419092	1.243532459227481e-07	-5.92950662528513e-11	1.4896008257761e-14	-1.5220578317247841e-18
478.96165972203016	0.07612115044321399	-0.0001020920512360135	1.3084783323513705e-07	-1.0782130423952e-10	4.331339763484555e-14	-6.382375618580825e-18
514.7322549205273	0.11126708450319711	-0.00012136409094409828	6.43960700319468e-08	-1.4405012881309187e-11	1.6685320863136198e-16	2.693551718324633e-19
SP = 750, MaxTime = 2079.0 
546.9868406765163	0.14193826305563562	-0.0002680610143670492	3.269432680141904e-07	-2.3023002124547554e-10	8.307840971749284e-14	-1.181232274257913e-17
551.5544709973037	0.13485213671810925	-0.00022010882548784139	2.1653272797017564e-07	-1.2415234096861683e-10	3.8029939893794004e-14	-4.7611653464269745e-18
518.2619435014203	0.08909191901329905	-4.1370603298673814e-05	-7.115710198846159e-08	1.173220561499766e-10	-6.468169240104942e-14	1.250605787412537e-17
557.1032127216458	0.1480452177929692	-0.0002788522485843714	3.270367254781803e-07	-2.207815213203096e-10	7.74988324873943e-14	-1.0913055149099697e-17
SP = 800, MaxTime = 1787.5199999999998 
589.0804880568758	0.1310182904417161	-0.00014104891761235194	2.8515963368391795e-08	6.363506813503172e-11	-4.961394903379578e-14	1.0943999756095455e-17
594.3164187446237	0.1494334940216504	-0.00023102404236396978	2.0017838364694285e-07	-9.207920016740534e-11	1.7603763981799956e-14	-1.065116013826609e-19
565.329306605272	0.11120470814057626	-6.636250498104346e-05	-9.908155984561517e-08	1.9836962020930438e-10	-1.2628135917939543e-13	2.8109508544604155e-17
599.4285754123703	0.19880272712907754	-0.0004992874023628247	7.444152050339881e-07	-6.063250587370894e-10	2.483200120646735e-13	-3.9997535852045813e-17
SP = 850, MaxTime = 1783.98 
634.5528657771647	0.1674125311546959	-0.0002948652270333696	2.965912262453685e-07	-1.573217073107258e-10	3.5956148176119235e-14	-1.571858334207593e-18
639.9283414669335	0.18673939557629637	-0.00037061093394186173	4.384068050811152e-07	-3.038127974024085e-10	1.1423128741846328e-13	-1.7939723889066615e-17
614.4587322706357	0.1642191239807289	-0.00028352204049042484	3.134398647297587e-07	-2.1244658549718354e-10	7.835877315797357e-14	-1.1904647278803015e-17
644.9429583195597	0.2142197890789248	-0.0004852768679484143	6.280099169586606e-07	-4.520449626600753e-10	1.679353205382919e-13	-2.507548949294785e-17
SP = 900, MaxTime = 1793.33 
680.5025814976543	0.20337600624770857	-0.0004073983434409456	4.772910990880064e-07	-3.264774449049379e-10	1.199211204920862e-13	-1.8201474569808028e-17
688.3311822619289	0.175855806999607	-0.000251173617243694	1.443476160822854e-07	3.7361437728311575e-12	-3.3875123961745216e-14	9.049277034828595e-18
665.2130359224975	0.19632724844268523	-0.00037656313156730903	4.04598901049269e-07	-2.386759253777959e-10	7.007026311920696e-14	-7.595187402959897e-18
692.6168799782172	0.22033599927090108	-0.0004876545660863485	6.842425399611329e-07	-5.634376246815842e-10	2.4070302212319357e-13	-4.0779884567868174e-17
SP = 950, MaxTime = 1768.0 
729.0316049773246	0.24109489968395792	-0.0005608807102817082	7.660820648958122e-07	-5.991251691810084e-10	2.441658897467294e-13	-3.9851620106316905e-17
736.4499953398481	0.22755077909096144	-0.0004397325385525619	4.2538214151122133e-07	-1.998143352166526e-10	3.659698725774871e-14	-2.0370341050247512e-19
714.8844838235527	0.2610380840487778	-0.0006325808976725966	8.784558485075422e-07	-6.697550526332807e-10	2.5672856742437323e-13	-3.842013713964352e-17
742.1572983739898	0.2424361771554686	-0.0005088284826797462	5.983621513827586e-07	-4.0025122062178897e-10	1.4120285780844309e-13	-2.0294996321876142e-17
SP = 1000, MaxTime = 1483.1299999999999 
778.8173525705934	0.2923656941857189	-0.0008280053486942052	1.3421682369951782e-06	-1.2294895908662729e-09	5.899416383937819e-13	-1.1494192219692625e-16
784.4091612566262	0.33000752015504986	-0.0010053773207800987	1.7077457075131974e-06	-1.6039197643646919e-09	7.743162961333715e-13	-1.495006255285483e-16
768.5276559125632	0.26284877414582297	-0.0006480675160673854	9.749808684844652e-07	-8.849204997246618e-10	4.3965401955384643e-13	-9.035208848448539e-17
790.708378765732	0.2782716898364015	-0.0006371075464812748	7.35446867849987e-07	-4.1281485261418505e-10	8.92165552013617e-14	2.790493796447639e-20
SP = 1050, MaxTime = 1494.0 
828.3592329025269	0.3591621564119123	-0.0011154100643580023	1.9064029830317963e-06	-1.785064697619465e-09	8.56676346208023e-13	-1.6454643671884797e-16
835.6152958255261	0.3527299588313326	-0.0011375616536497546	1.995280606514882e-06	-1.9011071146143865e-09	9.214804631926148e-13	-1.7763049282333436e-16
820.4310169480741	0.32462809467688203	-0.0009578041210716037	1.5742085173187093e-06	-1.4238658906443047e-09	6.58852854662251e-13	-1.2158316301562209e-16
843.5825427956879	0.3463915456086397	-0.0010799152366871567	1.813965744723589e-06	-1.6545170650195118e-09	7.670489935797701e-13	-1.412358275873603e-16
SP = 1100, MaxTime = 1192.1299999999999 
882.2500740233809	0.38833102624630556	-0.001414610213942069	2.9143593032188164e-06	-3.3332052395973477e-09	1.961803886590843e-12	-4.627482649666046e-16
887.4954009503126	0.40082974528195336	-0.001406247445174813	2.7340441146606054e-06	-2.9568736452378896e-09	1.6550249533472602e-12	-3.72700445047677e-16
870.1354690473527	0.3955707324203104	-0.0012276107604520803	1.9782589788519545e-06	-1.66826525857533e-09	6.680497745026629e-13	-9.013370111884524e-17
891.6120551973581	0.4188107782974839	-0.0014857175228826236	2.883282016696853e-06	-3.1236876696372207e-09	1.76854735486876e-12	-4.0675359730239773e-16
SP = 1150, MaxTime = 1192.1299999999999 
933.2800711337477	0.421095208148472	-0.001537112942969543	3.0832196245000887e-06	-3.377433405865604e-09	1.8754470090635855e-12	-4.1115369151305465e-16
938.593147771433	0.46430918195983395	-0.001841895494635537	3.929793768620016e-06	-4.573027234666682e-09	2.7183935593662724e-12	-6.440476180318468e-16
923.5502472277731	0.39948255656054243	-0.001303201542214083	2.3670316693369386e-06	-2.4191004130424965e-09	1.29382721441966e-12	-2.806308848694678e-16
945.1199873238802	0.4560594878275879	-0.001870934157523152	4.196267923362029e-06	-5.170302921908565e-09	3.2566113197243177e-12	-8.159290508117655e-16
SP = 1200, MaxTime = 1191.19 
986.6669090371579	0.4528868343331851	-0.0018185408980571083	3.937703075607146e-06	-4.631788671355386e-09	2.7790878949371595e-12	-6.651742927091579e-16
991.2988641764969	0.4644547325442545	-0.0018355350607635046	3.853739581671789e-06	-4.4006931432249985e-09	2.5699353601682344e-12	-5.996050735611473e-16
977.5769216902554	0.4764034476247616	-0.0019162578355462756	4.133400787864616e-06	-4.833380119750874e-09	2.8775539842774847e-12	-6.824273202825526e-16
995.3698873352259	0.5028356159455143	-0.0021324307526811026	4.825804234442899e-06	-5.896993077875168e-09	3.645815276398837e-12	-8.919085005097463e-16
SP = 1250, MaxTime = 590.07 
1038.6072259098291	0.4801077888114378	-0.0016661994195601437	1.3012555655222968e-06	5.2847553000390235e-09	-1.177618587496973e-11	6.6509144544229094e-15
1041.1136494129896	0.5955778283532709	-0.003442776293013594	1.211213444207715e-05	-2.535238952106056e-08	2.8549628915304492e-11	-1.3199486602980071e-14
1030.2289681117982	0.6145730611169711	-0.003538869763360708	1.1953868579439586e-05	-2.391670195223128e-08	2.621683946324449e-11	-1.2081405256656543e-14
1046.0723462104797	0.6336883323965594	-0.003689490362376091	1.1982911217955916e-05	-2.1629440905002184e-08	2.0411737783939538e-11	-7.917727771792699e-15
SP = 1300, MaxTime = 593.67 
1087.6243030335754	0.689895348274149	-0.004214395061353571	1.4051606115117465e-05	-2.562079542967055e-08	2.378165427172757e-11	-8.681508656458012e-15
1091.86895208247	0.6539950449950993	-0.003956604679842712	1.3719827066438484e-05	-2.6379396556031054e-08	2.575643420332091e-11	-9.836418068885871e-15
1081.0222204960883	0.7562850099056959	-0.005632918082483229	2.413090591346645e-05	-5.732457164508986e-08	6.976268374829855e-11	-3.385378783707859e-14
1097.085381951183	0.7314780621090904	-0.004882010713117779	1.8271042620199296e-05	-3.80352822570984e-08	4.092505094576218e-11	-1.7676159781922663e-14
SP = 1350, MaxTime = 590.4 
1140.0523811914027	0.7364204436307773	-0.004631771727872547	1.610096400384009e-05	-3.124730779680007e-08	3.156661797188917e-11	-1.2905644706118907e-14
1143.998694146052	0.7848296379670501	-0.005271704203551053	1.9112145963617877e-05	-3.7505464289822044e-08	3.718881582889799e-11	-1.4479567606207636e-14
1133.4542297124863	0.8558052196167409	-0.006340373742204974	2.4951219671720537e-05	-5.342322939583255e-08	5.889891590941942e-11	-2.619634519022458e-14
1149.0701124481857	0.775734699331224	-0.0050429743223503465	1.7350295536289195e-05	-3.1508735953700295e-08	2.7918568552918327e-11	-9.179917718638578e-15
SP = 1400, MaxTime = 595.65 
1191.7673990540206	0.8684874537866563	-0.006550431455252692	2.715610385450873e-05	-6.233034943736726e-08	7.406277641956033e-11	-3.5498422635790885e-14
1195.2053017932922	0.8863442367874086	-0.006198406725161476	2.279848321506961e-05	-4.522919494487354e-08	4.553222837828941e-11	-1.8179754591564557e-14
1185.3684651199728	0.9081907935906202	-0.006918929142557317	2.767411554316368e-05	-6.017410397740619e-08	6.734000390726941e-11	-3.0355852467191295e-14
1202.0786375384778	0.8819801490753889	-0.006542012815771159	2.606472087052225e-05	-5.69388223237155e-08	6.419297472054497e-11	-2.918837700335356e-14
SP = 1450, MaxTime = 593.45 
1245.3716789428145	0.8811555253341794	-0.006559032630320871	2.6249681951640014e-05	-5.775272271524301e-08	6.563955119460313e-11	-3.0073020807504355e-14
1249.0060860645026	0.9749958012253046	-0.007949622344312957	3.366262639303841e-05	-7.557232756250087e-08	8.537711943673587e-11	-3.8198812799548535e-14
1236.9891026150435	1.0447911054361612	-0.009156228177744197	4.168099341939069e-05	-1.0097482372461997e-07	1.2337222682259202e-10	-5.97296252891828e-14
1255.5263350289315	0.9610567505005747	-0.007700133828620892	3.287455626832525e-05	-7.62709780333104e-08	9.05043887056145e-11	-4.292156220514896e-14
SP = 1500, MaxTime = 595.4100000000001 
1296.0691345371306	0.9882997001986951	-0.0076994847622700036	3.113391706222046e-05	-6.80289194421313e-08	7.63291314919215e-11	-3.451325904950926e-14
1298.8432505112141	1.105290187522769	-0.00956647502607666	4.387103773240142e-05	-1.0822753554462494e-07	1.349563114256061e-10	-6.655903912586623e-14
1288.1074252687395	1.0735190086998045	-0.009138378289208049	3.999605105775572e-05	-9.40588696374256e-08	1.1304657936746926e-10	-5.448586221195711e-14
1309.2004467453808	0.9945187310222536	-0.00818602694926085	3.496816738390862e-05	-7.996780865271447e-08	9.295771704470601e-11	-4.314659980099312e-14
