30.000000	307.261078
25.503000	303.260532
13.227000	299.257862
9.750000	295.254906
9.276000	291.229720
8.973000	287.209263
8.736000	283.159555
8.538000	279.122332
8.367000	275.108540
8.214000	271.081866
8.073000	267.010458
7.944000	262.991927
7.821000	258.902295
7.707000	254.883729
7.599000	250.869861
7.494000	246.774018
7.395000	242.742277
7.299000	238.683710
7.206000	234.621405
7.116000	230.575309
7.029000	226.561202
6.942000	222.447965
6.858000	218.383295
6.777000	214.378242
6.696000	210.292133
6.618000	206.285612
6.540000	202.215209
6.462000	198.088222
6.387000	194.073081
6.312000	190.017001
6.237000	185.923278
6.162000	181.793739
6.087000	177.629472
6.015000	173.600361
5.943000	169.542740
5.871000	165.460287
5.799000	161.357989
5.727000	157.241544
5.655000	153.116448
5.583000	148.987117
5.511000	144.856352
5.439000	140.725349
5.367000	136.594261
5.295000	132.463111
5.223000	128.332718
5.151000	124.205277
5.079000	120.084355
5.007000	115.974284
4.935000	111.879165
4.863000	107.801876
4.791000	103.743475
0.000000	0.000000
& cycle # 1, chisq = 10728.732208, e = 28.125688
30.000000	387.021126
29.256000	383.007642
29.007000	378.989967
28.773000	374.972519
28.500000	370.969181
28.023000	366.958401
24.021000	362.957663
19.683000	358.955415
18.822000	354.946802
18.213000	350.937082
17.598000	346.920812
16.710000	342.914202
14.328000	338.912722
13.722000	334.900371
13.242000	330.879626
12.747000	326.873132
12.108000	322.866163
9.978000	318.849162
9.549000	314.820237
9.291000	310.810041
9.090000	306.764540
8.922000	302.718654
8.775000	298.652798
8.643000	294.579177
8.523000	290.540331
8.412000	286.534963
8.307000	282.519597
8.205000	278.415460
8.109000	274.373917
8.016000	270.297741
7.926000	266.208982
7.839000	262.131524
7.755000	258.089933
7.671000	253.958621
7.590000	249.902200
7.509000	245.785188
7.431000	241.771541
7.353000	237.716025
7.275000	233.624051
7.197000	229.501265
7.119000	225.354542
7.044000	221.352781
6.969000	217.346048
6.894000	213.344307
6.816000	209.198316
6.738000	205.078008
6.660000	200.990955
6.582000	196.942500
6.504000	192.936351
6.423000	188.824269
6.342000	184.765352
6.261000	180.765212
6.177000	176.686540
6.090000	172.545807
6.003000	168.498137
5.913000	164.414162
5.820000	160.305718
5.724000	156.181266
5.628000	152.171086
5.529000	148.152358
5.427000	144.135741
5.322000	140.133707
5.211000	136.047794
5.097000	131.996297
4.980000	127.970861
4.860000	123.957210
4.737000	119.942316
4.611000	115.916015
4.482000	111.862505
4.353000	107.842235
4.224000	103.806924
0.000000	0.000000
& cycle # 2, chisq = 10733.876532, e = 28.125688
30.000000	413.916562
29.928000	409.838669
29.832000	405.782720
29.682000	401.781493
28.281000	397.780644
24.933000	393.774572
21.876000	389.773567
21.252000	385.754079
20.871000	381.747125
20.568000	377.704558
20.310000	373.695767
20.079000	369.666077
19.866000	365.647998
19.662000	361.601799
19.467000	357.579100
19.278000	353.548602
19.092000	349.505155
18.906000	345.463326
18.717000	341.414770
18.525000	337.375583
18.330000	333.363072
18.126000	329.332214
17.907000	325.301317
17.667000	321.277093
17.400000	317.246872
17.088000	313.241978
16.668000	309.236468
15.897000	305.233518
13.791000	301.226429
13.215000	297.207917
12.771000	293.191239
12.381000	289.165250
11.991000	285.157563
11.577000	281.154588
11.043000	277.149969
8.970000	273.148988
8.415000	269.120060
8.136000	265.072535
7.935000	261.070017
7.770000	257.017595
7.629000	252.985847
7.503000	248.935462
7.389000	244.902352
7.284000	240.872211
7.185000	236.791754
7.092000	232.711579
7.005000	228.683665
6.921000	224.609972
6.840000	220.520057
6.762000	216.441217
6.687000	212.397481
6.612000	208.241281
6.540000	204.151316
6.471000	200.145127
6.402000	196.060016
6.333000	191.903216
6.267000	187.868361
6.201000	183.785539
6.135000	179.665248
6.069000	175.518519
6.003000	171.356279
5.937000	167.188830
5.871000	163.025596
5.805000	158.875209
5.739000	154.745913
5.673000	150.646129
5.607000	146.585020
5.541000	142.572852
5.472000	138.443007
5.403000	134.392998
5.331000	130.267181
5.259000	126.258582
5.184000	122.221852
5.106000	118.187234
5.025000	114.186301
4.938000	110.116425
4.845000	106.042302
4.746000	102.039844
0.000000	0.000000
& cycle # 3, chisq = 10741.976026, e = 28.125688
30.000000	315.344317
29.805000	311.322210
28.530000	307.311307
27.948000	303.292407
27.192000	299.289739
21.330000	295.288117
14.550000	291.286735
10.095000	287.280432
9.315000	283.271475
8.904000	279.261602
8.610000	275.242715
8.376000	271.192055
8.181000	267.135814
8.013000	263.112922
7.863000	259.093075
7.725000	255.016869
7.599000	250.956691
7.482000	246.883637
7.374000	242.862000
7.272000	238.836413
7.173000	234.723186
7.080000	230.677689
6.990000	226.595922
6.903000	222.493346
6.819000	218.385153
6.738000	214.287807
6.660000	210.219494
6.585000	206.199490
6.510000	202.080365
6.438000	198.039865
6.366000	193.921697
6.297000	189.907627
6.228000	185.831785
6.159000	181.697720
6.093000	177.692082
6.027000	173.639830
5.961000	169.545521
5.895000	165.415079
5.829000	161.255794
5.763000	157.075992
5.700000	153.075109
5.637000	149.071006
5.574000	145.070551
5.508000	140.890078
5.442000	136.726274
5.376000	132.584664
5.310000	128.470875
5.244000	124.391253
5.178000	120.353283
5.109000	116.185739
5.040000	112.084121
4.971000	108.059544
4.899000	103.953363
0.000000	0.000000
& cycle # 4, chisq = 10735.417623, e = 28.125688
30.000000	363.639771
25.269000	359.639297
22.443000	355.637158
19.767000	351.635567
17.442000	347.633589
14.553000	343.624513
13.134000	339.619697
12.075000	335.612971
11.379000	331.612354
10.875000	327.607391
10.485000	323.580192
10.164000	319.568745
9.894000	315.563333
9.657000	311.547208
9.444000	307.525227
9.252000	303.514003
9.075000	299.457297
8.913000	295.442075
8.760000	291.392265
8.616000	287.346968
8.481000	283.333039
8.352000	279.283493
8.229000	275.223807
8.112000	271.187490
7.998000	267.098538
7.890000	263.086654
7.785000	259.055993
7.683000	255.012769
7.584000	250.963481
7.488000	246.917847
7.395000	242.889356
7.302000	238.758882
7.212000	234.670797
7.125000	230.638685
7.038000	226.529749
6.954000	222.489271
6.870000	218.375256
6.789000	214.337305
6.708000	210.230155
6.630000	206.212152
6.552000	202.136595
6.474000	198.008685
6.399000	193.994872
6.324000	189.940723
6.249000	185.848057
6.174000	181.717202
6.102000	177.715195
6.030000	173.677241
5.958000	169.604010
5.886000	165.497638
5.814000	161.361744
5.742000	157.200922
5.673000	153.194439
5.604000	149.172863
5.535000	145.138469
5.466000	141.092213
5.397000	137.034058
5.328000	132.963658
5.259000	128.881147
5.190000	124.787789
5.121000	120.686230
5.052000	116.580254
4.983000	112.474112
4.914000	108.371655
4.845000	104.275586
4.776000	100.187113
0.000000	0.000000
& cycle # 5, chisq = 10725.904508, e = 28.125688
30.000000	307.261078
9.600000	303.249482
9.006000	299.243667
8.661000	295.209733
8.406000	291.193059
8.199000	287.153864
8.022000	283.105166
7.866000	279.066378
7.725000	275.014436
7.596000	270.949617
7.476000	266.846352
7.365000	262.770498
7.260000	258.669725
7.161000	254.588736
7.068000	250.566899
6.978000	246.499933
6.891000	242.402184
6.807000	238.288038
6.726000	234.173424
6.648000	230.076162
6.573000	226.015247
6.501000	222.009601
6.429000	217.903866
6.360000	213.879373
6.291000	209.770016
6.225000	205.761748
6.159000	201.678698
6.093000	197.521720
6.030000	193.485870
5.967000	189.385672
5.904000	185.224076
5.844000	181.207274
5.784000	177.142714
5.724000	173.035046
5.664000	168.888887
5.604000	164.708437
5.544000	160.497214
5.487000	156.470581
5.430000	152.420560
5.373000	148.348808
5.316000	144.257099
5.259000	140.147654
5.202000	136.023383
5.145000	131.887979
5.088000	127.745825
5.031000	123.601739
4.974000	119.460611
4.917000	115.327017
4.860000	111.204920
4.803000	107.097520
4.746000	103.007305
0.000000	0.000000
& cycle # 1, chisq = 9140.880143, e = 29.997552
30.000000	387.021126
27.060000	383.015307
26.220000	379.012955
25.215000	375.008531
21.210000	371.002425
20.142000	366.988882
19.500000	362.976968
18.951000	358.972497
18.408000	354.972207
17.745000	350.972063
15.138000	346.971424
13.866000	342.963208
13.275000	338.943414
12.783000	334.929805
12.255000	330.922274
11.469000	326.915026
9.399000	322.893232
9.033000	318.879796
8.790000	314.858213
8.598000	310.834192
8.436000	306.804879
8.295000	302.797585
8.166000	298.720005
8.049000	294.690535
7.938000	290.586310
7.836000	286.578833
7.737000	282.475003
7.644000	278.428596
7.554000	274.338827
7.467000	270.228339
7.383000	266.121483
7.302000	262.042704
7.224000	258.014720
7.146000	253.897320
7.071000	249.861014
6.996000	245.754401
6.924000	241.749956
6.852000	237.688381
6.780000	233.573917
6.708000	229.412059
6.639000	225.385663
6.570000	221.329662
6.501000	217.252210
6.432000	213.161473
6.363000	209.064931
6.294000	204.968870
6.225000	200.878240
6.156000	196.796908
6.087000	192.728231
6.018000	188.675753
5.949000	184.643823
5.880000	180.637894
5.808000	176.492505
5.736000	172.390356
5.664000	168.339020
5.589000	164.179737
5.514000	160.087577
5.439000	156.065548
5.361000	151.958725
5.283000	147.930875
5.202000	143.834162
5.121000	139.829395
5.037000	135.779552
4.950000	131.702682
4.860000	127.616348
4.767000	123.535142
4.671000	119.469638
4.572000	115.427972
4.470000	111.419449
4.362000	107.346589
4.251000	103.345985
0.000000	0.000000
& cycle # 2, chisq = 9137.399216, e = 29.997552
30.000000	413.916562
29.724000	409.908912
28.440000	405.903745
26.835000	401.903615
26.457000	397.890290
26.154000	393.881174
25.869000	389.851418
25.572000	385.815037
25.230000	381.801491
24.729000	377.787699
22.539000	373.784029
21.930000	369.783633
21.504000	365.781363
21.123000	361.767953
20.751000	357.753147
20.349000	353.748436
19.869000	349.742640
19.089000	345.737677
15.600000	341.734717
14.553000	337.726647
13.608000	333.720087
10.419000	329.708277
9.810000	325.707029
9.441000	321.697149
9.162000	317.685554
8.931000	313.656075
8.733000	309.609524
8.559000	305.565706
8.403000	301.548581
8.259000	297.506715
8.127000	293.504903
8.004000	289.503326
7.887000	285.442389
7.776000	281.358832
7.671000	277.293394
7.572000	273.284744
7.476000	269.237281
7.383000	265.165031
7.293000	261.079752
7.206000	256.993264
7.122000	252.919200
7.041000	248.873445
6.963000	244.873349
6.885000	240.777080
6.810000	236.753725
6.735000	232.652771
6.663000	228.646748
6.591000	224.575736
6.519000	220.441770
6.450000	216.422963
6.381000	212.351030
6.312000	208.230073
6.243000	204.065826
6.177000	200.048770
6.111000	196.005860
6.045000	191.944485
5.979000	187.871684
5.913000	183.793750
5.847000	179.716129
5.781000	175.643652
5.715000	171.581042
5.649000	167.533524
5.583000	163.507364
5.514000	159.329294
5.445000	155.193022
5.376000	151.109656
5.307000	147.090459
5.235000	142.976362
5.163000	138.954236
5.088000	134.872024
5.010000	130.752396
4.929000	126.620687
4.845000	122.506597
4.758000	118.445686
4.665000	114.351639
4.566000	110.298614
4.458000	106.260351
4.335000	102.168528
0.000000	0.000000
& cycle # 3, chisq = 9139.833590, e = 29.997552
30.000000	315.344317
15.240000	311.343322
9.531000	307.332336
9.051000	303.312435
8.736000	299.287090
8.490000	295.235983
8.289000	291.226304
8.115000	287.201866
7.959000	283.147973
7.818000	279.111398
7.689000	275.091152
7.569000	271.054123
7.455000	266.944650
7.350000	262.922822
7.248000	258.802743
7.152000	254.737402
7.059000	250.627362
6.969000	246.487837
6.885000	242.477923
6.804000	238.475264
6.723000	234.338631
6.645000	230.230352
6.570000	226.168199
6.495000	222.001183
6.423000	217.906949
6.354000	213.900741
6.285000	209.816293
6.216000	205.655048
6.150000	201.603457
6.084000	197.482555
6.018000	193.293129
5.955000	189.231787
5.892000	185.112144
5.829000	180.937795
5.769000	176.915342
5.709000	172.851238
5.649000	168.749336
5.589000	164.612953
5.529000	160.444657
5.469000	156.246259
5.412000	152.231047
5.355000	148.190725
5.298000	144.126409
5.241000	140.039721
5.184000	135.932995
5.127000	131.809311
5.070000	127.672357
5.013000	123.526133
4.956000	119.374576
4.899000	115.221191
4.842000	111.068795
4.785000	106.919422
4.728000	102.774442
0.000000	0.000000
& cycle # 4, chisq = 9138.306770, e = 29.997552
30.000000	363.639771
29.868000	359.625980
29.664000	355.598468
29.151000	351.596286
25.626000	347.596194
24.369000	343.592709
23.106000	339.589826
21.318000	335.586214
18.822000	331.584005
16.599000	327.582843
14.586000	323.577192
13.287000	319.575343
11.661000	315.571987
10.476000	311.565384
9.783000	307.561839
9.318000	303.554721
8.973000	299.540348
8.694000	295.492796
8.460000	291.444231
8.259000	287.388045
8.082000	283.328005
7.923000	279.273870
7.779000	275.247434
7.647000	271.231405
7.524000	267.184828
7.410000	263.158616
7.302000	259.094854
7.200000	255.032675
7.104000	251.008184
7.011000	246.918223
6.924000	242.914861
6.840000	238.879961
6.759000	234.825930
6.681000	230.767538
6.606000	226.721604
6.534000	222.705956
6.462000	218.563085
6.393000	214.474851
6.327000	210.456885
6.261000	206.333428
6.198000	202.297833
6.135000	198.163397
6.075000	194.132499
6.015000	190.009555
5.958000	186.007288
5.901000	181.922335
5.844000	177.756063
5.790000	173.735858
5.736000	169.646460
5.682000	165.489913
5.628000	161.268048
5.577000	157.222052
5.526000	153.119874
5.475000	148.961939
5.424000	144.748412
5.376000	140.732022
5.328000	136.666617
5.280000	132.552621
5.232000	128.390845
5.184000	124.182563
5.136000	119.929517
5.091000	115.903534
5.046000	111.842079
5.001000	107.747229
4.956000	103.621015
0.000000	0.000000
& cycle # 5, chisq = 9146.848152, e = 29.997552
30.000000	307.261078
10.311000	303.259796
9.267000	299.258737
8.868000	295.256345
8.586000	291.211348
8.364000	287.177248
8.178000	283.144553
8.016000	279.130752
7.869000	275.079801
7.734000	271.004201
7.611000	266.979481
7.497000	262.975216
7.389000	258.938295
7.287000	254.913921
7.188000	250.818656
7.095000	246.807140
7.005000	242.775690
6.918000	238.739144
6.834000	234.711394
6.753000	230.707076
6.672000	226.587689
6.594000	222.517471
6.519000	218.514717
6.444000	214.431684
6.369000	210.275030
6.297000	206.220536
6.225000	202.106962
6.153000	197.936994
6.084000	193.890060
6.015000	189.796100
5.946000	185.658801
5.877000	181.483300
5.811000	177.459584
5.745000	173.413320
5.679000	169.351101
5.613000	165.279031
5.547000	161.202258
5.481000	157.124831
5.415000	153.049905
5.349000	148.980261
5.283000	144.918948
5.217000	140.869866
5.151000	136.838069
5.085000	132.829695
5.016000	128.671520
4.947000	124.554009
4.878000	120.483899
4.809000	116.466433
4.737000	112.334410
4.665000	108.266719
4.593000	104.266128
4.518000	100.174091
0.000000	0.000000
& cycle # 1, chisq = 8799.509519, e = 29.582571
30.000000	387.021126
29.949000	382.818442
29.877000	378.686861
29.733000	374.654112
28.935000	370.627720
28.626000	366.607565
28.278000	362.597534
26.748000	358.595721
26.226000	354.581969
25.866000	350.557297
25.527000	346.528325
25.155000	342.515774
24.621000	338.501993
22.245000	334.497567
21.474000	330.480682
20.799000	326.470521
19.803000	322.468913
13.137000	318.468669
9.471000	314.448687
9.075000	310.434937
8.811000	306.425776
8.601000	302.370229
8.427000	298.356457
8.274000	294.295426
8.139000	290.289327
8.013000	286.197614
7.896000	282.098487
7.788000	278.059040
7.686000	274.016433
7.590000	270.008471
7.497000	265.940171
7.407000	261.835595
7.320000	257.720609
7.236000	253.620519
7.155000	249.558047
7.077000	245.552383
6.999000	241.460438
6.924000	237.448713
6.849000	233.365295
6.774000	229.214943
6.702000	225.173571
6.630000	221.083829
6.558000	216.954665
6.486000	212.795929
6.417000	208.791884
6.348000	204.777808
6.279000	200.760629
6.210000	196.746101
6.141000	192.739133
6.069000	188.571055
5.997000	184.422124
5.925000	180.299368
5.853000	176.211233
5.781000	172.167272
5.706000	168.012445
5.631000	163.926720
5.556000	159.918828
5.478000	155.840254
5.397000	151.707147
5.316000	147.683017
5.232000	143.630436
5.145000	139.570351
5.055000	135.527844
4.959000	131.405348
4.860000	127.370304
4.755000	123.337007
4.641000	119.244446
4.518000	115.158506
4.386000	111.152979
4.236000	107.081982
4.065000	103.052718
0.000000	0.000000
& cycle # 2, chisq = 8800.165211, e = 29.582571
30.000000	413.916562
25.692000	409.915068
18.558000	405.915010
16.329000	401.914075
13.794000	397.907007
12.990000	393.904121
11.706000	389.902158
10.050000	385.889870
9.756000	381.874877
9.555000	377.852268
9.396000	373.816876
9.261000	369.760472
9.144000	365.755835
9.036000	361.637918
8.940000	357.623787
8.850000	353.548940
8.766000	349.469948
8.688000	345.444669
8.613000	341.362277
8.541000	337.253292
8.472000	333.147054
8.406000	329.070771
8.343000	325.049129
8.280000	320.904236
8.220000	316.845874
8.160000	312.683007
8.103000	308.635061
8.046000	304.500310
7.989000	300.283562
7.935000	296.218392
7.881000	292.090751
7.827000	287.907395
7.773000	283.675824
7.722000	279.642316
7.671000	275.580014
7.620000	271.496021
7.569000	267.397343
7.518000	263.290782
7.467000	259.182887
7.416000	255.079974
7.365000	250.988211
7.314000	246.913749
7.263000	242.862874
7.212000	238.842156
7.158000	234.625552
7.104000	230.459422
7.050000	226.353173
6.996000	222.316657
6.939000	218.142693
6.882000	214.069501
6.822000	209.903353
6.762000	205.873981
6.699000	201.802675
6.633000	197.725110
6.564000	193.679751
6.489000	189.548035
6.408000	185.411074
6.321000	181.360800
6.222000	177.267977
6.108000	173.258845
5.961000	169.214340
5.724000	165.213589
4.872000	161.174525
4.713000	157.101652
4.617000	153.088868
4.542000	148.922770
4.482000	144.836594
4.431000	140.777733
4.386000	136.710916
4.344000	132.475248
4.305000	128.138191
4.269000	123.770449
4.236000	119.444320
4.206000	115.232145
4.179000	111.204862
4.152000	106.945706
4.125000	102.446851
0.000000	0.000000
& cycle # 3, chisq = 8743.270582, e = 29.582571
30.000000	315.344317
25.350000	311.343777
19.017000	307.343529
17.676000	303.338320
15.948000	299.338171
9.255000	295.332513
8.733000	291.330539
8.427000	287.317623
8.199000	283.277125
8.013000	279.241846
7.854000	275.241169
7.710000	271.152993
7.581000	267.091283
7.464000	263.068495
7.356000	259.067967
7.254000	255.041622
7.158000	251.037884
7.065000	246.965073
6.975000	242.843023
6.891000	238.835405
6.810000	234.824533
6.729000	230.671951
6.651000	226.543585
6.576000	222.460367
6.504000	218.442759
6.432000	214.336799
6.363000	210.325489
6.294000	206.244829
6.225000	202.099236
6.159000	198.076542
6.093000	194.000907
6.027000	189.875860
5.961000	185.705907
5.898000	181.688925
5.835000	177.642464
5.772000	173.573500
5.709000	169.489369
5.646000	165.397234
5.583000	161.303623
5.520000	157.214168
5.457000	153.133617
5.394000	149.066127
5.331000	145.015735
5.268000	140.986879
5.205000	136.984807
5.139000	132.827681
5.073000	128.714911
5.007000	124.655084
4.938000	120.476339
4.869000	116.372897
4.800000	112.351457
4.728000	108.248052
4.656000	104.243930
4.581000	100.183140
0.000000	0.000000
& cycle # 4, chisq = 8802.588604, e = 29.582571
30.000000	363.639771
25.779000	359.637186
19.935000	355.634827
13.926000	351.633790
11.634000	347.633781
10.872000	343.617313
10.407000	339.597932
10.062000	335.593366
9.786000	331.591853
9.549000	327.566918
9.342000	323.562188
9.156000	319.520303
8.988000	315.492251
8.832000	311.438789
8.688000	307.432461
8.550000	303.344515
8.421000	299.289104
8.298000	295.204249
8.181000	291.123599
8.070000	287.084598
7.962000	283.006055
7.857000	278.903894
7.755000	274.788673
7.656000	270.668445
7.560000	266.552314
7.467000	262.452550
7.377000	258.384436
7.290000	254.364438
7.203000	250.265334
7.119000	246.237765
7.035000	242.144557
6.954000	238.136107
6.873000	234.066991
6.792000	229.937112
6.714000	225.904071
6.636000	221.819220
6.558000	217.687626
6.483000	213.676561
6.408000	209.633321
6.333000	205.562247
6.258000	201.466089
6.183000	197.346028
6.108000	193.202287
6.036000	189.202240
5.964000	185.181685
5.892000	181.143111
5.820000	177.090448
5.748000	173.028588
5.676000	168.962552
5.604000	164.896574
5.532000	160.833454
5.460000	156.774402
5.388000	152.719462
5.316000	148.668343
5.244000	144.621381
5.172000	140.580235
5.100000	136.548075
5.028000	132.529132
4.956000	128.527799
4.881000	124.382249
4.806000	120.261739
4.731000	116.166369
4.656000	112.094902
4.581000	108.046014
4.506000	104.019545
4.431000	100.017172
0.000000	0.000000
& cycle # 5, chisq = 8789.847736, e = 29.582571
30.000000	307.261078
29.106000	303.256921
28.650000	299.232226
28.260000	295.230357
27.687000	291.222012
25.143000	287.214565
24.048000	283.210704
18.417000	279.210476
11.154000	275.208615
9.705000	271.192394
9.183000	267.171691
8.829000	263.158425
8.547000	259.116456
8.313000	255.094365
8.109000	251.041806
7.929000	247.041288
7.764000	243.014760
7.611000	238.949021
7.470000	234.899616
7.338000	230.841270
7.215000	226.831583
7.098000	222.816934
6.984000	218.714502
6.876000	214.646797
6.774000	210.635690
6.675000	206.581276
6.579000	202.498594
6.486000	198.405154
6.396000	194.317929
6.309000	190.251101
6.225000	186.215548
6.141000	182.069876
6.060000	177.964283
5.982000	173.907841
5.904000	169.749521
5.829000	165.656080
5.757000	161.640885
5.685000	157.544401
5.616000	153.544049
5.547000	149.471248
5.478000	145.325150
5.412000	141.288920
5.346000	137.181644
5.280000	133.001365
5.217000	128.941940
5.154000	124.814962
5.091000	120.621402
5.031000	116.567113
4.971000	112.455410
4.911000	108.287432
4.854000	104.276095
4.797000	100.213883
0.000000	0.000000
& cycle # 1, chisq = 8862.833824, e = 27.436344
30.000000	387.021126
29.979000	382.670763
29.955000	378.191830
29.928000	373.737912
29.898000	369.441623
29.865000	365.423473
29.823000	361.255018
29.769000	357.199866
29.685000	353.137962
29.130000	349.132441
28.857000	345.077994
28.698000	341.018399
28.566000	337.009849
28.443000	332.977802
28.323000	328.949003
28.200000	324.902036
28.071000	320.898835
27.927000	316.849108
27.759000	312.826733
27.537000	308.784473
27.135000	304.775520
25.182000	300.771224
24.213000	296.763273
21.069000	292.759979
17.991000	288.759668
16.377000	284.749192
15.555000	280.736319
14.808000	276.716273
14.262000	272.707769
13.350000	268.706677
9.450000	264.699098
8.751000	260.697640
8.385000	256.686145
8.124000	252.655701
7.914000	248.603262
7.737000	244.577388
7.581000	240.519212
7.443000	236.504140
7.317000	232.484104
7.200000	228.453158
7.089000	224.368380
6.984000	220.271839
6.885000	216.200635
6.792000	212.190632
6.702000	208.140902
6.615000	204.073834
6.531000	200.013477
6.450000	195.983407
6.369000	191.850057
6.291000	187.779865
6.213000	183.627546
6.138000	179.562210
6.063000	175.430181
5.991000	171.405895
5.919000	167.331941
5.847000	163.216811
5.775000	159.070569
5.703000	154.904100
5.634000	150.902188
5.565000	146.900160
5.493000	142.732026
5.421000	138.579062
5.349000	134.447903
5.277000	130.345521
5.205000	126.280060
5.133000	122.261223
5.058000	118.136410
4.983000	114.087192
4.905000	109.969422
4.827000	105.958467
4.746000	101.916013
0.000000	0.000000
& cycle # 2, chisq = 8867.302608, e = 27.436344
30.000000	413.916562
29.859000	409.868670
28.860000	405.866883
28.401000	401.860786
27.948000	397.840261
26.961000	393.840122
24.180000	389.829898
23.112000	385.819369
22.029000	381.818478
20.754000	377.813522
18.420000	373.812916
11.829000	369.803301
11.274000	365.782057
10.926000	361.774464
10.662000	357.748742
10.443000	353.740373
10.251000	349.686754
10.083000	345.680890
9.930000	341.645557
9.789000	337.610012
9.657000	333.570121
9.531000	329.482275
9.414000	325.480242
9.300000	321.384524
9.192000	317.324854
9.087000	313.216372
8.988000	309.207139
8.892000	305.205240
8.796000	301.100955
8.703000	297.033784
8.613000	293.015437
8.523000	288.917313
8.436000	284.881404
8.349000	280.775777
8.265000	276.751462
8.181000	272.676159
8.097000	268.559406
8.016000	264.559236
7.935000	260.536342
7.854000	256.495714
7.773000	252.440340
7.692000	248.371997
7.611000	244.292474
7.530000	240.204783
7.449000	236.113872
7.368000	232.026584
7.287000	227.950835
7.206000	223.894316
7.125000	219.863214
7.044000	215.861418
6.960000	211.744071
6.876000	207.660107
6.792000	203.609474
6.708000	199.593361
6.621000	195.473618
6.534000	191.399775
6.447000	187.377778
6.357000	183.276457
6.267000	179.237213
6.174000	175.126480
6.081000	171.075112
5.985000	166.949882
5.889000	162.879016
5.793000	158.862171
5.694000	154.777650
5.595000	150.751503
5.493000	146.659060
5.391000	142.611946
5.289000	138.595677
5.184000	134.479298
5.079000	130.370710
4.974000	126.262369
4.869000	122.145190
4.767000	118.122755
4.665000	114.057157
4.566000	110.047465
4.467000	105.954521
4.371000	101.890175
0.000000	0.000000
& cycle # 3, chisq = 8847.133761, e = 27.436344
30.000000	315.344317
29.922000	311.226842
29.781000	307.203873
28.689000	303.197481
26.457000	299.192547
23.019000	295.189827
19.455000	291.188452
17.415000	287.187739
13.155000	283.185427
11.508000	279.184387
9.276000	275.183114
8.898000	271.181890
8.634000	267.161994
8.424000	263.156788
8.244000	259.103988
8.085000	255.046913
7.941000	251.002084
7.809000	246.993922
7.683000	242.900392
7.566000	238.865031
7.455000	234.833539
7.347000	230.733490
7.245000	226.715738
7.146000	222.695225
7.050000	218.693224
6.954000	214.596284
6.861000	210.541280
6.771000	206.540924
6.681000	202.472427
6.591000	198.345729
6.504000	194.312968
6.417000	190.249255
6.330000	186.164943
6.243000	182.067652
6.156000	177.962250
6.069000	173.852118
5.982000	169.741069
5.895000	165.634956
5.808000	161.542136
5.721000	157.472474
5.634000	153.435372
5.544000	149.300702
5.454000	145.212212
5.364000	141.170689
5.271000	137.043657
5.178000	132.968184
5.085000	128.948869
4.989000	124.865883
4.893000	120.856351
4.794000	116.801016
4.692000	112.704120
4.590000	108.683069
4.485000	104.617179
4.377000	100.511766
0.000000	0.000000
& cycle # 4, chisq = 8861.459263, e = 27.436344
30.000000	363.639771
29.742000	359.622083
28.482000	355.614571
28.038000	351.608946
27.597000	347.596003
26.970000	343.595788
24.345000	339.589465
23.622000	335.582043
23.085000	331.564019
22.599000	327.550124
22.113000	323.544256
21.576000	319.535410
20.901000	315.525470
19.401000	311.523993
16.245000	307.516910
15.507000	303.503548
14.883000	299.503100
13.851000	295.499356
12.219000	291.497797
9.738000	287.483623
9.306000	283.463631
9.012000	279.450312
8.778000	275.425067
8.580000	271.417116
8.406000	267.398305
8.250000	263.376687
8.106000	259.315342
7.974000	255.309591
7.848000	251.240380
7.728000	247.140973
7.614000	243.040376
7.506000	238.970006
7.404000	234.965471
7.305000	230.939744
7.209000	226.916463
7.116000	222.916075
7.023000	218.820984
6.933000	214.771411
6.843000	210.639174
6.756000	206.569491
6.669000	202.431835
6.585000	198.380811
6.501000	194.285081
6.417000	190.155494
6.336000	186.150511
6.255000	182.130069
6.174000	178.099173
6.093000	174.061772
6.012000	170.022136
5.931000	165.986155
5.850000	161.961990
5.769000	157.959730
5.685000	153.843943
5.601000	149.774447
5.517000	145.759956
5.430000	141.666477
5.343000	137.643204
5.253000	133.560249
5.160000	129.433681
5.067000	125.412665
4.971000	121.386846
4.872000	117.381888
4.767000	113.307224
4.659000	109.306663
4.545000	105.295764
4.422000	101.219182
0.000000	0.000000
& cycle # 5, chisq = 8861.061633, e = 27.436344
30.000000	307.261078
28.953000	303.253103
28.266000	299.251874
27.630000	295.237440
24.945000	291.235511
23.922000	287.225084
22.785000	283.219999
18.888000	279.217603
17.631000	275.208787
16.203000	271.202823
11.676000	267.201634
10.275000	263.199854
9.486000	259.189132
8.958000	255.188287
8.565000	251.174830
8.256000	247.164503
8.001000	243.133216
7.782000	239.081163
7.593000	235.061657
7.425000	231.012284
7.275000	226.983133
7.137000	222.912714
7.011000	218.871120
6.894000	214.814962
6.786000	210.787944
6.684000	206.717618
6.588000	202.639020
6.498000	198.591259
6.411000	194.467942
6.330000	190.438266
6.252000	186.377999
6.177000	182.300473
6.105000	178.218920
6.036000	174.147476
5.970000	170.101710
5.907000	166.098588
5.844000	161.955515
5.784000	157.878621
5.724000	153.673268
5.667000	149.558709
5.613000	145.552596
5.559000	141.440148
5.505000	137.219714
5.454000	133.132704
5.403000	128.945492
5.355000	124.911226
5.307000	120.784844
5.259000	116.565105
5.214000	112.523575
5.169000	108.398974
5.124000	104.191374
5.082000	100.189722
0.000000	0.000000
& cycle # 1, chisq = 9060.837234, e = 27.140170
30.000000	387.021126
29.982000	383.006883
29.961000	378.623034
29.940000	374.549580
29.916000	370.249982
29.889000	365.830888
29.862000	361.823981
29.832000	357.821271
29.796000	353.585382
29.754000	349.337171
29.706000	345.284380
29.646000	341.250640
29.562000	337.148601
29.421000	333.148465
28.161000	329.143650
25.806000	325.136973
25.065000	321.121959
24.189000	317.114932
21.288000	313.103211
20.460000	309.094447
19.683000	305.085737
18.375000	301.085403
14.628000	297.075160
13.797000	293.062787
12.846000	289.060771
11.658000	285.051571
10.536000	281.041716
9.813000	277.033113
9.336000	273.019667
8.988000	268.998784
8.712000	264.983085
8.481000	260.965701
8.283000	256.952670
8.106000	252.880003
7.947000	248.823262
7.803000	244.813893
7.668000	240.747151
7.542000	236.666341
7.425000	232.624497
7.314000	228.568713
7.209000	224.541492
7.107000	220.458462
7.008000	216.337717
6.915000	212.325472
6.825000	208.312283
6.735000	204.172694
6.648000	200.056016
6.564000	195.981942
6.483000	191.970279
6.402000	187.886638
6.321000	183.739746
6.243000	179.693372
6.165000	175.600129
6.087000	171.464695
6.012000	167.453572
5.937000	163.414893
5.862000	159.357155
5.787000	155.290717
5.712000	151.226997
5.637000	147.177346
5.562000	143.152025
5.484000	139.000792
5.406000	134.893368
5.328000	130.837248
5.247000	126.688202
5.166000	122.614424
5.082000	118.483570
4.998000	114.464411
4.911000	110.436340
4.821000	106.428991
4.725000	102.346660
0.000000	0.000000
& cycle # 2, chisq = 9054.879210, e = 27.140170
30.000000	413.916562
29.949000	409.798850
29.880000	405.737655
29.760000	401.678168
28.992000	397.669658
28.710000	393.629084
28.497000	389.617316
28.296000	385.604869
28.083000	381.568067
27.837000	377.548653
27.498000	373.521740
25.365000	369.521008
20.844000	365.516441
19.524000	361.511152
18.042000	357.506907
16.113000	353.502988
11.880000	349.498563
11.196000	345.492868
10.800000	341.469211
10.506000	337.441660
10.266000	333.441476
10.059000	329.394350
9.876000	325.325625
9.711000	321.273507
9.558000	317.199955
9.417000	313.169264
9.285000	309.143100
9.159000	305.067178
9.039000	300.980492
8.925000	296.926087
8.814000	292.830224
8.709000	288.828941
8.607000	284.826324
8.505000	280.709352
8.406000	276.604423
8.310000	272.524938
8.217000	268.487422
8.124000	264.375970
8.034000	260.337166
7.944000	256.248200
7.854000	252.115079
7.767000	248.080743
7.680000	244.009459
7.593000	239.902795
7.506000	235.764148
7.422000	231.743528
7.338000	227.706278
7.254000	223.660830
7.170000	219.614938
7.086000	215.574323
7.002000	211.542106
6.918000	207.519251
6.834000	203.505821
6.750000	199.502525
6.663000	195.369645
6.576000	191.255486
6.489000	187.166626
6.402000	183.109286
6.315000	179.087501
6.225000	174.965332
6.135000	170.879857
6.045000	166.827313
5.955000	162.804678
5.862000	158.678642
5.769000	154.585613
5.676000	150.528199
5.583000	146.507040
5.487000	142.390570
5.391000	138.300768
5.295000	134.226844
5.199000	130.158826
5.103000	126.089754
5.007000	122.015302
4.911000	117.930935
4.815000	113.828430
4.722000	109.823971
4.629000	105.773446
4.536000	101.659849
0.000000	0.000000
& cycle # 3, chisq = 9041.715229, e = 27.140170
30.000000	315.344317
29.679000	311.332929
26.256000	307.331558
23.721000	303.327803
21.954000	299.321366
20.073000	295.319206
17.979000	291.316531
16.248000	287.315193
14.889000	283.313557
14.229000	279.297685
13.482000	275.296031
12.600000	271.285057
11.481000	267.282713
10.239000	263.274400
9.366000	259.269503
8.820000	255.261391
8.436000	251.238869
8.145000	247.206416
7.908000	243.153701
7.707000	239.088975
7.533000	235.018583
7.380000	230.963000
7.242000	226.899551
7.116000	222.840407
6.999000	218.757419
6.891000	214.702555
6.789000	210.604867
6.693000	206.499544
6.603000	202.426880
6.516000	198.283072
6.435000	194.242958
6.357000	190.187054
6.282000	186.133504
6.210000	182.098709
6.141000	178.098060
6.072000	173.964235
6.006000	169.884351
5.943000	165.875260
5.880000	161.755553
5.820000	157.731541
5.760000	153.612581
5.700000	149.402133
5.643000	145.320624
5.586000	141.162357
5.532000	137.154177
5.478000	133.080652
5.424000	128.943078
5.370000	124.742737
5.319000	120.719501
5.268000	116.643385
5.217000	112.516705
5.166000	108.342441
5.115000	104.124215
5.067000	100.117670
0.000000	0.000000
& cycle # 4, chisq = 9061.740312, e = 27.140170
30.000000	363.639771
27.000000	359.637567
26.241000	355.617045
25.836000	351.616512
25.530000	347.589901
25.272000	343.544233
25.044000	339.505335
24.837000	335.491570
24.642000	331.479168
24.453000	327.428438
24.270000	323.386114
24.090000	319.348796
23.910000	315.323014
23.727000	311.295369
23.538000	307.239972
23.343000	303.224113
23.133000	299.178804
22.902000	295.129507
22.641000	291.092955
22.326000	287.083309
21.882000	283.068789
19.563000	279.065977
18.438000	275.065533
17.757000	271.060164
17.064000	267.053562
15.930000	263.047991
11.499000	259.047912
8.766000	255.047104
8.343000	251.037445
8.064000	247.017125
7.845000	242.986128
7.662000	238.963916
7.503000	234.932376
7.362000	230.914758
7.233000	226.869302
7.113000	222.787158
7.002000	218.731514
6.897000	214.637795
6.798000	210.539027
6.705000	206.471001
6.615000	202.331221
6.531000	198.288215
6.450000	194.227776
6.372000	190.169036
6.297000	186.128819
6.225000	182.121768
6.153000	177.986187
6.084000	173.899326
6.018000	169.874541
5.952000	165.735208
5.889000	161.676816
5.826000	157.514319
5.766000	153.454407
5.706000	149.302501
5.649000	145.273924
5.592000	141.163624
5.535000	136.971282
5.481000	132.922981
5.427000	128.798762
5.373000	124.597008
5.322000	120.556041
5.271000	116.443352
5.220000	112.258202
5.172000	108.252800
5.124000	104.183126
5.076000	100.049627
0.000000	0.000000
& cycle # 5, chisq = 9060.547495, e = 27.140170
30.000000	307.261078
10.566000	303.256735
9.552000	299.241437
9.108000	295.223392
8.802000	291.222304
8.559000	287.221731
8.355000	283.202188
8.178000	279.169649
8.019000	275.101970
7.875000	271.048286
7.743000	267.009165
7.620000	262.949058
7.506000	258.918053
7.398000	254.857157
7.296000	250.807619
7.197000	246.682155
7.104000	242.634049
7.014000	238.556701
6.927000	234.463036
6.843000	230.365205
6.762000	226.276345
6.684000	222.211400
6.609000	218.186841
6.534000	214.052227
6.462000	209.983569
6.390000	205.821356
6.321000	201.747473
6.252000	197.591787
6.186000	193.540648
6.120000	189.414957
6.057000	185.407219
5.994000	181.332059
5.931000	177.190934
5.871000	173.187986
5.811000	169.130505
5.751000	165.022021
5.691000	160.866194
5.631000	156.666401
5.574000	152.638398
5.517000	148.574934
5.460000	144.477133
5.403000	140.345725
5.346000	136.181349
5.289000	131.984906
5.235000	127.981069
5.181000	123.951632
5.127000	119.899086
5.073000	115.826429
5.019000	111.736932
4.965000	107.633850
4.911000	103.520129
0.000000	0.000000
& cycle # 1, chisq = 10402.999972, e = 29.084095
30.000000	387.021126
28.902000	383.017423
23.757000	379.015959
19.215000	375.012551
18.225000	370.997726
17.469000	366.981477
16.647000	362.980463
14.121000	358.978192
12.828000	354.973589
12.216000	350.963993
11.748000	346.961969
11.355000	342.956535
11.004000	338.934250
10.692000	334.923923
10.404000	330.912717
10.137000	326.889969
9.891000	322.853363
9.663000	318.834011
9.450000	314.830165
9.249000	310.775479
9.063000	306.740015
8.889000	302.709707
8.724000	298.656838
8.568000	294.596448
8.421000	290.534535
8.283000	286.489129
8.151000	282.400066
8.028000	278.395804
7.908000	274.306498
7.794000	270.246042
7.686000	266.229010
7.581000	262.152782
7.482000	258.147997
7.386000	254.112841
7.293000	250.062911
7.203000	246.014237
7.116000	241.980975
7.032000	237.974596
6.948000	233.855443
6.867000	229.773435
6.789000	225.738275
6.711000	221.600256
6.636000	217.526084
6.561000	213.362125
6.489000	209.284853
6.417000	205.134142
6.348000	201.091433
6.279000	196.988135
6.210000	192.826274
6.144000	188.791917
6.078000	184.706651
6.012000	180.572469
5.946000	176.392538
5.883000	172.364151
5.820000	168.303475
5.757000	164.216561
5.694000	160.109838
5.631000	155.989595
5.568000	151.861564
5.505000	147.730725
5.442000	143.601399
5.379000	139.477593
5.316000	135.363507
5.253000	131.264052
5.190000	127.185223
5.127000	123.134192
5.064000	119.119098
4.998000	114.960753
4.932000	110.861076
4.866000	106.828994
4.797000	102.694249
0.000000	0.000000
& cycle # 2, chisq = 10403.462944, e = 29.084095
30.000000	413.916562
29.973000	409.903302
29.940000	405.746609
29.898000	401.490956
29.844000	397.420345
29.757000	393.366291
29.148000	389.346434
28.863000	385.311119
28.656000	381.265719
28.449000	377.240824
28.197000	373.211836
27.675000	369.203286
25.953000	365.194445
25.023000	361.192054
22.533000	357.187362
21.540000	353.184808
18.972000	349.174298
18.414000	345.164135
17.997000	341.162991
17.628000	337.155854
17.250000	333.136447
16.836000	329.131991
16.254000	325.117159
13.398000	321.113144
12.609000	317.105982
11.955000	313.096744
10.002000	309.094867
9.132000	305.067396
8.823000	301.036257
8.601000	296.995025
8.421000	292.931256
8.268000	288.883226
8.133000	284.854531
8.010000	280.821333
7.896000	276.784155
7.788000	272.698684
7.686000	268.608595
7.590000	264.555360
7.497000	260.445172
7.410000	256.444500
7.323000	252.304055
7.239000	248.185169
7.158000	244.110800
7.080000	240.099956
7.002000	236.009176
6.927000	232.004420
6.852000	227.933250
6.777000	223.799635
6.705000	219.777500
6.633000	215.708785
6.561000	211.600848
6.489000	207.461681
6.417000	203.299050
6.348000	199.294061
6.279000	195.278204
6.210000	191.254565
6.141000	187.225123
6.072000	183.191357
6.003000	179.154938
5.934000	175.118297
5.865000	171.084851
5.796000	167.058828
5.727000	163.044705
5.655000	158.873020
5.583000	154.721682
5.511000	150.591795
5.439000	146.482520
5.367000	142.391643
5.295000	138.316486
5.223000	134.254823
5.151000	130.205438
5.079000	126.168122
5.007000	122.143060
4.935000	118.129861
4.863000	114.126571
4.788000	109.962567
4.713000	105.797806
4.641000	101.790890
0.000000	0.000000
& cycle # 3, chisq = 10403.790649, e = 29.084095
30.000000	315.344317
15.822000	311.343513
10.119000	307.331422
9.534000	303.314068
9.162000	299.306678
8.880000	295.261552
8.649000	291.234902
8.451000	287.203689
8.277000	283.160287
8.121000	279.115439
7.977000	275.027275
7.845000	270.976055
7.722000	266.927128
7.608000	262.924820
7.500000	258.902837
7.398000	254.896650
7.299000	250.818519
7.203000	246.690258
7.113000	242.667950
7.026000	238.640486
6.942000	234.620579
6.861000	230.619925
6.780000	226.495799
6.702000	222.408157
6.627000	218.372654
6.552000	214.238376
6.480000	210.181475
6.408000	206.043270
6.339000	202.005048
6.270000	197.898625
6.201000	193.725635
6.135000	189.672706
6.069000	185.560635
6.003000	181.390873
5.940000	177.359144
5.877000	173.280476
5.814000	169.159206
5.751000	165.000370
5.688000	160.809207
5.628000	156.792086
5.568000	152.753778
5.508000	148.697208
5.448000	144.624641
5.388000	140.537955
5.328000	136.439043
5.268000	132.330244
5.208000	128.214678
5.148000	124.096400
5.088000	119.980312
5.028000	115.871852
4.968000	111.776545
4.908000	107.699524
4.848000	103.645172
0.000000	0.000000
& cycle # 4, chisq = 10403.329294, e = 29.084095
30.000000	363.639771
29.778000	359.602793
29.538000	355.559153
29.244000	351.536723
28.770000	347.532130
24.639000	343.523271
23.724000	339.509339
23.064000	335.500227
22.419000	331.482854
21.639000	327.474689
19.629000	323.473583
14.613000	319.455642
13.980000	315.450093
13.416000	311.438201
12.861000	307.432515
12.303000	303.412164
11.697000	299.397638
11.028000	295.393946
10.317000	291.391184
9.654000	287.386519
9.117000	283.361210
8.712000	279.342339
8.397000	275.334240
8.145000	271.319746
7.935000	267.308910
7.752000	263.237441
7.593000	259.181816
7.452000	255.122141
7.326000	251.092908
7.209000	246.993161
7.101000	242.886818
7.002000	238.834829
6.909000	234.761015
6.822000	230.700947
6.741000	226.693650
6.663000	222.620518
6.588000	218.501691
6.516000	214.358917
6.447000	210.214201
6.381000	206.088818
6.318000	202.002842
6.258000	197.975146
6.198000	193.812292
6.141000	189.730206
6.084000	185.522025
6.030000	181.417632
5.976000	177.198028
5.925000	173.107122
5.874000	168.914259
5.826000	164.876097
5.778000	160.750333
5.730000	156.538738
5.685000	152.514080
5.640000	148.417135
5.595000	144.249285
5.550000	140.011747
5.508000	135.994757
5.466000	131.918712
5.424000	127.784315
5.382000	123.592309
5.340000	119.343572
5.298000	115.039206
5.259000	110.993706
5.220000	106.902846
5.181000	102.768307
0.000000	0.000000
& cycle # 5, chisq = 10413.657416, e = 29.084095
30.000000	307.261078
10.644000	303.259359
9.561000	299.249299
9.126000	295.218652
8.826000	291.203063
8.586000	287.174871
8.385000	283.160175
8.208000	279.087337
8.052000	275.068603
7.908000	271.000620
7.776000	266.959859
7.653000	262.910577
7.539000	258.900105
7.431000	254.866695
7.329000	250.849295
7.230000	246.760674
7.137000	242.752894
7.047000	238.720642
6.960000	234.676619
6.876000	230.631993
6.795000	226.598269
6.717000	222.588467
6.639000	218.456083
6.564000	214.369334
6.492000	210.344650
6.420000	206.223716
6.351000	202.186332
6.282000	198.063640
6.216000	194.040155
6.150000	189.937406
6.084000	185.754124
6.021000	181.684991
5.958000	177.541511
5.898000	173.527000
5.838000	169.447409
5.778000	165.304925
5.718000	161.101996
5.661000	157.055325
5.604000	152.957700
5.547000	148.810004
5.490000	144.612428
5.436000	140.589426
5.382000	136.520721
5.328000	132.405726
5.274000	128.244126
5.220000	124.036097
5.169000	120.019915
5.118000	115.964160
5.067000	111.870338
5.016000	107.740130
4.965000	103.575163
0.000000	0.000000
& cycle # 1, chisq = 11209.385819, e = 28.966340
30.000000	387.021126
27.399000	383.020912
18.990000	379.015857
17.652000	375.010187
16.590000	371.001924
13.677000	366.998621
12.336000	362.985642
11.739000	358.983879
11.307000	354.958853
10.956000	350.940075
10.659000	346.914740
10.395000	342.889719
10.158000	338.875786
9.942000	334.830946
9.744000	330.802359
9.558000	326.750599
9.384000	322.706035
9.222000	318.687443
9.069000	314.652589
8.925000	310.645874
8.787000	306.622162
8.655000	302.601732
8.529000	298.594580
8.406000	294.508296
8.289000	290.452740
8.175000	286.342654
8.067000	282.308817
7.962000	278.260060
7.860000	274.206868
7.761000	270.155257
7.665000	266.109387
7.572000	262.074704
7.482000	258.059866
7.392000	253.937650
7.305000	249.854376
7.221000	245.824228
7.137000	241.711173
7.056000	237.667717
6.975000	233.547654
6.897000	229.505987
6.819000	225.389781
6.744000	221.361072
6.669000	217.264178
6.594000	213.102226
6.522000	209.049804
6.450000	204.946273
6.378000	200.795935
6.309000	196.777690
6.240000	192.721345
6.171000	188.627830
6.102000	184.497692
6.033000	180.331810
5.967000	176.315336
5.901000	172.270779
5.835000	168.202300
5.769000	164.115033
5.703000	160.014544
5.637000	155.906197
5.571000	151.794616
5.505000	147.683424
5.439000	143.575332
5.373000	139.472569
5.307000	135.377506
5.241000	131.293297
5.175000	127.224305
5.109000	123.176181
5.043000	119.155541
4.974000	114.989083
4.905000	110.867761
4.836000	106.797890
4.767000	102.784338
0.000000	0.000000
& cycle # 2, chisq = 11207.998004, e = 28.966340
30.000000	413.916562
29.280000	409.885346
29.007000	405.841170
28.779000	401.806345
28.533000	397.804043
28.173000	393.793948
26.553000	389.781623
26.070000	385.769010
25.701000	381.740748
25.350000	377.737120
24.969000	373.715600
24.486000	369.695487
23.502000	365.691781
15.594000	361.686649
14.481000	357.681115
13.167000	353.679480
10.503000	349.667241
10.059000	345.646219
9.777000	341.601376
9.558000	337.572793
9.375000	333.566274
9.213000	329.492559
9.069000	325.443724
8.937000	321.387547
8.814000	317.324786
8.700000	313.323571
8.589000	309.211668
8.484000	305.125103
8.385000	301.097596
8.289000	297.035339
8.196000	292.961644
8.106000	288.900606
8.019000	284.874447
7.932000	280.758372
7.848000	276.704919
7.764000	272.577234
7.683000	268.528956
7.602000	264.416342
7.524000	260.398789
7.446000	256.330351
7.368000	252.218002
7.290000	248.069739
7.215000	244.054530
7.140000	240.019420
7.065000	235.968713
6.990000	231.904902
6.915000	227.829101
6.840000	223.741859
6.765000	219.644102
6.690000	215.537865
6.615000	211.426536
6.540000	207.314534
6.465000	203.206491
6.390000	199.106230
6.315000	195.015885
6.240000	190.935492
6.165000	186.863181
6.090000	182.795905
6.015000	178.730454
5.940000	174.664359
5.865000	170.596363
5.790000	166.526251
5.715000	162.454087
5.640000	158.379135
5.565000	154.298864
5.490000	150.208429
5.415000	146.100831
5.340000	141.967707
5.265000	137.800447
5.193000	133.760444
5.121000	129.675788
5.049000	125.541324
4.980000	121.527618
4.911000	117.457980
4.842000	113.325302
4.776000	109.304907
4.710000	105.208850
4.644000	101.026420
0.000000	0.000000
& cycle # 3, chisq = 11201.529489, e = 28.966340
30.000000	315.344317
29.877000	311.306910
29.565000	307.298363
24.300000	303.298266
9.636000	299.290027
9.075000	295.283983
8.748000	291.264397
8.502000	287.213875
8.304000	283.186803
8.136000	279.179597
7.986000	275.130943
7.851000	271.099165
7.728000	267.092273
7.614000	263.080945
7.506000	259.008428
7.404000	254.918145
7.308000	250.856600
7.215000	246.732788
7.128000	242.712052
7.044000	238.683853
6.963000	234.665007
6.882000	230.514714
6.804000	226.394973
6.729000	222.322219
6.657000	218.313722
6.585000	214.214435
6.516000	210.207389
6.447000	206.130425
6.378000	201.990243
6.312000	197.976429
6.246000	193.914619
6.180000	189.808474
6.114000	185.661337
6.048000	181.476800
5.985000	177.451624
5.922000	173.401257
5.859000	169.331680
5.796000	165.249804
5.733000	161.163071
5.670000	157.078926
5.607000	153.004316
5.544000	148.945340
5.481000	144.907167
5.418000	140.894224
5.352000	136.721726
5.286000	132.586397
5.220000	128.494017
5.154000	124.451480
5.085000	120.287092
5.016000	116.195535
4.947000	112.186297
4.875000	108.099587
4.800000	103.955866
0.000000	0.000000
& cycle # 4, chisq = 11213.950463, e = 28.966340
30.000000	363.639771
29.409000	359.630757
23.511000	355.630476
13.563000	351.623598
12.393000	347.620500
11.652000	343.607707
11.115000	339.587556
10.698000	335.561645
10.353000	331.554610
10.059000	327.551559
9.801000	323.502207
9.570000	319.452579
9.363000	315.451279
9.174000	311.436734
9.000000	307.414168
8.838000	303.391743
8.685000	299.346876
8.541000	295.305545
8.406000	291.289561
8.277000	287.233943
8.154000	283.167237
8.037000	279.122540
7.923000	275.019060
7.815000	270.980919
7.710000	266.907175
7.608000	262.802186
7.512000	258.800682
7.419000	254.795746
7.326000	250.666947
7.236000	246.557406
7.149000	242.481432
7.065000	238.450383
6.981000	234.323878
6.900000	230.251420
6.822000	226.240304
6.744000	222.139612
6.669000	218.112217
6.594000	214.003916
6.522000	209.986801
6.450000	205.901363
6.378000	201.750483
6.309000	197.712825
6.240000	193.617114
6.171000	189.462729
6.105000	185.433028
6.039000	181.347795
5.973000	177.206953
5.910000	173.203403
5.847000	169.152069
5.784000	165.055704
5.721000	160.917471
5.658000	156.740429
5.598000	152.728495
5.538000	148.685026
5.478000	144.610667
5.418000	140.505478
5.358000	136.369288
5.298000	132.202125
5.238000	128.004627
5.181000	123.990272
5.124000	119.951972
5.067000	115.892415
5.010000	111.814615
4.953000	107.721538
4.896000	103.615749
0.000000	0.000000
& cycle # 5, chisq = 11206.447774, e = 28.966340
30.000000	307.261078
24.690000	303.257352
22.563000	299.255998
14.958000	295.253204
10.476000	291.253113
9.861000	287.226237
9.501000	283.188642
9.231000	279.188435
9.006000	275.131512
8.811000	271.087220
8.637000	267.074064
8.478000	263.062432
8.331000	259.050323
8.193000	255.023602
8.061000	250.953158
7.935000	246.885450
7.815000	242.855228
7.698000	238.780896
7.584000	234.673415
7.476000	230.660408
7.371000	226.654295
7.266000	222.557956
7.164000	218.504838
7.062000	214.388136
6.963000	210.335933
6.864000	206.229033
6.768000	202.195188
6.672000	198.114097
6.576000	193.992707
6.483000	189.970642
6.390000	185.928246
6.297000	181.871551
6.204000	177.802803
6.111000	173.721108
6.018000	169.624617
5.925000	165.513061
5.832000	161.389190
5.739000	157.258228
5.646000	153.125593
5.553000	148.994144
5.460000	144.862582
5.370000	140.859561
5.280000	136.846207
5.190000	132.818249
5.100000	128.774149
5.010000	124.714589
4.920000	120.640253
4.830000	116.549185
4.740000	112.435349
4.653000	108.428149
4.566000	104.381506
4.479000	100.287633
0.000000	0.000000
& cycle # 1, chisq = 8328.713906, e = 27.079848
30.000000	387.021126
26.115000	383.019781
22.356000	379.016219
18.384000	375.008954
16.431000	371.006534
13.899000	366.996625
13.089000	362.988050
10.875000	358.986678
10.116000	354.960471
9.822000	350.933866
9.615000	346.882882
9.450000	342.821413
9.309000	338.734039
9.186000	334.691950
9.075000	330.651648
8.973000	326.599452
8.877000	322.480361
8.787000	318.346517
8.703000	314.252152
8.625000	310.250974
8.550000	306.229312
8.478000	302.214649
8.406000	298.056167
8.337000	293.941952
8.271000	289.893219
8.205000	285.737690
8.142000	281.675032
8.079000	277.522409
8.019000	273.488024
7.959000	269.381011
7.899000	265.207351
7.842000	261.187106
7.785000	257.120045
7.728000	253.013675
7.671000	248.875802
7.614000	244.714226
7.557000	240.536488
7.500000	236.349696
7.443000	232.160469
7.386000	227.975019
7.329000	223.799325
7.272000	219.639386
7.215000	215.501490
7.158000	211.392432
7.101000	207.319651
7.044000	203.291231
6.984000	199.108184
6.924000	194.994206
6.864000	190.959611
6.801000	186.819487
6.738000	182.788160
6.672000	178.691553
6.603000	174.557035
6.531000	170.413896
6.456000	166.293669
6.378000	162.230831
6.294000	158.121743
6.204000	154.041665
6.105000	149.958307
5.994000	145.903955
5.865000	141.899343
5.700000	137.863452
5.445000	133.843886
4.392000	129.810368
4.170000	125.767653
4.038000	121.719237
3.939000	117.682018
3.858000	113.655241
3.786000	109.481017
3.723000	105.340749
3.666000	101.184040
0.000000	0.000000
& cycle # 2, chisq = 8276.944633, e = 27.079848
30.000000	413.916562
29.952000	409.876805
29.889000	405.783345
29.796000	401.688351
29.577000	397.671156
28.494000	393.651110
27.987000	389.633811
27.009000	385.633173
22.710000	381.626840
12.600000	377.626453
11.334000	373.620631
10.923000	369.617674
10.644000	365.596734
10.422000	361.559463
10.236000	357.538470
10.074000	353.506958
9.930000	349.490868
9.798000	345.456562
9.675000	341.402780
9.561000	337.395597
9.453000	333.375284
9.351000	329.374248
9.252000	325.299675
9.156000	321.171709
9.066000	317.150826
8.979000	313.134779
8.892000	309.002199
8.808000	304.910689
8.727000	300.877606
8.646000	296.762977
8.568000	292.726695
8.490000	288.620537
8.415000	284.609829
8.340000	280.542777
8.265000	276.426133
8.190000	272.268335
8.118000	268.246908
8.046000	264.204712
7.974000	260.149478
7.902000	256.087671
7.830000	252.024321
7.758000	247.963275
7.686000	243.907788
7.614000	239.861271
7.542000	235.827977
7.470000	231.813399
7.395000	227.658713
7.320000	223.540158
7.245000	219.466303
7.170000	215.444784
7.092000	211.324288
7.014000	207.271232
6.933000	203.136282
6.852000	199.078241
6.768000	194.952903
6.684000	190.915218
6.597000	186.830997
6.507000	182.717574
6.414000	178.593516
6.318000	174.476005
6.219000	170.378289
6.117000	166.308804
6.012000	162.272906
5.901000	158.167599
5.787000	154.119434
5.667000	150.039564
5.541000	145.947585
5.412000	141.940168
5.277000	137.907901
5.136000	133.832766
4.992000	129.780646
4.845000	125.723150
4.698000	121.691668
4.551000	117.611548
4.410000	113.580237
4.275000	109.554216
4.146000	105.499116
4.026000	101.481271
0.000000	0.000000
& cycle # 3, chisq = 8300.842850, e = 27.079848
30.000000	315.344317
29.307000	311.342928
27.861000	307.341758
23.226000	303.340488
19.065000	299.337503
15.174000	295.337147
12.954000	291.334998
10.083000	287.324261
9.525000	283.309876
9.207000	279.282883
8.970000	275.268155
8.772000	271.235155
8.598000	267.180737
8.442000	263.126491
8.301000	259.115792
8.169000	255.074354
8.043000	250.978869
7.923000	246.882189
7.809000	242.825304
7.698000	238.726860
7.593000	234.719842
7.491000	230.713489
7.389000	226.607107
7.290000	222.541281
7.194000	218.538506
7.098000	214.489328
7.002000	210.402773
6.906000	206.284488
6.813000	202.268747
6.720000	198.232533
6.627000	194.183933
6.534000	190.133824
6.441000	186.094093
6.348000	182.075043
6.252000	177.955095
6.156000	173.867211
6.060000	169.811550
5.964000	165.788433
5.865000	161.676705
5.766000	157.608863
5.667000	153.592018
5.565000	149.511386
5.463000	145.488496
5.358000	141.400664
5.253000	137.357644
5.148000	133.352303
5.040000	129.268688
4.932000	125.220226
4.824000	121.201490
4.716000	117.199379
4.608000	113.194592
4.500000	109.167264
4.392000	105.101916
4.284000	100.987105
0.000000	0.000000
& cycle # 4, chisq = 8323.167781, e = 27.079848
30.000000	363.639771
27.939000	359.638556
22.416000	355.638497
17.841000	351.637957
11.172000	347.622853
10.671000	343.593762
10.359000	339.592574
10.119000	335.552692
9.921000	331.492078
9.750000	327.442170
9.597000	323.395717
9.456000	319.305380
9.327000	315.246185
9.207000	311.190622
9.093000	307.090880
8.985000	302.995434
8.883000	298.951254
8.784000	294.873010
8.688000	290.781262
8.595000	286.692085
8.505000	282.619353
8.418000	278.577085
8.331000	274.436412
8.247000	270.352937
8.166000	266.345181
8.085000	262.278960
8.004000	258.164391
7.923000	254.010247
7.845000	249.978926
7.767000	245.921702
7.689000	241.842202
7.611000	237.744258
7.533000	233.632910
7.455000	229.515003
7.377000	225.399153
7.299000	221.295065
7.221000	217.212436
7.143000	213.159810
7.065000	209.143807
6.984000	205.016961
6.903000	200.937860
6.822000	196.909280
6.738000	192.788610
6.654000	188.731739
6.567000	184.605314
6.480000	180.564826
6.390000	176.484488
6.297000	172.381147
6.201000	168.268767
6.102000	164.158146
6.000000	160.058836
5.895000	155.982403
5.787000	151.944621
5.673000	147.858961
5.556000	143.856645
5.433000	139.850270
5.301000	135.760986
5.163000	131.695337
5.019000	127.664644
4.866000	123.605033
4.707000	119.597632
4.539000	115.535551
4.368000	111.517693
4.194000	107.500431
4.020000	103.489764
0.000000	0.000000
& cycle # 5, chisq = 8309.444598, e = 27.079848
30.000000	307.261078
28.824000	303.252971
27.816000	299.246993
14.127000	295.245945
10.149000	291.233963
9.624000	287.210751
9.285000	283.181173
9.024000	279.130909
8.808000	275.124204
8.616000	271.063755
8.445000	267.028427
8.289000	262.985084
8.145000	258.950410
8.010000	254.920018
7.881000	250.857149
7.758000	246.793882
7.641000	242.754929
7.527000	238.655580
7.419000	234.627595
7.314000	230.586977
7.212000	226.556094
7.113000	222.553746
7.014000	218.468334
6.918000	214.429132
6.822000	210.313749
6.729000	206.255770
6.636000	202.132242
6.546000	198.086630
6.456000	193.995528
6.366000	189.866888
6.279000	185.845242
6.192000	181.795423
6.105000	177.717197
6.018000	173.609955
5.931000	169.474586
5.847000	165.458342
5.763000	161.424168
5.679000	157.377731
5.595000	153.323486
5.511000	149.263312
5.427000	145.196260
5.343000	141.119560
5.259000	137.030408
5.175000	132.927652
5.091000	128.812495
5.007000	124.687803
4.923000	120.556323
4.839000	116.418719
4.755000	112.272496
4.674000	108.261305
4.593000	104.231646
4.512000	100.178880
0.000000	0.000000
& cycle # 1, chisq = 8575.902459, e = 27.547036
30.000000	387.021126
29.949000	382.866022
29.874000	378.819202
29.586000	374.817449
28.998000	370.772082
28.776000	366.722876
28.563000	362.714287
28.305000	358.687088
27.747000	354.682562
26.166000	350.676576
25.548000	346.660216
23.253000	342.655770
22.338000	338.654731
21.594000	334.650874
18.969000	330.646290
18.120000	326.636799
17.559000	322.615954
17.034000	318.613256
16.374000	314.611040
14.226000	310.605873
13.503000	306.605685
13.041000	302.579304
12.648000	298.555439
12.264000	294.550844
11.832000	290.542479
11.205000	286.534475
9.234000	282.519319
8.859000	278.517697
8.619000	274.516383
8.430000	270.485937
8.268000	266.405215
8.127000	262.374256
7.998000	258.287960
7.881000	254.254486
7.770000	250.152167
7.665000	246.042183
7.566000	241.980156
7.470000	237.882253
7.377000	233.773720
7.287000	229.675954
7.200000	225.608791
7.116000	221.592160
7.032000	217.499085
6.951000	213.493168
6.870000	209.443764
6.789000	205.365188
6.708000	201.270430
6.627000	197.170400
6.546000	193.074043
6.465000	188.989266
6.384000	184.924256
6.303000	180.888621
6.219000	176.746816
6.135000	172.663236
6.051000	168.652221
5.964000	164.587859
5.874000	160.490679
5.781000	156.379596
5.685000	152.272469
5.586000	148.188398
5.484000	144.150418
5.376000	140.075971
5.262000	136.013789
5.142000	132.010916
5.010000	127.927359
4.869000	123.920162
4.713000	119.898823
4.536000	115.849776
4.332000	111.814820
4.092000	107.797337
3.801000	103.792955
0.000000	0.000000
& cycle # 2, chisq = 8589.743248, e = 27.547036
30.000000	413.916562
29.889000	409.892314
29.217000	405.861584
28.995000	401.801805
28.833000	397.782218
28.689000	393.780682
28.548000	389.749053
28.404000	385.723622
28.248000	381.668100
28.071000	377.655769
27.849000	373.641220
27.498000	369.631592
25.398000	365.626750
24.405000	361.619150
23.184000	357.618708
20.883000	353.618502
18.990000	349.615932
14.163000	345.615539
10.704000	341.612558
10.263000	337.605449
9.978000	333.566749
9.759000	329.543497
9.573000	325.475613
9.411000	321.419560
9.267000	317.386220
9.135000	313.323867
9.012000	309.229321
8.898000	305.180753
8.790000	301.132015
8.688000	297.124692
8.589000	293.067637
8.493000	288.977211
8.400000	284.870532
8.310000	280.767106
8.223000	276.688576
8.139000	272.657072
8.055000	268.545087
7.974000	264.513915
7.893000	260.426245
7.812000	256.288426
7.734000	252.261040
7.656000	248.195696
7.578000	244.097117
7.500000	239.971626
7.422000	235.827499
7.344000	231.674649
7.266000	227.523733
7.188000	223.384965
7.110000	219.267071
7.032000	215.176729
6.954000	211.118710
6.876000	207.096635
6.795000	202.961742
6.714000	198.874562
6.633000	194.841921
6.549000	190.726442
6.465000	186.688368
6.378000	182.596888
6.288000	178.468563
6.198000	174.449646
6.105000	170.412072
6.009000	166.366404
5.910000	162.324946
5.808000	158.303620
5.700000	154.209955
5.589000	150.183260
5.472000	146.134410
5.349000	142.080946
5.220000	138.033435
5.085000	134.003670
4.941000	129.925269
4.791000	125.898579
4.632000	121.830418
4.467000	117.758810
4.299000	113.710359
4.131000	109.705701
3.963000	105.661994
3.801000	101.624725
0.000000	0.000000
& cycle # 3, chisq = 8572.301726, e = 27.547036
30.000000	315.344317
29.172000	311.336572
28.668000	307.335761
26.817000	303.331971
25.815000	299.326987
22.932000	295.322169
21.690000	291.314512
18.348000	287.308100
17.202000	283.304164
13.548000	279.297008
12.567000	275.294653
11.412000	271.291205
9.405000	267.282705
9.060000	263.263062
8.823000	259.243464
8.631000	255.182038
8.469000	251.160591
8.325000	247.110896
8.196000	243.107673
8.076000	239.082826
7.962000	235.010648
7.854000	230.945379
7.752000	226.931555
7.653000	222.882646
7.557000	218.822584
7.464000	214.777281
7.374000	210.774177
7.284000	206.703606
7.194000	202.585848
7.107000	198.578555
7.020000	194.560310
6.933000	190.544261
6.846000	186.542708
6.756000	182.432459
6.666000	178.368933
6.573000	174.240316
6.480000	170.206885
6.384000	166.167726
6.285000	162.157393
6.180000	158.096043
6.069000	154.035185
5.952000	150.032275
5.823000	145.975587
5.679000	141.927244
5.511000	137.883543
5.301000	133.859118
4.986000	129.833113
3.522000	125.828458
3.138000	121.824301
2.907000	117.823767
2.724000	113.786394
2.565000	109.723429
2.421000	105.650579
2.289000	101.647014
0.000000	0.000000
& cycle # 4, chisq = 8905.636601, e = 27.547036
30.000000	363.639771
29.823000	359.616004
29.241000	355.615999
25.629000	351.614341
17.019000	347.614226
12.612000	343.613160
11.628000	339.599899
11.091000	335.592015
10.713000	331.558344
10.413000	327.528433
10.161000	323.496842
9.945000	319.488379
9.750000	315.423848
9.573000	311.379423
9.411000	307.369874
9.258000	303.290707
9.117000	299.270572
8.982000	295.194482
8.853000	291.106652
8.730000	287.043606
8.613000	283.030663
8.499000	278.978301
8.388000	274.895009
8.280000	270.794468
8.175000	266.695716
8.073000	262.619778
7.974000	258.585419
7.875000	254.481194
7.779000	250.437720
7.683000	246.332179
7.590000	242.296346
7.497000	238.205797
7.407000	234.201140
7.317000	230.159790
7.227000	226.091281
7.137000	222.004037
7.047000	217.903775
6.957000	213.793201
6.867000	209.673132
6.777000	205.544515
6.687000	201.410355
6.597000	197.276609
6.507000	193.151539
6.417000	189.043826
6.327000	184.960350
6.237000	180.904774
6.147000	176.877650
6.054000	172.745144
5.961000	168.641743
5.868000	164.570010
5.775000	160.535510
5.679000	156.417141
5.583000	152.351503
5.487000	148.340283
5.388000	144.257957
5.289000	140.225746
5.187000	136.120101
5.085000	132.064441
4.983000	128.062653
4.878000	124.002886
4.773000	120.002066
4.665000	115.940113
4.557000	111.920765
4.446000	107.825529
4.335000	103.764077
0.000000	0.000000
& cycle # 5, chisq = 8569.313128, e = 27.547036
30.000000	307.261078
29.364000	303.260719
10.860000	299.259992
9.930000	295.247642
9.501000	291.227534
9.195000	287.215816
8.949000	283.164831
8.739000	279.110782
8.553000	275.045512
8.388000	271.035160
8.235000	266.961952
8.094000	262.912288
7.962000	258.876094
7.836000	254.808147
7.716000	250.735940
7.602000	246.683295
7.494000	242.677022
7.389000	238.630696
7.287000	234.565808
7.188000	230.503411
7.092000	226.460738
6.999000	222.450205
6.906000	218.346928
6.816000	214.286845
6.729000	210.279222
6.642000	206.193223
6.558000	202.179160
6.474000	198.104069
6.390000	193.974420
6.309000	189.945060
6.228000	185.871462
6.147000	181.753760
6.069000	177.746203
5.991000	173.696921
5.913000	169.607270
5.835000	165.480495
5.757000	161.321305
5.682000	157.296252
5.607000	153.249641
5.532000	149.183535
5.457000	145.098113
5.382000	140.992138
5.307000	136.863959
5.232000	132.712653
5.160000	128.706197
5.088000	124.680993
5.016000	120.639963
4.944000	116.586006
4.872000	112.520985
4.800000	108.445059
4.728000	104.356631
4.656000	100.252972
0.000000	0.000000
& cycle # 1, chisq = 9105.536037, e = 27.776701
30.000000	413.916562
29.967000	409.856210
29.928000	405.772462
29.880000	401.666520
29.817000	397.565304
29.721000	393.471952
29.127000	389.471685
28.497000	385.454771
28.062000	381.437962
26.226000	377.432410
25.491000	373.426481
25.047000	369.408067
24.666000	365.377526
24.309000	361.344792
23.955000	357.320910
23.595000	353.296615
23.217000	349.271792
22.821000	345.260043
22.398000	341.246985
21.954000	337.231981
21.489000	333.221444
21.015000	329.218985
20.532000	325.208914
20.043000	321.191183
19.548000	317.186644
19.029000	313.173596
18.477000	309.164609
17.844000	305.163117
17.049000	301.154380
15.864000	297.149442
14.556000	293.146143
13.776000	289.144987
13.131000	285.128729
12.606000	281.105268
12.168000	277.077455
11.790000	273.071687
11.451000	269.071479
11.127000	265.053700
10.815000	261.034771
10.500000	257.030479
10.158000	253.001907
9.762000	248.988420
9.138000	244.978549
7.464000	240.955656
7.182000	236.903733
7.002000	232.846014
6.864000	228.795525
6.750000	224.768129
6.651000	220.731458
6.561000	216.597892
6.480000	212.478503
6.405000	208.311609
6.336000	204.168498
6.273000	200.120759
6.213000	196.027611
6.156000	191.922571
6.102000	187.838639
6.051000	183.807608
6.000000	179.607946
5.952000	175.501668
5.904000	171.246753
5.859000	167.123093
5.814000	162.869456
5.772000	158.782558
5.730000	154.583472
5.688000	150.273098
5.649000	146.172075
5.610000	141.977578
5.571000	137.691359
5.535000	133.655288
5.499000	129.544862
5.463000	125.362316
5.427000	121.110110
5.391000	116.790887
5.358000	112.775101
5.325000	108.707550
5.292000	104.590478
5.259000	100.426141
0.000000	0.000000
& cycle # 3, chisq = 9147.495469, e = 27.776701
30.000000	315.344317
29.271000	311.330607
28.806000	307.306775
28.338000	303.289288
26.367000	299.279581
25.521000	295.273986
22.620000	291.270885
21.288000	287.264133
17.835000	283.259598
16.461000	279.256210
12.798000	275.255927
11.820000	271.250103
9.384000	267.246856
8.922000	263.229126
8.649000	259.198131
8.442000	255.170549
8.271000	251.144558
8.121000	247.081787
7.986000	243.013469
7.863000	238.979450
7.749000	234.968336
7.641000	230.930935
7.539000	226.912473
7.440000	222.833312
7.344000	218.726191
7.251000	214.624164
7.161000	210.557282
7.074000	206.550602
6.987000	202.482894
6.900000	198.365775
6.816000	194.354822
6.732000	190.321180
6.648000	186.279888
6.564000	182.248654
6.480000	178.246775
6.393000	174.153352
6.306000	170.131232
6.216000	166.062694
6.123000	161.972816
6.027000	157.888679
5.928000	153.841930
5.823000	149.757441
5.712000	145.702368
5.592000	141.655793
5.460000	137.638055
5.307000	133.566988
5.124000	129.531910
4.875000	125.501845
4.197000	121.500428
3.099000	117.493815
2.850000	113.462054
2.667000	109.443462
2.511000	105.367052
2.373000	101.319145
0.000000	0.000000
& cycle # 4, chisq = 9426.552488, e = 27.776701
30.000000	363.639771
14.379000	359.639246
12.684000	355.633469
11.970000	351.619031
11.496000	347.613229
11.124000	343.602099
10.818000	339.561926
10.557000	335.556121
10.323000	331.531845
10.113000	327.516289
9.921000	323.477329
9.744000	319.454689
9.576000	315.385695
9.420000	311.380436
9.270000	307.303606
9.129000	303.259674
8.994000	299.201125
8.865000	295.165061
8.739000	291.082846
8.619000	287.066203
8.502000	283.022663
8.388000	278.955956
8.277000	274.875524
8.169000	270.796913
8.064000	266.738108
7.962000	262.714858
7.860000	258.616323
7.761000	254.565847
7.662000	250.441004
7.566000	246.367855
7.473000	242.353856
7.380000	238.277031
7.287000	234.144178
7.197000	230.098142
7.107000	226.011337
7.017000	221.885755
6.930000	217.860151
6.843000	213.795837
6.756000	209.691750
6.669000	205.549074
6.585000	201.516303
6.501000	197.456525
6.417000	193.375329
6.333000	189.276971
6.249000	185.163333
6.165000	181.033927
6.081000	176.886962
6.000000	172.870117
5.919000	168.835942
5.838000	164.786949
5.757000	160.727395
5.676000	156.662043
5.595000	152.594636
5.514000	148.526783
5.433000	144.457776
5.352000	140.385446
5.271000	136.307684
5.190000	132.223931
5.109000	128.135913
5.028000	124.047242
4.947000	119.962022
4.866000	115.883135
4.785000	111.811052
4.704000	107.743805
4.623000	103.678171
0.000000	0.000000
& cycle # 5, chisq = 9102.070850, e = 27.776701
30.000000	459.045815
29.949000	454.914814
29.895000	450.708931
29.841000	446.665771
29.784000	442.579267
29.724000	438.461841
29.661000	434.344111
29.595000	430.250825
29.526000	426.194137
29.451000	422.040698
29.373000	417.998001
29.289000	413.934371
29.199000	409.899832
29.100000	405.834153
28.992000	401.804956
28.872000	397.786307
28.734000	393.729415
28.575000	389.712789
28.383000	385.696770
28.137000	381.680830
27.786000	377.680221
27.102000	373.679217
23.043000	369.678518
21.648000	365.671183
20.661000	361.660731
19.581000	357.658420
12.780000	353.657311
11.457000	349.652326
10.959000	345.630776
10.620000	341.616751
10.347000	337.570778
10.119000	333.554861
9.921000	329.544114
9.741000	325.482259
9.576000	321.424575
9.423000	317.369414
9.282000	313.367329
9.147000	309.289930
9.021000	305.273687
8.901000	301.272746
8.784000	297.218372
8.670000	293.127592
8.562000	289.123514
8.457000	285.107972
8.355000	281.090984
8.256000	277.086783
8.157000	272.987215
8.061000	268.930871
7.965000	264.803879
7.872000	260.744189
7.779000	256.626036
7.689000	252.585054
7.599000	248.489254
7.512000	244.479608
7.425000	240.424855
7.338000	236.331852
7.251000	232.208649
7.167000	228.205954
7.083000	224.186808
6.999000	220.153520
6.915000	216.106411
6.831000	212.045091
6.747000	207.970017
6.663000	203.883669
6.579000	199.790826
6.495000	195.697777
6.411000	191.610814
6.327000	187.534632
6.243000	183.471381
6.159000	179.420767
6.075000	175.381208
5.991000	171.351490
5.907000	167.332199
5.823000	163.326230
5.736000	159.196080
5.649000	155.090181
5.562000	151.011681
5.475000	146.960626
5.388000	142.934290
5.301000	138.928865
5.211000	134.804448
5.121000	130.699373
5.031000	126.616331
4.941000	122.558893
4.851000	118.528827
4.761000	114.524318
4.668000	110.407700
4.575000	106.306020
4.482000	102.214472
0.000000	0.000000
& cycle # 6, chisq = 9101.901363, e = 27.776701
