0.0117205343374904
0.016676524767764066
0.020127215231175822
0.027482251757812114
0.03394207857185345
0.03856769118647751
0.04906327251614406
0.057677028764658994
0.06395152944479776
0.07813492928468294
0.0893211713878017
0.09736215973487818
0.11266814693675707
0.125340245175681
0.13562523572078147
0.1559986420507424
0.17192987586761557
0.1843601752914911
0.205346997622701
0.21858705603418557
0.22760833786298112
0.24174740732885477
0.2512610820129965
0.2579270287106374
0.26999953210282573
0.2791715519431384
0.28677115421788685
0.30485420644907885
0.32382886367328423
0.3399606548432357
0.37051923251034935
0.3892688613256057
0.40217258698090214
0.4225303705927311
0.4401113685229104
0.4556090147616622
0.48944834111078495
0.5166170326460878
0.5378657009626548
0.5822607716466649
0.6128448148898604
0.6357892026404901
0.7095097682853921
0.7616155326201131
0.7984431929762256
0.8979907846308014
0.9520421612005509
0.9745135111023066
0.9910752604316265
0.993803572794186
0.9948415738085866
0.996051187099137
0.9968115513453514
0.9973269919576319
0.9980653754146654
0.9984607047909541
0.9986922864061766
0.9990941687648819
0.9993402579644723
0.9994735962808865
0.9995791088446365
0.9996754113575701
0.9997568841525362
0.9998303150491092
0.9998807966989387
0.999924617490029
0.9999818634011758
0.999999999