0.000000	4.206804
0.862962	4.206804
0.862962	5.186679
1.594106	5.186679
1.594106	5.331748
2.106064	5.331748
2.106064	5.429017
2.859082	5.429017
2.859082	5.514864
3.591298	5.514864
3.591298	5.575239
4.197385	5.575239
4.197385	5.633427
5.232547	5.633427
5.232547	5.690156
6.256520	5.690156
6.256520	5.729703
7.135252	5.729703
7.135252	5.765585
8.615212	5.765585
8.615212	5.799849
10.038295	5.799849
10.038295	5.828197
11.226665	5.828197
11.226665	5.865742
13.093653	5.865742
13.093653	5.919502
14.667390	5.919502
14.667390	5.976815
15.881602	5.976815
15.881602	6.054274
17.614162	6.054274
17.614162	6.148839
18.988436	6.148839
18.988436	6.225321
20.062316	6.225321
20.062316	6.304472
21.616541	6.304472
21.616541	6.393244
22.869632	6.393244
22.869632	6.477991
23.868598	6.477991
23.868598	6.591860
25.302762	6.591860
25.302762	6.731767
26.462499	6.731767
26.462499	6.845746
27.421719	6.845746
27.421719	6.952708
28.843730	6.952708
28.843730	7.043286
30.101450	7.043286
30.101450	7.104009
31.232827	7.104009
31.232827	7.163767
33.006024	7.163767
33.006024	7.223634
34.622955	7.223634
34.622955	7.271567
36.097177	7.271567
36.097177	7.322050
38.321640	7.322050
38.321640	7.372616
40.327124	7.372616
40.327124	7.412554
42.168812	7.412554
42.168812	7.452820
44.852734	7.452820
44.852734	7.491277
47.315003	7.491277
47.315003	7.520141
49.588785	7.520141
49.588785	7.546252
52.794663	7.546252
52.794663	7.567924
55.727533	7.567924
55.727533	7.581732
58.432606	7.581732
58.432606	7.591819
62.079067	7.591819
62.079067	7.598490
65.379321	7.598490
65.379321	7.601890
68.383861	7.601890
& cycle # 1, chisq = 10728.732208, e = 28.125688
0.000000	3.838573
0.862962	3.838573
0.862962	4.812194
1.594106	4.812194
1.594106	5.012359
2.106064	5.012359
2.106064	5.154305
2.859082	5.154305
2.859082	5.281625
3.591298	5.281625
3.591298	5.371541
4.197385	5.371541
4.197385	5.457978
5.232547	5.457978
5.232547	5.541653
6.256520	5.541653
6.256520	5.599286
7.135252	5.599286
7.135252	5.650514
8.615212	5.650514
8.615212	5.697980
10.038295	5.697980
10.038295	5.736040
11.226665	5.736040
11.226665	5.785371
13.093653	5.785371
13.093653	5.855042
14.667390	5.855042
14.667390	5.928478
15.881602	5.928478
15.881602	6.026436
17.614162	6.026436
17.614162	6.143879
18.988436	6.143879
18.988436	6.236315
20.062316	6.236315
20.062316	6.328348
21.616541	6.328348
21.616541	6.427746
22.869632	6.427746
22.869632	6.520473
23.868598	6.520473
23.868598	6.643693
25.302762	6.643693
25.302762	6.793795
26.462499	6.793795
26.462499	6.914802
27.421719	6.914802
27.421719	7.026656
28.843730	7.026656
28.843730	7.119455
30.101450	7.119455
30.101450	7.180235
31.232827	7.180235
31.232827	7.238910
33.006024	7.238910
33.006024	7.296886
34.622955	7.296886
34.622955	7.342815
36.097177	7.342815
36.097177	7.390767
38.321640	7.390767
38.321640	7.438433
40.327124	7.438433
40.327124	7.475836
42.168812	7.475836
42.168812	7.513349
44.852734	7.513349
44.852734	7.549033
47.315003	7.549033
47.315003	7.575739
49.588785	7.575739
49.588785	7.599853
52.794663	7.599853
52.794663	7.619843
55.727533	7.619843
55.727533	7.632569
58.432606	7.632569
58.432606	7.641858
62.079067	7.641858
62.079067	7.647993
65.379321	7.647993
65.379321	7.651112
68.383861	7.651112
& cycle # 2, chisq = 10733.876532, e = 28.125688
0.000000	4.243184
0.862962	4.243184
0.862962	5.215090
1.594106	5.215090
1.594106	5.369017
2.106064	5.369017
2.106064	5.471743
2.859082	5.471743
2.859082	5.561301
3.591298	5.561301
3.591298	5.623496
4.197385	5.623496
4.197385	5.682749
5.232547	5.682749
5.232547	5.739925
6.256520	5.739925
6.256520	5.779378
7.135252	5.779378
7.135252	5.814737
8.615212	5.814737
8.615212	5.847988
10.038295	5.847988
10.038295	5.875114
11.226665	5.875114
11.226665	5.910763
13.093653	5.910763
13.093653	5.961633
14.667390	5.961633
14.667390	6.015771
15.881602	6.015771
15.881602	6.088862
17.614162	6.088862
17.614162	6.178025
18.988436	6.178025
18.988436	6.250094
20.062316	6.250094
20.062316	6.324648
21.616541	6.324648
21.616541	6.408280
22.869632	6.408280
22.869632	6.488180
23.868598	6.488180
23.868598	6.595673
25.302762	6.595673
25.302762	6.727980
26.462499	6.727980
26.462499	6.836048
27.421719	6.836048
27.421719	6.937870
28.843730	6.937870
28.843730	7.024590
30.101450	7.024590
30.101450	7.083130
31.232827	7.083130
31.232827	7.141101
33.006024	7.141101
33.006024	7.199480
34.622955	7.199480
34.622955	7.246428
36.097177	7.246428
36.097177	7.296073
38.321640	7.296073
38.321640	7.345980
40.327124	7.345980
40.327124	7.385525
42.168812	7.385525
42.168812	7.425501
44.852734	7.425501
44.852734	7.463760
47.315003	7.463760
47.315003	7.492519
49.588785	7.492519
49.588785	7.518562
52.794663	7.518562
52.794663	7.540193
55.727533	7.540193
55.727533	7.553983
58.432606	7.553983
58.432606	7.564065
62.079067	7.564065
62.079067	7.570742
65.379321	7.570742
65.379321	7.574153
68.383861	7.574153
& cycle # 3, chisq = 10741.976026, e = 28.125688
0.000000	4.277330
0.862962	4.277330
0.862962	5.273057
1.594106	5.273057
1.594106	5.412977
2.106064	5.412977
2.106064	5.505225
2.859082	5.505225
2.859082	5.585977
3.591298	5.585977
3.591298	5.642466
4.197385	5.642466
4.197385	5.696717
5.232547	5.696717
5.232547	5.749486
6.256520	5.749486
6.256520	5.786219
7.135252	5.786219
7.135252	5.819519
8.615212	5.819519
8.615212	5.851307
10.038295	5.851307
10.038295	5.877613
11.226665	5.877613
11.226665	5.912481
13.093653	5.912481
13.093653	5.962465
14.667390	5.962465
14.667390	6.015826
15.881602	6.015826
15.881602	6.088086
17.614162	6.088086
17.614162	6.176570
18.988436	6.176570
18.988436	6.248469
20.062316	6.248469
20.062316	6.323371
21.616541	6.323371
21.616541	6.407922
22.869632	6.407922
22.869632	6.488976
23.868598	6.488976
23.868598	6.598150
25.302762	6.598150
25.302762	6.732596
26.462499	6.732596
26.462499	6.842459
27.421719	6.842459
27.421719	6.946019
28.843730	6.946019
28.843730	7.034255
30.101450	7.034255
30.101450	7.093828
31.232827	7.093828
31.232827	7.152810
33.006024	7.152810
33.006024	7.212177
34.622955	7.212177
34.622955	7.259889
36.097177	7.259889
36.097177	7.310305
38.321640	7.310305
38.321640	7.360951
40.327124	7.360951
40.327124	7.401055
42.168812	7.401055
42.168812	7.441572
44.852734	7.441572
44.852734	7.480331
47.315003	7.480331
47.315003	7.509456
49.588785	7.509456
49.588785	7.535823
52.794663	7.535823
52.794663	7.557718
55.727533	7.557718
55.727533	7.571674
58.432606	7.571674
58.432606	7.581874
62.079067	7.581874
62.079067	7.588624
65.379321	7.588624
65.379321	7.592069
68.383861	7.592069
& cycle # 4, chisq = 10735.417623, e = 28.125688
0.000000	4.294574
0.862962	4.294574
0.862962	5.216445
1.594106	5.216445
1.594106	5.357799
2.106064	5.357799
2.106064	5.453535
2.859082	5.453535
2.859082	5.538164
3.591298	5.538164
3.591298	5.597693
4.197385	5.597693
4.197385	5.655059
5.232547	5.655059
5.232547	5.710984
6.256520	5.710984
6.256520	5.749977
7.135252	5.749977
7.135252	5.785372
8.615212	5.785372
8.615212	5.819195
10.038295	5.819195
10.038295	5.847198
11.226665	5.847198
11.226665	5.884303
13.093653	5.884303
13.093653	5.937448
14.667390	5.937448
14.667390	5.994113
15.881602	5.994113
15.881602	6.070703
17.614162	6.070703
17.614162	6.164211
18.988436	6.164211
18.988436	6.239840
20.062316	6.239840
20.062316	6.318102
21.616541	6.318102
21.616541	6.405864
22.869632	6.405864
22.869632	6.489625
23.868598	6.489625
23.868598	6.602135
25.302762	6.602135
25.302762	6.740312
26.462499	6.740312
26.462499	6.852812
27.421719	6.852812
27.421719	6.958280
28.843730	6.958280
28.843730	7.047463
30.101450	7.047463
30.101450	7.107145
31.232827	7.107145
31.232827	7.165779
33.006024	7.165779
33.006024	7.224437
34.622955	7.224437
34.622955	7.271343
36.097177	7.271343
36.097177	7.320687
38.321640	7.320687
38.321640	7.370059
40.327124	7.370059
40.327124	7.409017
42.168812	7.409017
42.168812	7.448264
44.852734	7.448264
44.852734	7.485724
47.315003	7.485724
47.315003	7.513827
49.588785	7.513827
49.588785	7.539241
52.794663	7.539241
52.794663	7.560330
55.727533	7.560330
55.727533	7.573764
58.432606	7.573764
58.432606	7.583576
62.079067	7.583576
62.079067	7.590062
65.379321	7.590062
65.379321	7.593365
68.383861	7.593365
& cycle # 5, chisq = 10725.904508, e = 28.125688
0.000000	4.237638
1.023503	4.237638
1.023503	5.242299
1.808584	5.242299
1.808584	5.355813
2.349991	5.355813
2.349991	5.431964
3.173286	5.431964
3.173286	5.496382
3.976603	5.496382
3.976603	5.537706
4.635324	5.537706
4.635324	5.576548
5.784403	5.576548
5.784403	5.621549
6.862986	5.621549
6.862986	5.666051
7.713360	5.666051
7.713360	5.728888
9.040217	5.728888
9.040217	5.813250
10.171564	5.813250
10.171564	5.883139
11.061013	5.883139
11.061013	5.945399
12.537848	5.945399
12.537848	5.990802
13.910036	5.990802
13.910036	6.014747
15.092734	6.014747
15.092734	6.037909
17.073240	6.037909
17.073240	6.067916
18.784365	6.067916
18.784365	6.102116
20.130308	6.102116
20.130308	6.159591
22.034155	6.159591
22.034155	6.256346
23.396018	6.256346
23.396018	6.370491
24.367632	6.370491
24.367632	6.531634
25.681637	6.531634
25.681637	6.711123
26.694128	6.711123
26.694128	6.825703
27.536369	6.825703
27.536369	6.915199
28.859290	6.915199
28.859290	6.989975
30.046679	6.989975
30.046679	7.045296
31.117370	7.045296
31.117370	7.105710
32.851748	7.105710
32.851748	7.169020
34.424879	7.169020
34.424879	7.219995
35.852289	7.219995
35.852289	7.274642
38.066886	7.274642
38.066886	7.329958
40.050398	7.329958
40.050398	7.373538
41.863850	7.373538
41.863850	7.418216
44.575502	7.418216
44.575502	7.461428
47.049948	7.461428
47.049948	7.493911
49.325604	7.493911
49.325604	7.523854
52.611777	7.523854
52.611777	7.549048
55.603045	7.549048
55.603045	7.565098
58.352777	7.565098
58.352777	7.576950
62.140341	7.576950
62.140341	7.584815
65.552098	7.584815
65.552098	7.588789
68.645756	7.588789
& cycle # 1, chisq = 9140.880143, e = 29.997552
0.000000	3.927723
1.023503	3.927723
1.023503	4.979323
1.808584	4.979323
1.808584	5.146580
2.349991	5.146580
2.349991	5.258062
3.173286	5.258062
3.173286	5.350863
3.976603	5.350863
3.976603	5.409077
4.635324	5.409077
4.635324	5.462139
5.784403	5.462139
5.784403	5.521859
6.862986	5.521859
6.862986	5.579870
7.713360	5.579870
7.713360	5.660955
9.040217	5.660955
9.040217	5.769000
10.171564	5.769000
10.171564	5.857783
11.061013	5.857783
11.061013	5.935857
12.537848	5.935857
12.537848	5.991399
13.910036	5.991399
13.910036	6.019345
15.092734	6.019345
15.092734	6.044866
17.073240	6.044866
17.073240	6.076710
18.784365	6.076710
18.784365	6.112415
20.130308	6.112415
20.130308	6.171965
22.034155	6.171965
22.034155	6.271694
23.396018	6.271694
23.396018	6.388785
24.367632	6.388785
24.367632	6.553067
25.681637	6.553067
25.681637	6.734365
26.694128	6.734365
26.694128	6.848303
27.536369	6.848303
27.536369	6.935198
28.859290	6.935198
28.859290	7.006026
30.046679	7.006026
30.046679	7.057510
31.117370	7.057510
31.117370	7.113087
32.851748	7.113087
32.851748	7.170763
34.424879	7.170763
34.424879	7.216787
35.852289	7.216787
35.852289	7.265726
38.066886	7.265726
38.066886	7.314906
40.050398	7.314906
40.050398	7.353406
41.863850	7.353406
41.863850	7.392671
44.575502	7.392671
44.575502	7.430492
47.049948	7.430492
47.049948	7.458833
49.325604	7.458833
49.325604	7.484905
52.611777	7.484905
52.611777	7.506813
55.603045	7.506813
55.603045	7.520754
58.352777	7.520754
58.352777	7.531038
62.140341	7.531038
62.140341	7.537850
65.552098	7.537850
65.552098	7.541280
68.645756	7.541280
& cycle # 2, chisq = 9137.399216, e = 29.997552
0.000000	4.024168
1.023503	4.024168
1.023503	5.060628
1.808584	5.060628
1.808584	5.217203
2.349991	5.217203
2.349991	5.320018
3.173286	5.320018
3.173286	5.405047
3.976603	5.405047
3.976603	5.458211
4.635324	5.458211
4.635324	5.506601
5.784403	5.506601
5.784403	5.561067
6.862986	5.561067
6.862986	5.614022
7.713360	5.614022
7.713360	5.688128
9.040217	5.688128
9.040217	5.787005
10.171564	5.787005
10.171564	5.868406
11.061013	5.868406
11.061013	5.940234
12.537848	5.940234
12.537848	5.991705
13.910036	5.991705
13.910036	6.017992
15.092734	6.017992
15.092734	6.042472
17.073240	6.042472
17.073240	6.073435
18.784365	6.073435
18.784365	6.108365
20.130308	6.108365
20.130308	6.166793
22.034155	6.166793
22.034155	6.264845
23.396018	6.264845
23.396018	6.380187
24.367632	6.380187
24.367632	6.542415
25.681637	6.542415
25.681637	6.722113
26.694128	6.722113
26.694128	6.835758
27.536369	6.835758
27.536369	6.923272
28.859290	6.923272
28.859290	6.995326
30.046679	6.995326
30.046679	7.048078
31.117370	7.048078
31.117370	7.105286
32.851748	7.105286
32.851748	7.164883
34.424879	7.164883
34.424879	7.212605
35.852289	7.212605
35.852289	7.263510
38.066886	7.263510
38.066886	7.314806
40.050398	7.314806
40.050398	7.355060
41.863850	7.355060
41.863850	7.396194
44.575502	7.396194
44.575502	7.435876
47.049948	7.435876
47.049948	7.465647
49.325604	7.465647
49.325604	7.493054
52.611777	7.493054
52.611777	7.516095
55.603045	7.516095
55.603045	7.530762
58.352777	7.530762
58.352777	7.541584
62.140341	7.541584
62.140341	7.548757
65.552098	7.548757
65.552098	7.552372
68.645756	7.552372
& cycle # 3, chisq = 9139.833590, e = 29.997552
0.000000	4.230044
1.023503	4.230044
1.023503	5.226409
1.808584	5.226409
1.808584	5.340094
2.349991	5.340094
2.349991	5.416478
3.173286	5.416478
3.173286	5.481153
3.976603	5.481153
3.976603	5.522674
4.635324	5.522674
4.635324	5.561737
5.784403	5.561737
5.784403	5.607026
6.862986	5.607026
6.862986	5.651829
7.713360	5.651829
7.713360	5.715097
9.040217	5.715097
9.040217	5.800042
10.171564	5.800042
10.171564	5.870409
11.061013	5.870409
11.061013	5.933082
12.537848	5.933082
12.537848	5.978759
13.910036	5.978759
13.910036	6.002817
15.092734	6.002817
15.092734	6.026046
17.073240	6.026046
17.073240	6.056101
18.784365	6.056101
18.784365	6.090335
20.130308	6.090335
20.130308	6.147845
22.034155	6.147845
22.034155	6.244626
23.396018	6.244626
23.396018	6.358764
24.367632	6.358764
24.367632	6.519819
25.681637	6.519819
25.681637	6.699079
26.694128	6.699079
26.694128	6.813367
27.536369	6.813367
27.536369	6.902455
28.859290	6.902455
28.859290	6.976730
30.046679	6.976730
30.046679	7.031589
31.117370	7.031589
31.117370	7.091425
32.851748	7.091425
32.851748	7.154060
34.424879	7.154060
34.424879	7.204438
35.852289	7.204438
35.852289	7.258392
38.066886	7.258392
38.066886	7.312956
40.050398	7.312956
40.050398	7.355908
41.863850	7.355908
41.863850	7.399914
44.575502	7.399914
44.575502	7.442452
47.049948	7.442452
47.049948	7.474414
49.325604	7.474414
49.325604	7.503869
52.611777	7.503869
52.611777	7.528648
55.603045	7.528648
55.603045	7.544431
58.352777	7.544431
58.352777	7.556083
62.140341	7.556083
62.140341	7.563813
65.552098	7.563813
65.552098	7.567716
68.645756	7.567716
& cycle # 4, chisq = 9138.306770, e = 29.997552
0.000000	4.356711
1.023503	4.356711
1.023503	5.378889
1.808584	5.378889
1.808584	5.478099
2.349991	5.478099
2.349991	5.544639
3.173286	5.544639
3.173286	5.601190
3.976603	5.601190
3.976603	5.637715
4.635324	5.637715
4.635324	5.672372
5.784403	5.672372
5.784403	5.712872
6.862986	5.712872
6.862986	5.753134
7.713360	5.753134
7.713360	5.810154
9.040217	5.810154
9.040217	5.886884
10.171564	5.886884
10.171564	5.950611
11.061013	5.950611
11.061013	6.007616
12.537848	6.007616
12.537848	6.049512
13.910036	6.049512
13.910036	6.071926
15.092734	6.071926
15.092734	6.093969
17.073240	6.093969
17.073240	6.122822
18.784365	6.122822
18.784365	6.155850
20.130308	6.155850
20.130308	6.211466
22.034155	6.211466
22.034155	6.305218
23.396018	6.305218
23.396018	6.415959
24.367632	6.415959
24.367632	6.572542
25.681637	6.572542
25.681637	6.747361
26.694128	6.747361
26.694128	6.859393
27.536369	6.859393
27.536369	6.947398
28.859290	6.947398
28.859290	7.021348
30.046679	7.021348
30.046679	7.076268
31.117370	7.076268
31.117370	7.136387
32.851748	7.136387
32.851748	7.199511
34.424879	7.199511
34.424879	7.250422
35.852289	7.250422
35.852289	7.305083
38.066886	7.305083
38.066886	7.360484
40.050398	7.360484
40.050398	7.404179
41.863850	7.404179
41.863850	7.449016
44.575502	7.449016
44.575502	7.492411
47.049948	7.492411
47.049948	7.525047
49.325604	7.525047
49.325604	7.555140
52.611777	7.555140
52.611777	7.580466
55.603045	7.580466
55.603045	7.596602
58.352777	7.596602
58.352777	7.608518
62.140341	7.608518
62.140341	7.616427
65.552098	7.616427
65.552098	7.620424
68.645756	7.620424
& cycle # 5, chisq = 9146.848152, e = 29.997552
0.000000	3.788656
1.076859	3.788656
1.076859	5.104919
1.869696	5.104919
1.869696	5.237110
2.418297	5.237110
2.418297	5.325122
3.246382	5.325122
3.246382	5.398435
4.053331	5.398435
4.053331	5.445344
4.714303	5.445344
4.714303	5.491227
5.848799	5.491227
5.848799	5.547282
6.901647	5.547282
6.901647	5.603433
7.727750	5.603433
7.727750	5.679656
9.009972	5.679656
9.009972	5.774493
10.122974	5.774493
10.122974	5.845948
11.018648	5.845948
11.018648	5.904607
12.524288	5.904607
12.524288	5.946550
13.937274	5.946550
13.937274	5.970124
15.155184	5.970124
15.155184	5.994811
17.164753	5.994811
17.164753	6.028324
18.884392	6.028324
18.884392	6.067274
20.226030	6.067274
20.226030	6.132638
22.092623	6.132638
22.092623	6.241713
23.421808	6.241713
23.421808	6.367993
24.372385	6.367993
24.372385	6.539226
25.661808	6.539226
25.661808	6.720753
26.672782	6.720753
26.672782	6.832894
27.523249	6.832894
27.523249	6.920345
28.856994	6.920345
28.856994	6.994724
30.057723	6.994724
30.057723	7.050497
31.141892	7.050497
31.141892	7.111277
32.886298	7.111277
32.886298	7.174761
34.470591	7.174761
34.470591	7.225852
35.909667	7.225852
35.909667	7.280362
38.128643	7.280362
38.128643	7.335360
40.118979	7.335360
40.118979	7.378677
41.940447	7.378677
41.940447	7.422892
44.648600	7.422892
44.648600	7.465513
47.122799	7.465513
47.122799	7.497521
49.400311	7.497521
49.400311	7.526878
52.671848	7.526878
52.671848	7.551473
55.653214	7.551473
55.653214	7.567107
58.395941	7.567107
58.395941	7.578587
62.155872	7.578587
62.155872	7.586162
65.546247	7.586162
65.546247	7.589966
68.623074	7.589966
& cycle # 1, chisq = 8799.509519, e = 29.582571
0.000000	3.477928
1.076859	3.477928
1.076859	4.872713
1.869696	4.872713
1.869696	5.064037
2.418297	5.064037
2.418297	5.189823
3.246382	5.189823
3.246382	5.292302
4.053331	5.292302
4.053331	5.355894
4.714303	5.355894
4.714303	5.415782
5.848799	5.415782
5.848799	5.486780
6.901647	5.486780
6.901647	5.556675
7.727750	5.556675
7.727750	5.650584
9.009972	5.650584
9.009972	5.766459
10.122974	5.766459
10.122974	5.852923
11.018648	5.852923
11.018648	5.922814
12.524288	5.922814
12.524288	5.971422
13.937274	5.971422
13.937274	5.997522
15.155184	5.997522
15.155184	6.023595
17.164753	6.023595
17.164753	6.058034
18.884392	6.058034
18.884392	6.097603
20.226030	6.097603
20.226030	6.163645
22.092623	6.163645
22.092623	6.273430
23.421808	6.273430
23.421808	6.400071
24.372385	6.400071
24.372385	6.570979
25.661808	6.570979
25.661808	6.750859
26.672782	6.750859
26.672782	6.860637
27.523249	6.860637
27.523249	6.944749
28.856994	6.944749
28.856994	7.015092
30.057723	7.015092
30.057723	7.067244
31.141892	7.067244
31.141892	7.123653
32.886298	7.123653
32.886298	7.182203
34.470591	7.182203
34.470591	7.229052
35.909667	7.229052
35.909667	7.278779
38.128643	7.278779
38.128643	7.328723
40.118979	7.328723
40.118979	7.367904
41.940447	7.367904
41.940447	7.407768
44.648600	7.407768
44.648600	7.446099
47.122799	7.446099
47.122799	7.474832
49.400311	7.474832
49.400311	7.501153
52.671848	7.501153
52.671848	7.523187
55.653214	7.523187
55.653214	7.537185
58.395941	7.537185
58.395941	7.547458
62.155872	7.547458
62.155872	7.554231
65.546247	7.554231
65.546247	7.557626
68.623074	7.557626
& cycle # 2, chisq = 8800.165211, e = 29.582571
0.000000	3.365931
1.076859	3.365931
1.076859	4.503878
1.869696	4.503878
1.869696	4.614211
2.418297	4.614211
2.418297	4.698579
3.246382	4.698579
3.246382	4.778513
4.053331	4.778513
4.053331	4.837836
4.714303	4.837836
4.714303	4.905738
5.848799	4.905738
5.848799	4.998291
6.901647	4.998291
6.901647	5.096588
7.727750	5.096588
7.727750	5.234395
9.009972	5.234395
9.009972	5.409655
10.122974	5.409655
10.122974	5.544191
11.018648	5.544191
11.018648	5.656331
12.524288	5.656331
12.524288	5.736596
13.937274	5.736596
13.937274	5.780244
15.155184	5.780244
15.155184	5.823049
17.164753	5.823049
17.164753	5.877971
18.884392	5.877971
18.884392	5.939635
20.226030	5.939635
20.226030	6.040711
22.092623	6.040711
22.092623	6.206043
23.421808	6.206043
23.421808	6.393520
24.372385	6.393520
24.372385	6.640591
25.661808	6.640591
25.661808	6.891113
26.672782	6.891113
26.672782	7.034239
27.523249	7.034239
27.523249	7.133163
28.856994	7.133163
28.856994	7.207496
30.057723	7.207496
30.057723	7.258658
31.141892	7.258658
31.141892	7.311480
32.886298	7.311480
32.886298	7.364283
34.470591	7.364283
34.470591	7.405145
35.909667	7.405145
35.909667	7.447276
38.128643	7.447276
38.128643	7.488543
40.118979	7.488543
40.118979	7.520229
41.940447	7.520229
41.940447	7.551920
44.648600	7.551920
44.648600	7.581991
47.122799	7.581991
47.122799	7.604314
49.400311	7.604314
49.400311	7.624639
52.671848	7.624639
52.671848	7.641588
55.653214	7.641588
55.653214	7.652329
58.395941	7.652329
58.395941	7.660195
62.155872	7.660195
62.155872	7.665367
65.546247	7.665367
65.546247	7.667945
68.623074	7.667945
& cycle # 3, chisq = 8743.270582, e = 29.582571
0.000000	3.831339
1.076859	3.831339
1.076859	5.159335
1.869696	5.159335
1.869696	5.288502
2.418297	5.288502
2.418297	5.374055
3.246382	5.374055
3.246382	5.445098
4.053331	5.445098
4.053331	5.490422
4.714303	5.490422
4.714303	5.534623
5.848799	5.534623
5.848799	5.588513
6.901647	5.588513
6.901647	5.642438
7.727750	5.642438
7.727750	5.715606
9.009972	5.715606
9.009972	5.806616
10.122974	5.806616
10.122974	5.875176
11.018648	5.875176
11.018648	5.931454
12.524288	5.931454
12.524288	5.971705
13.937274	5.971705
13.937274	5.994347
15.155184	5.994347
15.155184	6.018087
17.164753	6.018087
17.164753	6.050344
18.884392	6.050344
18.884392	6.087853
20.226030	6.087853
20.226030	6.150824
22.092623	6.150824
22.092623	6.255943
23.421808	6.255943
23.421808	6.377693
24.372385	6.377693
24.372385	6.542881
25.661808	6.542881
25.661808	6.718167
26.672782	6.718167
26.672782	6.826632
27.523249	6.826632
27.523249	6.911431
28.856994	6.911431
28.856994	6.983742
30.057723	6.983742
30.057723	7.038072
31.141892	7.038072
31.141892	7.097368
32.886298	7.097368
32.886298	7.159390
34.470591	7.159390
34.470591	7.209371
35.909667	7.209371
35.909667	7.262765
38.128643	7.262765
38.128643	7.316699
40.118979	7.316699
40.118979	7.359223
41.940447	7.359223
41.940447	7.402666
44.648600	7.402666
44.648600	7.444571
47.122799	7.444571
47.122799	7.476058
49.400311	7.476058
49.400311	7.504948
52.671848	7.504948
52.671848	7.529156
55.653214	7.529156
55.653214	7.544548
58.395941	7.544548
58.395941	7.555853
62.155872	7.555853
62.155872	7.563315
65.546247	7.563315
65.546247	7.567066
68.623074	7.567066
& cycle # 4, chisq = 8802.588604, e = 29.582571
0.000000	3.739299
1.076859	3.739299
1.076859	5.046689
1.869696	5.046689
1.869696	5.186883
2.418297	5.186883
2.418297	5.280888
3.246382	5.280888
3.246382	5.359446
4.053331	5.359446
4.053331	5.409825
4.714303	5.409825
4.714303	5.459189
5.848799	5.459189
5.848799	5.519549
6.901647	5.519549
6.901647	5.580017
7.727750	5.580017
7.727750	5.662076
9.009972	5.662076
9.009972	5.764111
10.122974	5.764111
10.122974	5.840896
11.018648	5.840896
11.018648	5.903766
12.524288	5.903766
12.524288	5.948454
13.937274	5.948454
13.937274	5.973293
15.155184	5.973293
15.155184	5.998981
17.164753	5.998981
17.164753	6.033581
18.884392	6.033581
18.884392	6.073643
20.226030	6.073643
20.226030	6.140724
22.092623	6.140724
22.092623	6.252457
23.421808	6.252457
23.421808	6.381558
24.372385	6.381558
24.372385	6.556129
25.661808	6.556129
25.661808	6.740385
26.672782	6.740385
26.672782	6.853351
27.523249	6.853351
27.523249	6.940445
28.856994	6.940445
28.856994	7.013672
30.057723	7.013672
30.057723	7.068118
31.141892	7.068118
31.141892	7.127081
32.886298	7.127081
32.886298	7.188324
34.470591	7.188324
34.470591	7.237347
35.909667	7.237347
35.909667	7.289391
38.128643	7.289391
38.128643	7.341663
40.118979	7.341663
40.118979	7.382667
41.940447	7.382667
41.940447	7.424381
44.648600	7.424381
44.648600	7.464484
47.122799	7.464484
47.122799	7.494543
49.400311	7.494543
49.400311	7.522076
52.671848	7.522076
52.671848	7.545122
55.653214	7.545122
55.653214	7.559761
58.395941	7.559761
58.395941	7.570502
62.155872	7.570502
62.155872	7.577581
65.546247	7.577581
65.546247	7.581127
68.623074	7.581127
& cycle # 5, chisq = 8789.847736, e = 29.582571
0.000000	4.066199
1.035118	4.066199
1.035118	5.101929
1.883940	5.101929
1.883940	5.230959
2.481653	5.230959
2.481653	5.308322
3.348746	5.308322
3.348746	5.372647
4.179449	5.372647
4.179449	5.422184
4.847080	5.422184
4.847080	5.481875
5.904042	5.481875
5.904042	5.558368
6.861472	5.558368
6.861472	5.626009
7.629016	5.626009
7.629016	5.694493
8.839703	5.694493
8.839703	5.754808
9.989635	5.754808
9.989635	5.790680
10.980562	5.790680
10.980562	5.820008
12.624770	5.820008
12.624770	5.847975
14.154520	5.847975
14.154520	5.873188
15.438499	5.873188
15.438499	5.910220
17.368987	5.910220
17.368987	5.969260
18.926560	5.969260
18.926560	6.041743
20.092049	6.041743
20.092049	6.156962
21.605225	6.156962
21.605225	6.326267
22.701953	6.326267
22.701953	6.486091
23.535473	6.486091
23.535473	6.648174
24.735488	6.648174
24.735488	6.782480
25.779946	6.782480
25.779946	6.863476
26.705750	6.863476
26.705750	6.937086
28.134930	6.937086
28.134930	7.009611
29.437403	7.009611
29.437403	7.068238
30.620997	7.068238
30.620997	7.132077
32.459870	7.132077
32.459870	7.198527
34.141192	7.198527
34.141192	7.252583
35.676974	7.252583
35.676974	7.309511
37.970702	7.309511
37.970702	7.366518
40.043626	7.366518
40.043626	7.411676
41.950396	7.411676
41.950396	7.456919
44.702936	7.456919
44.702936	7.499797
47.233069	7.499797
47.233069	7.531752
49.572949	7.531752
49.572949	7.560160
52.842429	7.560160
52.842429	7.583284
55.837567	7.583284
55.837567	7.597753
58.601335	7.597753
58.601335	7.608066
62.292337	7.608066
62.292337	7.614725
65.631736	7.614725
65.631736	7.618048
68.668966	7.618048
& cycle # 1, chisq = 8862.833824, e = 27.436344
0.000000	3.997741
1.035118	3.997741
1.035118	5.080294
1.883940	5.080294
1.883940	5.224774
2.481653	5.224774
2.481653	5.311420
3.348746	5.311420
3.348746	5.382850
4.179449	5.382850
4.179449	5.437289
4.847080	5.437289
4.847080	5.502361
5.904042	5.502361
5.904042	5.585265
6.861472	5.585265
6.861472	5.658203
7.629016	5.658203
7.629016	5.731608
8.839703	5.731608
8.839703	5.795710
9.989635	5.795710
9.989635	5.833327
10.980562	5.833327
10.980562	5.863466
12.624770	5.863466
12.624770	5.891513
14.154520	5.891513
14.154520	5.916319
15.438499	5.916319
15.438499	5.952417
17.368987	5.952417
17.368987	6.009738
18.926560	6.009738
18.926560	6.079964
20.092049	6.079964
20.092049	6.191416
21.605225	6.191416
21.605225	6.354931
22.701953	6.354931
22.701953	6.508995
23.535473	6.508995
23.535473	6.664795
24.735488	6.664795
24.735488	6.793344
25.779946	6.793344
25.779946	6.870438
26.705750	6.870438
26.705750	6.940197
28.134930	6.940197
28.134930	7.008771
29.437403	7.008771
29.437403	7.064144
30.620997	7.064144
30.620997	7.124403
32.459870	7.124403
32.459870	7.187106
34.141192	7.187106
34.141192	7.238107
35.676974	7.238107
35.676974	7.291816
37.970702	7.291816
37.970702	7.345605
40.043626	7.345605
40.043626	7.388221
41.950396	7.388221
41.950396	7.430922
44.702936	7.430922
44.702936	7.471396
47.233069	7.471396
47.233069	7.501563
49.572949	7.501563
49.572949	7.528384
52.842429	7.528384
52.842429	7.550218
55.837567	7.550218
55.837567	7.563883
58.601335	7.563883
58.601335	7.573624
62.292337	7.573624
62.292337	7.579917
65.631736	7.579917
65.631736	7.583060
68.668966	7.583060
& cycle # 2, chisq = 8867.302608, e = 27.436344
0.000000	3.754570
1.035118	3.754570
1.035118	4.792218
1.883940	4.792218
1.883940	4.958103
2.481653	4.958103
2.481653	5.064114
3.348746	5.064114
3.348746	5.154859
4.179449	5.154859
4.179449	5.225840
4.847080	5.225840
4.847080	5.311729
5.904042	5.311729
5.904042	5.421700
6.861472	5.421700
6.861472	5.518622
7.629016	5.518622
7.629016	5.616110
8.839703	5.616110
8.839703	5.700922
9.989635	5.700922
9.989635	5.750189
10.980562	5.750189
10.980562	5.788806
12.624770	5.788806
12.624770	5.823593
14.154520	5.823593
14.154520	5.853456
15.438499	5.853456
15.438499	5.896173
17.368987	5.896173
17.368987	5.963378
18.926560	5.963378
18.926560	6.045185
20.092049	6.045185
20.092049	6.174223
21.605225	6.174223
21.605225	6.362192
22.701953	6.362192
22.701953	6.537608
23.535473	6.537608
23.535473	6.712264
24.735488	6.712264
24.735488	6.852714
25.779946	6.852714
25.779946	6.933830
26.705750	6.933830
26.705750	7.004626
28.134930	7.004626
28.134930	7.072436
29.437403	7.072436
29.437403	7.126122
30.620997	7.126122
30.620997	7.183538
32.459870	7.183538
32.459870	7.242310
34.141192	7.242310
34.141192	7.289379
35.676974	7.289379
35.676974	7.338257
37.970702	7.338257
37.970702	7.386601
40.043626	7.386601
40.043626	7.424492
41.950396	7.424492
41.950396	7.462139
44.702936	7.462139
44.702936	7.497596
47.233069	7.497596
47.233069	7.523905
49.572949	7.523905
49.572949	7.547231
52.842429	7.547231
52.842429	7.566185
55.837567	7.566185
55.837567	7.578030
58.601335	7.578030
58.601335	7.586460
62.292337	7.586460
62.292337	7.591891
65.631736	7.591891
65.631736	7.594587
68.668966	7.594587
& cycle # 3, chisq = 8847.133761, e = 27.436344
0.000000	3.803831
1.035118	3.803831
1.035118	4.826678
1.883940	4.826678
1.883940	4.991213
2.481653	4.991213
2.481653	5.095450
3.348746	5.095450
3.348746	5.183454
4.179449	5.183454
4.179449	5.251418
4.847080	5.251418
4.847080	5.333020
5.904042	5.333020
5.904042	5.437048
6.861472	5.437048
6.861472	5.528482
7.629016	5.528482
7.629016	5.620273
8.839703	5.620273
8.839703	5.700030
9.989635	5.700030
9.989635	5.746378
10.980562	5.746378
10.980562	5.782850
12.624770	5.782850
12.624770	5.815965
14.154520	5.815965
14.154520	5.844630
15.438499	5.844630
15.438499	5.885862
17.368987	5.885862
17.368987	5.950956
18.926560	5.950956
18.926560	6.030404
20.092049	6.030404
20.092049	6.156065
21.605225	6.156065
21.605225	6.339720
22.701953	6.339720
22.701953	6.511886
23.535473	6.511886
23.535473	6.684586
24.735488	6.684586
24.735488	6.825213
25.779946	6.825213
25.779946	6.907971
26.705750	6.907971
26.705750	6.981549
28.134930	6.981549
28.134930	7.052996
29.437403	7.052996
29.437403	7.110165
30.620997	7.110165
30.620997	7.171890
32.459870	7.171890
32.459870	7.235648
34.141192	7.235648
34.141192	7.287152
35.676974	7.287152
35.676974	7.341058
37.970702	7.341058
37.970702	7.394751
40.043626	7.394751
40.043626	7.437094
41.950396	7.437094
41.950396	7.479366
44.702936	7.479366
44.702936	7.519324
47.233069	7.519324
47.233069	7.549050
49.572949	7.549050
49.572949	7.575447
52.842429	7.575447
52.842429	7.596919
55.837567	7.596919
55.837567	7.610348
58.601335	7.610348
58.601335	7.619914
62.292337	7.619914
62.292337	7.626086
65.631736	7.626086
65.631736	7.629161
68.668966	7.629161
& cycle # 4, chisq = 8861.459263, e = 27.436344
0.000000	3.821630
1.035118	3.821630
1.035118	4.871897
1.883940	4.871897
1.883940	5.040212
2.481653	5.040212
2.481653	5.145865
3.348746	5.145865
3.348746	5.234286
4.179449	5.234286
4.179449	5.302038
4.847080	5.302038
4.847080	5.382980
5.904042	5.382980
5.904042	5.485849
6.861472	5.485849
6.861472	5.576056
7.629016	5.576056
7.629016	5.666402
8.839703	5.666402
8.839703	5.744673
9.989635	5.744673
9.989635	5.789969
10.980562	5.789969
10.980562	5.825409
12.624770	5.825409
12.624770	5.857369
14.154520	5.857369
14.154520	5.884883
15.438499	5.884883
15.438499	5.924360
17.368987	5.924360
17.368987	5.986619
18.926560	5.986619
18.926560	6.062572
20.092049	6.062572
20.092049	6.182665
21.605225	6.182665
21.605225	6.358129
22.701953	6.358129
22.701953	6.522557
23.535473	6.522557
23.535473	6.687405
24.735488	6.687405
24.735488	6.821523
25.779946	6.821523
25.779946	6.900355
26.705750	6.900355
26.705750	6.970367
28.134930	6.970367
28.134930	7.038302
29.437403	7.038302
29.437403	7.092635
30.620997	7.092635
30.620997	7.151271
32.459870	7.151271
32.459870	7.211814
34.141192	7.211814
34.141192	7.260700
35.676974	7.260700
35.676974	7.311848
37.970702	7.311848
37.970702	7.362776
40.043626	7.362776
40.043626	7.402925
41.950396	7.402925
41.950396	7.442998
44.702936	7.442998
44.702936	7.480870
47.233069	7.480870
47.233069	7.509040
49.572949	7.509040
49.572949	7.534054
52.842429	7.534054
52.842429	7.554399
55.837567	7.554399
55.837567	7.567122
58.601335	7.567122
58.601335	7.576185
62.292337	7.576185
62.292337	7.582031
65.631736	7.582031
65.631736	7.584942
68.668966	7.584942
& cycle # 5, chisq = 8861.061633, e = 27.436344
0.000000	4.138427
0.999684	4.138427
0.999684	5.293752
1.808031	5.293752
1.808031	5.422712
2.378640	5.422712
2.378640	5.497616
3.203359	5.497616
3.203359	5.558572
4.003563	5.558572
4.003563	5.598903
4.666978	5.598903
4.666978	5.636779
5.765335	5.636779
5.765335	5.677957
6.817753	5.677957
6.817753	5.715090
7.684494	5.715090
7.684494	5.761186
9.029261	5.761186
9.029261	5.817075
10.244933	5.817075
10.244933	5.862769
11.240615	5.862769
11.240615	5.905623
12.814105	5.905623
12.814105	5.942894
14.248138	5.942894
14.248138	5.970105
15.453594	5.970105
15.453594	6.004890
17.277949	6.004890
17.277949	6.057315
18.781458	6.057315
18.781458	6.120049
19.931057	6.120049
19.931057	6.218109
21.450900	6.218109
21.450900	6.361449
22.576254	6.361449
22.576254	6.500103
23.438424	6.500103
23.438424	6.647725
24.669629	6.647725
24.669629	6.776998
25.733936	6.776998
25.733936	6.857305
26.673700	6.857305
26.673700	6.929442
28.114330	6.929442
28.114330	6.999662
29.427685	6.999662
29.427685	7.056449
30.622035	7.056449
30.622035	7.118438
32.468633	7.118438
32.468633	7.183237
34.158570	7.183237
34.158570	7.236274
35.703428	7.236274
35.703428	7.292255
38.000565	7.292255
38.000565	7.348441
40.078721	7.348441
40.078721	7.393092
41.991664	7.393092
41.991664	7.437772
44.741855	7.437772
44.741855	7.480039
47.271816	7.480039
47.271816	7.511530
49.612751	7.511530
49.612751	7.539503
52.870212	7.539503
52.870212	7.562415
55.854719	7.562415
55.854719	7.577050
58.607742	7.577050
58.607742	7.587913
62.267410	7.587913
62.267410	7.595507
65.576100	7.595507
65.576100	7.599903
68.583262	7.599903
& cycle # 1, chisq = 9060.837234, e = 27.140170
0.000000	3.870820
0.999684	3.870820
0.999684	5.050649
1.808031	5.050649
1.808031	5.217698
2.378640	5.217698
2.378640	5.321369
3.203359	5.321369
3.203359	5.407482
4.003563	5.407482
4.003563	5.464622
4.666978	5.464622
4.666978	5.517874
5.765335	5.517874
5.765335	5.575069
6.817753	5.575069
6.817753	5.626038
7.684494	5.626038
7.684494	5.688671
9.029261	5.688671
9.029261	5.763848
10.244933	5.763848
10.244933	5.824496
11.240615	5.824496
11.240615	5.880019
12.814105	5.880019
12.814105	5.926206
14.248138	5.926206
14.248138	5.957914
15.453594	5.957914
15.453594	5.996707
17.277949	5.996707
17.277949	6.054100
18.781458	6.054100
18.781458	6.122204
19.931057	6.122204
19.931057	6.227992
21.450900	6.227992
21.450900	6.381635
22.576254	6.381635
22.576254	6.529065
23.438424	6.529065
23.438424	6.684142
24.669629	6.684142
24.669629	6.817402
25.733936	6.817402
25.733936	6.897972
26.673700	6.897972
26.673700	6.968430
28.114330	6.968430
28.114330	7.035707
29.427685	7.035707
29.427685	7.089389
30.622035	7.089389
30.622035	7.147357
32.468633	7.147357
32.468633	7.207364
34.158570	7.207364
34.158570	7.256040
35.703428	7.256040
35.703428	7.307011
38.000565	7.307011
38.000565	7.357815
40.078721	7.357815
40.078721	7.397952
41.991664	7.397952
41.991664	7.437927
44.741855	7.437927
44.741855	7.475606
47.271816	7.475606
47.271816	7.503599
49.612751	7.503599
49.612751	7.528407
52.870212	7.528407
52.870212	7.548681
55.854719	7.548681
55.854719	7.561595
58.607742	7.561595
58.607742	7.571139
62.267410	7.571139
62.267410	7.577765
65.576100	7.577765
65.576100	7.581554
68.583262	7.581554
& cycle # 2, chisq = 9054.879210, e = 27.140170
0.000000	3.771124
0.999684	3.771124
0.999684	4.906114
1.808031	4.906114
1.808031	5.079693
2.378640	5.079693
2.378640	5.191728
3.203359	5.191728
3.203359	5.286758
4.003563	5.286758
4.003563	5.350828
4.666978	5.350828
4.666978	5.411394
5.765335	5.411394
5.765335	5.477175
6.817753	5.477175
6.817753	5.536173
7.684494	5.536173
7.684494	5.608857
9.029261	5.608857
9.029261	5.696110
10.244933	5.696110
10.244933	5.766379
11.240615	5.766379
11.240615	5.830401
12.814105	5.830401
12.814105	5.883118
14.248138	5.883118
14.248138	5.918737
15.453594	5.918737
15.453594	5.961741
17.277949	5.961741
17.277949	6.024931
18.781458	6.024931
18.781458	6.099616
19.931057	6.099616
19.931057	6.215216
21.450900	6.215216
21.450900	6.382437
22.576254	6.382437
22.576254	6.542053
23.438424	6.542053
23.438424	6.708566
24.669629	6.708566
24.669629	6.849738
25.733936	6.849738
25.733936	6.933365
26.673700	6.933365
26.673700	7.004915
28.114330	7.004915
28.114330	7.072089
29.427685	7.072089
29.427685	7.125012
30.622035	7.125012
30.622035	7.181546
32.468633	7.181546
32.468633	7.239480
34.158570	7.239480
34.158570	7.286028
35.703428	7.286028
35.703428	7.334349
38.000565	7.334349
38.000565	7.382140
40.078721	7.382140
40.078721	7.419645
41.991664	7.419645
41.991664	7.456798
44.741855	7.456798
44.741855	7.491668
47.271816	7.491668
47.271816	7.517488
49.612751	7.517488
49.612751	7.540309
52.870212	7.540309
52.870212	7.558908
55.854719	7.558908
55.854719	7.570715
58.607742	7.570715
58.607742	7.579398
62.267410	7.579398
62.267410	7.585375
65.576100	7.585375
65.576100	7.588743
68.583262	7.588743
& cycle # 3, chisq = 9041.715229, e = 27.140170
0.000000	4.138396
0.999684	4.138396
0.999684	5.299005
1.808031	5.299005
1.808031	5.432702
2.378640	5.432702
2.378640	5.511099
3.203359	5.511099
3.203359	5.575007
4.003563	5.575007
4.003563	5.617230
4.666978	5.617230
4.666978	5.656743
5.765335	5.656743
5.765335	5.699529
6.817753	5.699529
6.817753	5.737981
7.684494	5.737981
7.684494	5.785592
9.029261	5.785592
9.029261	5.843180
10.244933	5.843180
10.244933	5.890120
11.240615	5.890120
11.240615	5.933911
12.814105	5.933911
12.814105	5.971635
14.248138	5.971635
14.248138	5.998833
15.453594	5.998833
15.453594	6.033305
17.277949	6.033305
17.277949	6.085074
18.781458	6.085074
18.781458	6.146928
19.931057	6.146928
19.931057	6.243502
21.450900	6.243502
21.450900	6.384508
22.576254	6.384508
22.576254	6.520712
23.438424	6.520712
23.438424	6.665422
24.669629	6.665422
24.669629	6.791740
25.733936	6.791740
25.733936	6.869861
26.673700	6.869861
26.673700	6.939737
28.114330	6.939737
28.114330	7.007556
29.427685	7.007556
29.427685	7.062297
30.622035	7.062297
30.622035	7.121964
32.468633	7.121964
32.468633	7.184254
34.158570	7.184254
34.158570	7.235180
35.703428	7.235180
35.703428	7.288881
38.000565	7.288881
38.000565	7.342732
40.078721	7.342732
40.078721	7.385499
41.991664	7.385499
41.991664	7.428271
44.741855	7.428271
44.741855	7.468717
47.271816	7.468717
47.271816	7.498844
49.612751	7.498844
49.612751	7.525600
52.870212	7.525600
52.870212	7.547511
55.854719	7.547511
55.854719	7.561506
58.607742	7.561506
58.607742	7.571892
62.267410	7.571892
62.267410	7.579152
65.576100	7.579152
65.576100	7.583353
68.583262	7.583353
& cycle # 4, chisq = 9061.740312, e = 27.140170
0.000000	4.145988
0.999684	4.145988
0.999684	5.306384
1.808031	5.306384
1.808031	5.439709
2.378640	5.439709
2.378640	5.517951
3.203359	5.517951
3.203359	5.581803
4.003563	5.581803
4.003563	5.624042
4.666978	5.624042
4.666978	5.663627
5.765335	5.663627
5.765335	5.706543
6.817753	5.706543
6.817753	5.745141
7.684494	5.745141
7.684494	5.792947
9.029261	5.792947
9.029261	5.850773
10.244933	5.850773
10.244933	5.897899
11.240615	5.897899
11.240615	5.941840
12.814105	5.941840
12.814105	5.979654
14.248138	5.979654
14.248138	6.006874
15.453594	6.006874
15.453594	6.041332
17.277949	6.041332
17.277949	6.093045
18.781458	6.093045
18.781458	6.154807
19.931057	6.154807
19.931057	6.251198
21.450900	6.251198
21.450900	6.391869
22.576254	6.391869
22.576254	6.527664
23.438424	6.527664
23.438424	6.671797
24.669629	6.671797
24.669629	6.797414
25.733936	6.797414
25.733936	6.874921
26.673700	6.874921
26.673700	6.944085
28.114330	6.944085
28.114330	7.011093
29.427685	7.011093
29.427685	7.065106
30.622035	7.065106
30.622035	7.123912
32.468633	7.123912
32.468633	7.185240
34.158570	7.185240
34.158570	7.235330
35.703428	7.235330
35.703428	7.288102
38.000565	7.288102
38.000565	7.340982
40.078721	7.340982
40.078721	7.382951
41.991664	7.382951
41.991664	7.424904
44.741855	7.424904
44.741855	7.464560
47.271816	7.464560
47.271816	7.494090
49.612751	7.494090
49.612751	7.520311
52.870212	7.520311
52.870212	7.541781
55.854719	7.541781
55.854719	7.555493
58.607742	7.555493
58.607742	7.565668
62.267410	7.565668
62.267410	7.572779
65.576100	7.572779
65.576100	7.576894
68.583262	7.576894
& cycle # 5, chisq = 9060.547495, e = 27.140170
0.000000	4.545845
0.890059	4.545845
0.890059	5.317418
1.678847	5.317418
1.678847	5.430986
2.226865	5.430986
2.226865	5.506949
3.046773	5.506949
3.046773	5.572476
3.845543	5.572476
3.845543	5.616150
4.504259	5.616150
4.504259	5.655803
5.646676	5.655803
5.646676	5.695102
6.753520	5.695102
6.753520	5.728397
7.661857	5.728397
7.661857	5.772294
9.110000	5.772294
9.110000	5.832901
10.374219	5.832901
10.374219	5.890669
11.360058	5.890669
11.360058	5.954007
12.903921	5.954007
12.903921	6.010400
14.268330	6.010400
14.268330	6.043001
15.409252	6.043001
15.409252	6.073963
17.232035	6.073963
17.232035	6.114677
18.762674	6.114677
18.762674	6.161997
19.943005	6.161997
19.943005	6.239492
21.561089	6.239492
21.561089	6.361769
22.728741	6.361769
22.728741	6.490739
23.590586	6.490739
23.590586	6.643695
24.812444	6.643695
24.812444	6.785901
25.827847	6.785901
25.827847	6.870452
26.707987	6.870452
26.707987	6.941490
28.094494	6.941490
28.094494	7.007545
29.349318	7.007545
29.349318	7.059335
30.484369	7.059335
30.484369	7.116052
32.295940	7.116052
32.295940	7.175237
33.943810	7.175237
33.943810	7.222923
35.442569	7.222923
35.442569	7.273537
37.736517	7.273537
37.736517	7.324353
39.797707	7.324353
39.797707	7.364240
41.686236	7.364240
41.686236	7.404481
44.474866	7.404481
44.474866	7.442716
47.025923	7.442716
47.025923	7.471009
49.375928	7.471009
49.375928	7.496500
52.726690	7.496500
52.726690	7.517773
55.777308	7.517773
55.777308	7.531689
58.576691	7.531689
58.576691	7.542759
62.372048	7.542759
62.372048	7.551391
65.774317	7.551391
65.774317	7.557195
68.842889	7.557195
& cycle # 1, chisq = 10402.999972, e = 29.084095
0.000000	4.494783
0.890059	4.494783
0.890059	5.268980
1.678847	5.268980
1.678847	5.395077
2.226865	5.395077
2.226865	5.479699
3.046773	5.479699
3.046773	5.552440
3.845543	5.552440
3.845543	5.600667
4.504259	5.600667
4.504259	5.644135
5.646676	5.644135
5.646676	5.686823
6.753520	5.686823
6.753520	5.722697
7.661857	5.722697
7.661857	5.769762
9.110000	5.769762
9.110000	5.834553
10.374219	5.834553
10.374219	5.896166
11.360058	5.896166
11.360058	5.963520
12.903921	5.963520
12.903921	6.023152
14.268330	6.023152
14.268330	6.057226
15.409252	6.057226
15.409252	6.089073
17.232035	6.089073
17.232035	6.130549
18.762674	6.130549
18.762674	6.178590
19.943005	6.178590
19.943005	6.257136
21.561089	6.257136
21.561089	6.380898
22.728741	6.380898
22.728741	6.511229
23.590586	6.511229
23.590586	6.665446
24.812444	6.665446
24.812444	6.808298
25.827847	6.808298
25.827847	6.892730
26.707987	6.892730
26.707987	6.963175
28.094494	6.963175
28.094494	7.028317
29.349318	7.028317
29.349318	7.079195
30.484369	7.079195
30.484369	7.134740
32.295940	7.134740
32.295940	7.192538
33.943810	7.192538
33.943810	7.238981
35.442569	7.238981
35.442569	7.288153
37.736517	7.288153
37.736517	7.337410
39.797707	7.337410
39.797707	7.375995
41.686236	7.375995
41.686236	7.414856
44.474866	7.414856
44.474866	7.451722
47.025923	7.451722
47.025923	7.478962
49.375928	7.478962
49.375928	7.503469
52.726690	7.503469
52.726690	7.523881
55.777308	7.523881
55.777308	7.537200
58.576691	7.537200
58.576691	7.547754
62.372048	7.547754
62.372048	7.555939
65.774317	7.555939
65.774317	7.561404
68.842889	7.561404
& cycle # 2, chisq = 10403.462944, e = 29.084095
0.000000	4.402933
0.890059	4.402933
0.890059	5.170440
1.678847	5.170440
1.678847	5.309345
2.226865	5.309345
2.226865	5.403762
3.046773	5.403762
3.046773	5.485218
3.845543	5.485218
3.845543	5.539261
4.504259	5.539261
4.504259	5.587897
5.646676	5.587897
5.646676	5.635513
6.753520	5.635513
6.753520	5.675388
7.661857	5.675388
7.661857	5.727560
9.110000	5.727560
9.110000	5.799223
10.374219	5.799223
10.374219	5.867220
11.360058	5.867220
11.360058	5.941292
12.903921	5.941292
12.903921	6.006408
14.268330	6.006408
14.268330	6.043052
15.409252	6.043052
15.409252	6.076557
17.232035	6.076557
17.232035	6.119593
18.762674	6.119593
18.762674	6.169182
19.943005	6.169182
19.943005	6.250049
21.561089	6.250049
21.561089	6.377185
22.728741	6.377185
22.728741	6.510733
23.590586	6.510733
23.590586	6.668177
24.812444	6.668177
24.812444	6.813165
25.827847	6.813165
25.827847	6.898057
26.707987	6.898057
26.707987	6.968105
28.094494	6.968105
28.094494	7.032327
29.349318	7.032327
29.349318	7.082201
30.484369	7.082201
30.484369	7.136418
32.295940	7.136418
32.295940	7.192620
33.943810	7.192620
33.943810	7.237624
35.442569	7.237624
35.442569	7.285127
37.736517	7.285127
37.736517	7.332588
39.797707	7.332588
39.797707	7.369681
41.686236	7.369681
41.686236	7.406973
44.474866	7.406973
44.474866	7.442301
47.025923	7.442301
47.025923	7.468374
49.375928	7.468374
49.375928	7.491807
52.726690	7.491807
52.726690	7.511306
55.777308	7.511306
55.777308	7.524015
58.576691	7.524015
58.576691	7.534071
62.372048	7.534071
62.372048	7.541856
65.774317	7.541856
65.774317	7.547042
68.842889	7.547042
& cycle # 3, chisq = 10403.790649, e = 29.084095
0.000000	4.502307
0.890059	4.502307
0.890059	5.280755
1.678847	5.280755
1.678847	5.400923
2.226865	5.400923
2.226865	5.481493
3.046773	5.481493
3.046773	5.550917
3.845543	5.550917
3.845543	5.597089
4.504259	5.597089
4.504259	5.638872
5.646676	5.638872
5.646676	5.680107
6.753520	5.680107
6.753520	5.714908
7.661857	5.714908
7.661857	5.760682
9.110000	5.760682
9.110000	5.823786
10.374219	5.823786
10.374219	5.883861
11.360058	5.883861
11.360058	5.949622
12.903921	5.949622
12.903921	6.007992
14.268330	6.007992
14.268330	6.041519
15.409252	6.041519
15.409252	6.073081
17.232035	6.073081
17.232035	6.114367
18.762674	6.114367
18.762674	6.162262
19.943005	6.162262
19.943005	6.240627
21.561089	6.240627
21.561089	6.364183
22.728741	6.364183
22.728741	6.494390
23.590586	6.494390
23.590586	6.648624
24.812444	6.648624
24.812444	6.791735
25.827847	6.791735
25.827847	6.876557
26.707987	6.876557
26.707987	6.947562
28.094494	6.947562
28.094494	7.013398
29.349318	7.013398
29.349318	7.064917
30.484369	7.064917
30.484369	7.121251
32.295940	7.121251
32.295940	7.179958
33.943810	7.179958
33.943810	7.227197
35.442569	7.227197
35.442569	7.277280
37.736517	7.277280
37.736517	7.327510
39.797707	7.327510
39.797707	7.366901
41.686236	7.366901
41.686236	7.406612
44.474866	7.406612
44.474866	7.444318
47.025923	7.444318
47.025923	7.472202
49.375928	7.472202
49.375928	7.497311
52.726690	7.497311
52.726690	7.518249
55.777308	7.518249
55.777308	7.531932
58.576691	7.531932
58.576691	7.542802
62.372048	7.542802
62.372048	7.551260
65.774317	7.551260
65.774317	7.556933
68.842889	7.556933
& cycle # 4, chisq = 10403.329294, e = 29.084095
0.000000	4.754484
0.890059	4.754484
0.890059	5.513476
1.678847	5.513476
1.678847	5.607238
2.226865	5.607238
2.226865	5.668798
3.046773	5.668798
3.046773	5.721737
3.845543	5.721737
3.845543	5.757084
4.504259	5.757084
4.504259	5.789356
5.646676	5.789356
5.646676	5.821607
6.753520	5.821607
6.753520	5.849154
7.661857	5.849154
7.661857	5.885679
9.110000	5.885679
9.110000	5.936313
10.374219	5.936313
10.374219	5.984763
11.360058	5.984763
11.360058	6.038201
12.903921	6.038201
12.903921	6.086343
14.268330	6.086343
14.268330	6.114850
15.409252	6.114850
15.409252	6.142813
17.232035	6.142813
17.232035	6.180298
18.762674	6.180298
18.762674	6.224180
19.943005	6.224180
19.943005	6.296321
21.561089	6.296321
21.561089	6.410547
22.728741	6.410547
22.728741	6.531510
23.590586	6.531510
23.590586	6.675829
24.812444	6.675829
24.812444	6.811292
25.827847	6.811292
25.827847	6.893073
26.707987	6.893073
26.707987	6.963022
28.094494	6.963022
28.094494	7.028990
29.349318	7.028990
29.349318	7.081229
30.484369	7.081229
30.484369	7.138895
32.295940	7.138895
32.295940	7.199516
33.943810	7.199516
33.943810	7.248699
35.442569	7.248699
35.442569	7.301233
37.736517	7.301233
37.736517	7.354277
39.797707	7.354277
39.797707	7.396124
41.686236	7.396124
41.686236	7.438523
44.474866	7.438523
44.474866	7.478957
47.025923	7.478957
47.025923	7.508979
49.375928	7.508979
49.375928	7.536124
52.726690	7.536124
52.726690	7.558872
55.777308	7.558872
55.777308	7.573840
58.576691	7.573840
58.576691	7.585842
62.372048	7.585842
62.372048	7.595308
65.774317	7.595308
65.774317	7.601768
68.842889	7.601768
& cycle # 5, chisq = 10413.657416, e = 29.084095
0.000000	4.553765
0.841343	4.553765
0.841343	5.351757
1.582886	5.351757
1.582886	5.465603
2.098574	5.465603
2.098574	5.542678
2.868498	5.542678
2.868498	5.610783
3.618410	5.610783
3.618410	5.658158
4.237331	5.658158
4.237331	5.703369
5.313081	5.703369
5.313081	5.746342
6.377121	5.746342
6.377121	5.775565
7.283589	5.775565
7.283589	5.804185
8.812380	5.804185
8.812380	5.837420
10.236125	5.837420
10.236125	5.870268
11.381116	5.870268
11.381116	5.916814
13.141355	5.916814
13.141355	5.980749
14.586034	5.980749
14.586034	6.039250
15.703576	6.039250
15.703576	6.101985
17.383981	6.101985
17.383981	6.163241
18.784740	6.163241
18.784740	6.210874
19.902591	6.210874
19.902591	6.273168
21.524326	6.273168
21.524326	6.364427
22.770434	6.364427
22.770434	6.463749
23.718756	6.463749
23.718756	6.597381
25.054951	6.597381
25.054951	6.747306
26.126482	6.747306
26.126482	6.851643
27.025991	6.851643
27.025991	6.939121
28.410838	6.939121
28.410838	7.012797
29.653919	7.012797
29.653919	7.066206
30.776808	7.066206
30.776808	7.123206
32.564969	7.123206
32.564969	7.182434
34.192085	7.182434
34.192085	7.230216
35.672417	7.230216
35.672417	7.280988
37.934202	7.280988
37.934202	7.332075
39.967331	7.332075
39.967331	7.372338
41.830674	7.372338
41.830674	7.413149
44.577703	7.413149
44.577703	7.452207
47.091758	7.452207
47.091758	7.481390
49.408853	7.481390
49.408853	7.507855
52.710180	7.507855
52.710180	7.529847
55.721700	7.529847
55.721700	7.543845
58.492504	7.543845
58.492504	7.554205
62.258173	7.554205
62.258173	7.561245
65.651745	7.561245
65.651745	7.565034
68.728555	7.565034
& cycle # 1, chisq = 11209.385819, e = 28.966340
0.000000	4.444871
0.841343	4.444871
0.841343	5.247061
1.582886	5.247061
1.582886	5.380956
2.098574	5.380956
2.098574	5.472528
2.868498	5.472528
2.868498	5.553271
3.618410	5.553271
3.618410	5.609167
4.237331	5.609167
4.237331	5.662185
5.313081	5.662185
5.313081	5.712195
6.377121	5.712195
6.377121	5.745840
7.283589	5.745840
7.283589	5.778327
8.812380	5.778327
8.812380	5.815569
10.236125	5.815569
10.236125	5.852076
11.381116	5.852076
11.381116	5.903536
13.141355	5.903536
13.141355	5.973886
14.586034	5.973886
14.586034	6.037866
15.703576	6.037866
15.703576	6.105778
17.383981	6.105778
17.383981	6.170982
18.784740	6.170982
18.784740	6.220626
19.902591	6.220626
19.902591	6.284632
21.524326	6.284632
21.524326	6.377833
22.770434	6.377833
22.770434	6.478939
23.718756	6.478939
23.718756	6.614510
25.054951	6.614510
25.054951	6.765897
26.126482	6.765897
26.126482	6.870486
27.025991	6.870486
27.025991	6.957239
28.410838	6.957239
28.410838	7.029418
29.653919	7.029418
29.653919	7.081212
30.776808	7.081212
30.776808	7.136100
32.564969	7.136100
32.564969	7.192807
34.192085	7.192807
34.192085	7.238320
35.672417	7.238320
35.672417	7.286453
37.934202	7.286453
37.934202	7.334681
39.967331	7.334681
39.967331	7.372551
41.830674	7.372551
41.830674	7.410821
44.577703	7.410821
44.577703	7.447358
47.091758	7.447358
47.091758	7.474608
49.408853	7.474608
49.408853	7.499285
52.710180	7.499285
52.710180	7.519770
55.721700	7.519770
55.721700	7.532791
58.492504	7.532791
58.492504	7.542412
62.258173	7.542412
62.258173	7.548931
65.651745	7.548931
65.651745	7.552422
68.728555	7.552422
& cycle # 2, chisq = 11207.998004, e = 28.966340
0.000000	4.386985
0.841343	4.386985
0.841343	5.159586
1.582886	5.159586
1.582886	5.299429
2.098574	5.299429
2.098574	5.396877
2.868498	5.396877
2.868498	5.483643
3.618410	5.483643
3.618410	5.544116
4.237331	5.544116
4.237331	5.601746
5.313081	5.601746
5.313081	5.656291
6.377121	5.656291
6.377121	5.693097
7.283589	5.693097
7.283589	5.728733
8.812380	5.728733
8.812380	5.769646
10.236125	5.769646
10.236125	5.809753
11.381116	5.809753
11.381116	5.866231
13.141355	5.866231
13.141355	5.943306
14.586034	5.943306
14.586034	6.013198
15.703576	6.013198
15.703576	6.086985
17.383981	6.086985
17.383981	6.157159
18.784740	6.157159
18.784740	6.209921
19.902591	6.209921
19.902591	6.277330
21.524326	6.277330
21.524326	6.375067
22.770434	6.375067
22.770434	6.480813
23.718756	6.480813
23.718756	6.622188
25.054951	6.622188
25.054951	6.779396
26.126482	6.779396
26.126482	6.887292
27.025991	6.887292
27.025991	6.975904
28.410838	6.975904
28.410838	7.048782
29.653919	7.048782
29.653919	7.100564
30.776808	7.100564
30.776808	7.155060
32.564969	7.155060
32.564969	7.211046
34.192085	7.211046
34.192085	7.255750
35.672417	7.255750
35.672417	7.302810
37.934202	7.302810
37.934202	7.349767
39.967331	7.349767
39.967331	7.386504
41.830674	7.386504
41.830674	7.423519
44.577703	7.423519
44.577703	7.458777
47.091758	7.458777
47.091758	7.485025
49.408853	7.485025
49.408853	7.508766
52.710180	7.508766
52.710180	7.528453
55.721700	7.528453
55.721700	7.540955
58.492504	7.540955
58.492504	7.550182
62.258173	7.550182
62.258173	7.556421
65.651745	7.556421
65.651745	7.559748
68.728555	7.559748
& cycle # 3, chisq = 11201.529489, e = 28.966340
0.000000	4.444551
0.841343	4.444551
0.841343	5.266595
1.582886	5.266595
1.582886	5.400396
2.098574	5.400396
2.098574	5.491270
2.868498	5.491270
2.868498	5.571087
3.618410	5.571087
3.618410	5.626176
4.237331	5.626176
4.237331	5.678299
5.313081	5.678299
5.313081	5.727351
6.377121	5.727351
6.377121	5.760263
7.283589	5.760263
7.283589	5.791941
8.812380	5.791941
8.812380	5.828166
10.236125	5.828166
10.236125	5.863632
11.381116	5.863632
11.381116	5.913608
13.141355	5.913608
13.141355	5.981937
14.586034	5.981937
14.586034	6.044107
15.703576	6.044107
15.703576	6.110170
17.383981	6.110170
17.383981	6.173726
18.784740	6.173726
18.784740	6.222252
19.902591	6.222252
19.902591	6.284956
21.524326	6.284956
21.524326	6.376381
22.770434	6.376381
22.770434	6.475662
23.718756	6.475662
23.718756	6.608964
25.054951	6.608964
25.054951	6.758109
26.126482	6.758109
26.126482	6.861477
27.025991	6.861477
27.025991	6.947638
28.410838	6.947638
28.410838	7.019748
29.653919	7.019748
29.653919	7.071768
30.776808	7.071768
30.776808	7.127118
32.564969	7.127118
32.564969	7.184508
34.192085	7.184508
34.192085	7.230722
35.672417	7.230722
35.672417	7.279753
37.934202	7.279753
37.934202	7.329022
39.967331	7.329022
39.967331	7.367810
41.830674	7.367810
41.830674	7.407092
44.577703	7.407092
44.577703	7.444663
47.091758	7.444663
47.091758	7.472722
49.408853	7.472722
49.408853	7.498159
52.710180	7.498159
52.710180	7.519293
55.721700	7.519293
55.721700	7.532742
58.492504	7.532742
58.492504	7.542694
62.258173	7.542694
62.258173	7.549455
65.651745	7.549455
65.651745	7.553093
68.728555	7.553093
& cycle # 4, chisq = 11213.950463, e = 28.966340
0.000000	4.509004
0.841343	4.509004
0.841343	5.313573
1.582886	5.313573
1.582886	5.435353
2.098574	5.435353
2.098574	5.518250
2.868498	5.518250
2.868498	5.591528
3.618410	5.591528
3.618410	5.642451
4.237331	5.642451
4.237331	5.690966
5.313081	5.690966
5.313081	5.736962
6.377121	5.736962
6.377121	5.768124
7.283589	5.768124
7.283589	5.798485
8.812380	5.798485
8.812380	5.833572
10.236125	5.833572
10.236125	5.868140
11.381116	5.868140
11.381116	5.917012
13.141355	5.917012
13.141355	5.983994
14.586034	5.983994
14.586034	6.045102
15.703576	6.045102
15.703576	6.110301
17.383981	6.110301
17.383981	6.173433
18.784740	6.173433
18.784740	6.222013
19.902591	6.222013
19.902591	6.285093
21.524326	6.285093
21.524326	6.377214
22.770434	6.377214
22.770434	6.477292
23.718756	6.477292
23.718756	6.611673
25.054951	6.611673
25.054951	6.762020
26.126482	6.762020
26.126482	6.866196
27.025991	6.866196
27.025991	6.952976
28.410838	6.952976
28.410838	7.025523
29.653919	7.025523
29.653919	7.077784
30.776808	7.077784
30.776808	7.133309
32.564969	7.133309
32.564969	7.190790
34.192085	7.190790
34.192085	7.237006
35.672417	7.237006
35.672417	7.285960
37.934202	7.285960
37.934202	7.335078
39.967331	7.335078
39.967331	7.373694
41.830674	7.373694
41.830674	7.412755
44.577703	7.412755
44.577703	7.450077
47.091758	7.450077
47.091758	7.477928
49.408853	7.477928
49.408853	7.503160
52.710180	7.503160
52.710180	7.524112
55.721700	7.524112
55.721700	7.537435
58.492504	7.537435
58.492504	7.547283
62.258173	7.547283
62.258173	7.553961
65.651745	7.553961
65.651745	7.557541
68.728555	7.557541
& cycle # 5, chisq = 11206.447774, e = 28.966340
0.000000	2.967920
1.144854	2.967920
1.144854	4.865594
1.865968	4.865594
1.865968	5.040249
2.375251	5.040249
2.375251	5.156355
3.110549	5.156355
3.110549	5.258748
3.824052	5.258748
3.824052	5.331591
4.416825	5.331591
4.416825	5.401936
5.407342	5.401936
5.407342	5.471154
6.386098	5.471154
6.386098	5.520692
7.229360	5.520692
7.229360	5.566449
8.623053	5.566449
8.623053	5.609865
9.972727	5.609865
9.972727	5.643940
11.117736	5.643940
11.117736	5.684577
12.920143	5.684577
12.920143	5.737383
14.490525	5.737383
14.490525	5.791327
15.737983	5.791327
15.737983	5.865730
17.512222	5.865730
17.512222	5.966770
18.911601	5.966770
18.911601	6.065740
19.975598	6.065740
19.975598	6.188693
21.420195	6.188693
21.420195	6.338834
22.543428	6.338834
22.543428	6.474749
23.432548	6.474749
23.432548	6.628575
24.712518	6.628575
24.712518	6.780567
25.804573	6.780567
25.804573	6.883028
26.754483	6.883028
26.754483	6.971487
28.194411	6.971487
28.194411	7.050235
29.501748	7.050235
29.501748	7.109872
30.689748	7.109872
30.689748	7.172949
32.524392	7.172949
32.524392	7.237741
34.203664	7.237741
34.203664	7.290087
35.739015	7.290087
35.739015	7.344701
38.019969	7.344701
38.019969	7.398995
40.083920	7.398995
40.083920	7.441840
41.984067	7.441840
41.984067	7.484503
44.713628	7.484503
44.713628	7.524775
47.225174	7.524775
47.225174	7.554783
49.549708	7.554783
49.549708	7.581420
52.783028	7.581420
52.783028	7.603134
55.748082	7.603134
55.748082	7.616804
58.486293	7.616804
58.486293	7.626603
62.129342	7.626603
62.129342	7.632988
65.430103	7.632988
65.430103	7.636220
68.436486	7.636220
& cycle # 1, chisq = 8328.713906, e = 27.079848
0.000000	2.513597
1.144854	2.513597
1.144854	4.160544
1.865968	4.160544
1.865968	4.376957
2.375251	4.376957
2.375251	4.544216
3.110549	4.544216
3.110549	4.706337
3.824052	4.706337
3.824052	4.830228
4.416825	4.830228
4.416825	4.956539
5.407342	4.956539
5.407342	5.085851
6.386098	5.085851
6.386098	5.181027
7.229360	5.181027
7.229360	5.270476
8.623053	5.270476
8.623053	5.355859
9.972727	5.355859
9.972727	5.422188
11.117736	5.422188
11.117736	5.499103
12.920143	5.499103
12.920143	5.595358
14.490525	5.595358
14.490525	5.689683
15.737983	5.689683
15.737983	5.813693
17.512222	5.813693
17.512222	5.972658
18.911601	5.972658
18.911601	6.117724
19.975598	6.117724
19.975598	6.283529
21.420195	6.283529
21.420195	6.470625
22.543428	6.470625
22.543428	6.629913
23.432548	6.629913
23.432548	6.802054
24.712518	6.802054
24.712518	6.964163
25.804573	6.964163
25.804573	7.066551
26.754483	7.066551
26.754483	7.147898
28.194411	7.147898
28.194411	7.214627
29.501748	7.214627
29.501748	7.262126
30.689748	7.262126
30.689748	7.310366
32.524392	7.310366
32.524392	7.358418
34.203664	7.358418
34.203664	7.396239
35.739015	7.396239
35.739015	7.434837
38.019969	7.434837
38.019969	7.472500
40.083920	7.472500
40.083920	7.501764
41.984067	7.501764
41.984067	7.530556
44.713628	7.530556
44.713628	7.557497
47.225174	7.557497
47.225174	7.577448
49.549708	7.577448
49.549708	7.595093
52.783028	7.595093
52.783028	7.609445
55.748082	7.609445
55.748082	7.618466
58.486293	7.618466
58.486293	7.624925
62.129342	7.624925
62.129342	7.629125
65.430103	7.629125
65.430103	7.631243
68.436486	7.631243
& cycle # 2, chisq = 8276.944633, e = 27.079848
0.000000	2.722321
1.144854	2.722321
1.144854	4.532912
1.865968	4.532912
1.865968	4.747548
2.375251	4.747548
2.375251	4.899963
3.110549	4.899963
3.110549	5.038399
3.824052	5.038399
3.824052	5.138517
4.416825	5.138517
4.416825	5.235991
5.407342	5.235991
5.407342	5.332111
6.386098	5.332111
6.386098	5.400685
7.229360	5.400685
7.229360	5.463410
8.623053	5.463410
8.623053	5.521922
9.972727	5.521922
9.972727	5.566838
11.117736	5.566838
11.117736	5.619209
12.920143	5.619209
12.920143	5.685864
14.490525	5.685864
14.490525	5.752671
15.737983	5.752671
15.737983	5.843059
17.512222	5.843059
17.512222	5.963215
18.911601	5.963215
18.911601	6.078018
19.975598	6.078018
19.975598	6.216687
21.420195	6.216687
21.420195	6.381681
22.543428	6.381681
22.543428	6.528026
23.432548	6.528026
23.432548	6.690934
24.712518	6.690934
24.712518	6.848944
25.804573	6.848944
25.804573	6.952767
26.754483	6.952767
26.754483	7.039520
28.194411	7.039520
28.194411	7.114291
29.501748	7.114291
29.501748	7.169488
30.689748	7.169488
30.689748	7.226809
32.524392	7.226809
32.524392	7.284806
34.203664	7.284806
34.203664	7.331032
35.739015	7.331032
35.739015	7.378689
38.019969	7.378689
38.019969	7.425572
40.083920	7.425572
40.083920	7.462242
41.984067	7.462242
41.984067	7.498501
44.713628	7.498501
44.713628	7.532549
47.225174	7.532549
47.225174	7.557826
49.549708	7.557826
49.549708	7.580213
52.783028	7.580213
52.783028	7.598436
55.748082	7.598436
55.748082	7.609896
58.486293	7.609896
58.486293	7.618103
62.129342	7.618103
62.129342	7.623441
65.430103	7.623441
65.430103	7.626134
68.436486	7.626134
& cycle # 3, chisq = 8300.842850, e = 27.079848
0.000000	2.857886
1.144854	2.857886
1.144854	4.720763
1.865968	4.720763
1.865968	4.911990
2.375251	4.911990
2.375251	5.042432
3.110549	5.042432
3.110549	5.158640
3.824052	5.158640
3.824052	5.241704
4.416825	5.241704
4.416825	5.322038
5.407342	5.322038
5.407342	5.401034
6.386098	5.401034
6.386098	5.457426
7.229360	5.457426
7.229360	5.509250
8.623053	5.509250
8.623053	5.558042
9.972727	5.558042
9.972727	5.595978
11.117736	5.595978
11.117736	5.640827
12.920143	5.640827
12.920143	5.698673
14.490525	5.698673
14.490525	5.757384
15.737983	5.757384
15.737983	5.837859
17.512222	5.837859
17.512222	5.946420
18.911601	5.946420
18.911601	6.051959
19.975598	6.051959
19.975598	6.181988
21.420195	6.181988
21.420195	6.339589
22.543428	6.339589
22.543428	6.481448
23.432548	6.481448
23.432548	6.641288
24.712518	6.641288
24.712518	6.798464
25.804573	6.798464
25.804573	6.903733
26.754483	6.903733
26.754483	6.993889
28.194411	6.993889
28.194411	7.073534
29.501748	7.073534
29.501748	7.133497
30.689748	7.133497
30.689748	7.196662
32.524392	7.196662
32.524392	7.261336
34.203664	7.261336
34.203664	7.313438
35.739015	7.313438
35.739015	7.367665
38.019969	7.367665
38.019969	7.421460
40.083920	7.421460
40.083920	7.463838
41.984067	7.463838
41.984067	7.505977
44.713628	7.505977
44.713628	7.545714
47.225174	7.545714
47.225174	7.575302
49.549708	7.575302
49.549708	7.601556
52.783028	7.601556
52.783028	7.622951
55.748082	7.622951
55.748082	7.636419
58.486293	7.636419
58.486293	7.646071
62.129342	7.646071
62.129342	7.652359
65.430103	7.652359
65.430103	7.655540
68.436486	7.655540
& cycle # 4, chisq = 8323.167781, e = 27.079848
0.000000	2.682192
1.144854	2.682192
1.144854	4.538351
1.865968	4.538351
1.865968	4.769203
2.375251	4.769203
2.375251	4.932492
3.110549	4.932492
3.110549	5.080083
3.824052	5.080083
3.824052	5.186218
4.416825	5.186218
4.416825	5.288912
5.407342	5.288912
5.407342	5.389528
6.386098	5.389528
6.386098	5.460796
7.229360	5.460796
7.229360	5.525397
8.623053	5.525397
8.623053	5.584964
9.972727	5.584964
9.972727	5.630137
11.117736	5.630137
11.117736	5.682321
12.920143	5.682321
12.920143	5.748323
14.490525	5.748323
14.490525	5.814198
15.737983	5.814198
15.737983	5.903074
17.512222	5.903074
17.512222	6.020972
18.911601	6.020972
18.911601	6.133404
19.975598	6.133404
19.975598	6.268966
21.420195	6.268966
21.420195	6.430063
22.543428	6.430063
22.543428	6.572900
23.432548	6.572900
23.432548	6.731988
24.712518	6.731988
24.712518	6.886498
25.804573	6.886498
25.804573	6.988254
26.754483	6.988254
26.754483	7.073561
28.194411	7.073561
28.194411	7.147360
29.501748	7.147360
29.501748	7.202025
30.689748	7.202025
30.689748	7.258951
32.524392	7.258951
32.524392	7.316696
34.203664	7.316696
34.203664	7.362832
35.739015	7.362832
35.739015	7.410501
38.019969	7.410501
38.019969	7.457490
40.083920	7.457490
40.083920	7.494306
41.984067	7.494306
41.984067	7.530760
44.713628	7.530760
44.713628	7.565027
47.225174	7.565027
47.225174	7.590485
49.549708	7.590485
49.549708	7.613044
52.783028	7.613044
52.783028	7.631412
55.748082	7.631412
55.748082	7.642966
58.486293	7.642966
58.486293	7.651241
62.129342	7.651241
62.129342	7.656626
65.430103	7.656626
65.430103	7.659344
68.436486	7.659344
& cycle # 5, chisq = 8309.444598, e = 27.079848
0.000000	3.922484
1.079801	3.922484
1.079801	4.903352
1.969856	4.903352
1.969856	5.039657
2.594082	5.039657
2.594082	5.127973
3.477862	5.127973
3.477862	5.224272
4.275264	5.224272
4.275264	5.314822
4.883041	5.314822
4.883041	5.420032
5.821581	5.420032
5.821581	5.528117
6.689176	5.528117
6.689176	5.598708
7.417423	5.598708
7.417423	5.658025
8.627338	5.658025
8.627338	5.710326
9.814159	5.710326
9.814159	5.744947
10.845977	5.744947
10.845977	5.775636
12.562430	5.775636
12.562430	5.805693
14.151963	5.805693
14.151963	5.833105
15.476845	5.833105
15.476845	5.873877
17.452783	5.873877
17.452783	5.939737
19.024609	5.939737
19.024609	6.021321
20.185375	6.021321
20.185375	6.151348
21.676008	6.151348
21.676008	6.340824
22.746758	6.340824
22.746758	6.514489
23.560531	6.514489
23.560531	6.682838
24.741897	6.682838
24.741897	6.816343
25.777186	6.816343
25.777186	6.895287
26.697578	6.895287
26.697578	6.967394
28.122723	6.967394
28.122723	7.038568
29.421437	7.038568
29.421437	7.095782
30.601296	7.095782
30.601296	7.157652
32.437693	7.157652
32.437693	7.221575
34.116174	7.221575
34.116174	7.273162
35.648914	7.273162
35.648914	7.327141
37.941871	7.327141
37.941871	7.380850
40.013297	7.380850
40.013297	7.423094
41.918179	7.423094
41.918179	7.465160
44.672149	7.465160
44.672149	7.504755
47.202649	7.504755
47.202649	7.534037
49.541905	7.534037
49.541905	7.559948
52.813634	7.559948
52.813634	7.581088
55.806984	7.581088
55.806984	7.594556
58.564553	7.594556
58.564553	7.604681
62.243719	7.604681
62.243719	7.612030
65.561494	7.612030
65.561494	7.616629
68.569096	7.616629
& cycle # 1, chisq = 8575.902459, e = 27.547036
0.000000	3.392835
1.079801	3.392835
1.079801	4.410493
1.969856	4.410493
1.969856	4.617335
2.594082	4.617335
2.594082	4.760757
3.477862	4.760757
3.477862	4.919241
4.275264	4.919241
4.275264	5.067604
4.883041	5.067604
4.883041	5.238128
5.821581	5.238128
5.821581	5.410402
6.689176	5.410402
6.689176	5.520097
7.417423	5.520097
7.417423	5.609374
8.627338	5.609374
8.627338	5.685588
9.814159	5.685588
9.814159	5.734157
10.845977	5.734157
10.845977	5.774737
12.562430	5.774737
12.562430	5.811364
14.151963	5.811364
14.151963	5.842504
15.476845	5.842504
15.476845	5.887252
17.452783	5.887252
17.452783	5.958463
19.024609	5.958463
19.024609	6.045950
20.185375	6.045950
20.185375	6.184485
21.676008	6.184485
21.676008	6.385004
22.746758	6.385004
22.746758	6.567204
23.560531	6.567204
23.560531	6.741430
24.741897	6.741430
24.741897	6.876619
25.777186	6.876619
25.777186	6.954251
26.697578	6.954251
26.697578	7.023518
28.122723	7.023518
28.122723	7.090958
29.421437	7.090958
29.421437	7.144691
30.601296	7.144691
30.601296	7.202394
32.437693	7.202394
32.437693	7.261657
34.116174	7.261657
34.116174	7.309234
35.648914	7.309234
35.648914	7.358802
37.941871	7.358802
37.941871	7.407942
40.013297	7.407942
40.013297	7.446479
41.918179	7.446479
41.918179	7.484768
44.672149	7.484768
44.672149	7.520748
47.202649	7.520748
47.202649	7.547327
49.541905	7.547327
49.541905	7.570829
52.813634	7.570829
52.813634	7.589992
55.806984	7.589992
55.806984	7.602194
58.564553	7.602194
58.564553	7.611360
62.243719	7.611360
62.243719	7.618008
65.561494	7.618008
65.561494	7.622165
68.569096	7.622165
& cycle # 2, chisq = 8589.743248, e = 27.547036
0.000000	3.425669
1.079801	3.425669
1.079801	4.386129
1.969856	4.386129
1.969856	4.577217
2.594082	4.577217
2.594082	4.712296
3.477862	4.712296
3.477862	4.864056
4.275264	4.864056
4.275264	5.007687
4.883041	5.007687
4.883041	5.174309
5.821581	5.174309
5.821581	5.344456
6.689176	5.344456
6.689176	5.454349
7.417423	5.454349
7.417423	5.545159
8.627338	5.545159
8.627338	5.623550
9.814159	5.623550
9.814159	5.673892
10.845977	5.673892
10.845977	5.716284
12.562430	5.716284
12.562430	5.754898
14.151963	5.754898
14.151963	5.787948
15.476845	5.787948
15.476845	5.835525
17.452783	5.835525
17.452783	5.911203
19.024609	5.911203
19.024609	6.004073
20.185375	6.004073
20.185375	6.150896
21.676008	6.150896
21.676008	6.362942
22.746758	6.362942
22.746758	6.554992
23.560531	6.554992
23.560531	6.737605
24.741897	6.737605
24.741897	6.877910
25.777186	6.877910
25.777186	6.957290
26.697578	6.957290
26.697578	7.027119
28.122723	7.027119
28.122723	7.094400
29.421437	7.094400
29.421437	7.147556
30.601296	7.147556
30.601296	7.204200
32.437693	7.204200
32.437693	7.261945
34.116174	7.261945
34.116174	7.307977
35.648914	7.307977
35.648914	7.355625
37.941871	7.355625
37.941871	7.402589
40.013297	7.402589
40.013297	7.439231
41.918179	7.439231
41.918179	7.475484
44.672149	7.475484
44.672149	7.509436
47.202649	7.509436
47.202649	7.534444
49.541905	7.534444
49.541905	7.556496
52.813634	7.556496
52.813634	7.574419
55.806984	7.574419
55.806984	7.585776
58.564553	7.585776
58.564553	7.594241
62.243719	7.594241
62.243719	7.600302
65.561494	7.600302
65.561494	7.604015
68.569096	7.604015
& cycle # 3, chisq = 8572.301726, e = 27.547036
0.000000	2.288798
1.079801	2.288798
1.079801	3.037199
1.969856	3.037199
1.969856	3.285613
2.594082	3.285613
2.594082	3.495539
3.477862	3.495539
3.477862	3.754828
4.275264	3.754828
4.275264	4.012326
4.883041	4.012326
4.883041	4.321568
5.821581	4.321568
5.821581	4.648910
6.689176	4.648910
6.689176	4.869545
7.417423	4.869545
7.417423	5.058914
8.627338	5.058914
8.627338	5.224950
9.814159	5.224950
9.814159	5.330588
10.845977	5.330588
10.845977	5.416173
12.562430	5.416173
12.562430	5.488862
14.151963	5.488862
14.151963	5.546531
15.476845	5.546531
15.476845	5.625698
17.452783	5.625698
17.452783	5.748529
19.024609	5.748529
19.024609	5.897037
20.185375	5.897037
20.185375	6.129080
21.676008	6.129080
21.676008	6.460239
22.746758	6.460239
22.746758	6.755669
23.560531	6.755669
23.560531	7.029977
24.741897	7.029977
24.741897	7.232712
25.777186	7.232712
25.777186	7.341344
26.697578	7.341344
26.697578	7.432844
28.122723	7.432844
28.122723	7.519071
29.421437	7.519071
29.421437	7.586457
30.601296	7.586457
30.601296	7.657825
32.437693	7.657825
32.437693	7.730304
34.116174	7.730304
34.116174	7.787959
35.648914	7.787959
35.648914	7.847592
37.941871	7.847592
37.941871	7.906378
40.013297	7.906378
40.013297	7.952278
41.918179	7.952278
41.918179	7.997740
44.672149	7.997740
44.672149	8.040374
47.202649	8.040374
47.202649	8.071829
49.541905	8.071829
49.541905	8.099629
52.813634	8.099629
52.813634	8.122301
55.806984	8.122301
55.806984	8.136750
58.564553	8.136750
58.564553	8.147626
62.243719	8.147626
62.243719	8.155541
65.561494	8.155541
65.561494	8.160518
68.569096	8.160518
& cycle # 4, chisq = 8905.636601, e = 27.547036
0.000000	3.708803
1.079801	3.708803
1.079801	4.734795
1.969856	4.734795
1.969856	4.889770
2.594082	4.889770
2.594082	4.992171
3.477862	4.992171
3.477862	5.104885
4.275264	5.104885
4.275264	5.211174
4.883041	5.211174
4.883041	5.334703
5.821581	5.334703
5.821581	5.461464
6.689176	5.461464
6.689176	5.544036
7.417423	5.544036
7.417423	5.613106
8.627338	5.613106
8.627338	5.673611
9.814159	5.673611
9.814159	5.713259
10.845977	5.713259
10.845977	5.747805
12.562430	5.747805
12.562430	5.780846
14.151963	5.780846
14.151963	5.810380
15.476845	5.810380
15.476845	5.853857
17.452783	5.853857
17.452783	5.923732
19.024609	5.923732
19.024609	6.010007
20.185375	6.010007
20.185375	6.147103
21.676008	6.147103
21.676008	6.346200
22.746758	6.346200
22.746758	6.527845
23.560531	6.527845
23.560531	6.702609
24.741897	6.702609
24.741897	6.839500
25.777186	6.839500
25.777186	6.919066
26.697578	6.919066
26.697578	6.990672
28.122723	6.990672
28.122723	7.060656
29.421437	7.060656
29.421437	7.116496
30.601296	7.116496
30.601296	7.176486
32.437693	7.176486
32.437693	7.238090
34.116174	7.238090
34.116174	7.287524
35.648914	7.287524
35.648914	7.338988
37.941871	7.338988
37.941871	7.389961
40.013297	7.389961
40.013297	7.429898
41.918179	7.429898
41.918179	7.469540
44.672149	7.469540
44.672149	7.506759
47.202649	7.506759
47.202649	7.534224
49.541905	7.534224
49.541905	7.558481
52.813634	7.558481
52.813634	7.578226
55.806984	7.578226
55.806984	7.590763
58.564553	7.590763
58.564553	7.600137
62.243719	7.600137
62.243719	7.606881
65.561494	7.606881
65.561494	7.611044
68.569096	7.611044
& cycle # 5, chisq = 8569.313128, e = 27.547036
0.000000	4.094521
0.995665	4.094521
0.995665	5.056323
1.825401	5.056323
1.825401	5.195180
2.408058	5.195180
2.408058	5.283861
3.259617	5.283861
3.259617	5.357038
4.084153	5.357038
4.084153	5.407523
4.758132	5.407523
4.758132	5.462774
5.857462	5.462774
5.857462	5.532974
6.868826	5.532974
6.868826	5.599825
7.675033	5.599825
7.675033	5.677902
8.924148	5.677902
8.924148	5.757772
10.069708	5.757772
10.069708	5.808568
11.034975	5.808568
11.034975	5.847054
12.632057	5.847054
12.632057	5.878711
14.116690	5.878711
14.116690	5.904408
15.365028	5.904408
15.365028	5.940986
17.261443	5.940986
17.261443	5.998773
18.796503	5.998773
18.796503	6.069386
19.946926	6.069386
19.946926	6.181989
21.451110	6.181989
21.451110	6.348264
22.538826	6.348264
22.538826	6.505631
23.362917	6.505631
23.362917	6.665567
24.553622	6.665567
24.553622	6.797069
25.587423	6.797069
25.587423	6.874794
26.502557	6.874794
26.502557	6.944413
27.923064	6.944413
27.923064	7.012354
29.216216	7.012354
29.216216	7.066773
30.390258	7.066773
30.390258	7.125764
32.224474	7.125764
32.224474	7.186835
33.899764	7.186835
33.899764	7.236127
35.428665	7.236127
35.428665	7.287833
37.723683	7.287833
37.723683	7.339377
39.795215	7.339377
39.795215	7.379969
41.698934	7.379969
41.698934	7.420648
44.459139	7.420648
44.459139	7.459362
46.992288	7.459362
46.992288	7.488472
49.331132	7.488472
49.331132	7.514895
52.609041	7.514895
52.609041	7.537075
55.604081	7.537075
55.604081	7.551549
58.361761	7.551549
58.361761	7.562524
62.053509	7.562524
62.053509	7.570273
65.386651	7.570273
65.386651	7.574700
68.414171	7.574700
& cycle # 1, chisq = 9105.536037, e = 27.776701
0.000000	4.474383
0.995665	4.474383
0.995665	5.470399
1.825401	5.470399
1.825401	5.566285
2.408058	5.566285
2.408058	5.621273
3.259617	5.621273
3.259617	5.664934
4.084153	5.664934
4.084153	5.694469
4.758132	5.694469
4.758132	5.726578
5.857462	5.726578
5.857462	5.767426
6.868826	5.767426
6.868826	5.806496
7.675033	5.806496
7.675033	5.852451
8.924148	5.852451
8.924148	5.900026
10.069708	5.900026
10.069708	5.930981
11.034975	5.930981
11.034975	5.955570
12.632057	5.955570
12.632057	5.977355
14.116690	5.977355
14.116690	5.996266
15.365028	5.996266
15.365028	6.024112
17.261443	6.024112
17.261443	6.068831
18.796503	6.068831
18.796503	6.124062
19.946926	6.124062
19.946926	6.213023
21.451110	6.213023
21.451110	6.345906
22.538826	6.345906
22.538826	6.473614
23.362917	6.473614
23.362917	6.606631
24.553622	6.606631
24.553622	6.720432
25.587423	6.720432
25.587423	6.791585
26.502557	6.791585
26.502557	6.858727
27.923064	6.858727
27.923064	6.926744
29.216216	6.926744
29.216216	6.982820
30.390258	6.982820
30.390258	7.045199
32.224474	7.045199
32.224474	7.111383
33.899764	7.111383
33.899764	7.166064
35.428665	7.166064
35.428665	7.224669
37.723683	7.224669
37.723683	7.284239
39.795215	7.284239
39.795215	7.331974
41.698934	7.331974
41.698934	7.380510
44.459139	7.380510
44.459139	7.427251
46.992288	7.427251
46.992288	7.462727
49.331132	7.462727
49.331132	7.495169
52.609041	7.495169
52.609041	7.522587
55.604081	7.522587
55.604081	7.540621
58.361761	7.540621
58.361761	7.554449
62.053509	7.554449
62.053509	7.564379
65.386651	7.564379
65.386651	7.570205
68.414171	7.570205
& cycle # 3, chisq = 9147.495469, e = 27.776701
0.000000	2.456534
0.995665	2.456534
0.995665	3.306325
1.825401	3.306325
1.825401	3.623478
2.408058	3.623478
2.408058	3.867481
3.259617	3.867481
3.259617	4.088948
4.084153	4.088948
4.084153	4.252841
4.758132	4.252841
4.758132	4.439227
5.857462	4.439227
5.857462	4.678575
6.868826	4.678575
6.868826	4.905814
7.675033	4.905814
7.675033	5.167992
8.924148	5.167992
8.924148	5.430032
10.069708	5.430032
10.069708	5.589129
11.034975	5.589129
11.034975	5.697899
12.632057	5.697899
12.632057	5.771904
14.116690	5.771904
14.116690	5.820464
15.365028	5.820464
15.365028	5.881848
17.261443	5.881848
17.261443	5.974018
18.796503	5.974018
18.796503	6.083807
19.946926	6.083807
19.946926	6.255849
21.451110	6.255849
21.451110	6.505830
22.538826	6.505830
22.538826	6.737925
23.362917	6.737925
23.362917	6.967098
24.553622	6.967098
24.553622	7.147126
25.587423	7.147126
25.587423	7.246922
26.502557	7.246922
26.502557	7.331522
27.923064	7.331522
27.923064	7.411548
29.216216	7.411548
29.216216	7.474550
30.390258	7.474550
30.390258	7.542064
32.224474	7.542064
32.224474	7.611335
33.899764	7.611335
33.899764	7.666848
35.428665	7.666848
35.428665	7.724760
37.723683	7.724760
37.723683	7.782249
39.795215	7.782249
39.795215	7.827377
41.698934	7.827377
41.698934	7.872497
44.459139	7.872497
44.459139	7.915370
46.992288	7.915370
46.992288	7.947570
49.331132	7.947570
49.331132	7.976785
52.609041	7.976785
52.609041	8.001306
55.604081	8.001306
55.604081	8.017312
58.361761	8.017312
58.361761	8.029456
62.053509	8.029456
62.053509	8.038041
65.386651	8.038041
65.386651	8.042955
68.414171	8.042955
& cycle # 4, chisq = 9426.552488, e = 27.776701
0.000000	3.977615
0.995665	3.977615
0.995665	4.997227
1.825401	4.997227
1.825401	5.145579
2.408058	5.145579
2.408058	5.239962
3.259617	5.239962
3.259617	5.317932
4.084153	5.317932
4.084153	5.371813
4.758132	5.371813
4.758132	5.430843
5.857462	5.430843
5.857462	5.505860
6.868826	5.505860
6.868826	5.577280
7.675033	5.577280
7.675033	5.660632
8.924148	5.660632
8.924148	5.745785
10.069708	5.745785
10.069708	5.799789
11.034975	5.799789
11.034975	5.840458
12.632057	5.840458
12.632057	5.873569
14.116690	5.873569
14.116690	5.900178
15.365028	5.900178
15.365028	5.937850
17.261443	5.937850
17.261443	5.997213
18.796503	5.997213
18.796503	6.069632
19.946926	6.069632
19.946926	6.184946
21.451110	6.184946
21.451110	6.354935
22.538826	6.354935
22.538826	6.515460
23.362917	6.515460
23.362917	6.678018
24.553622	6.678018
24.553622	6.810884
25.587423	6.810884
25.587423	6.888735
26.502557	6.888735
26.502557	6.957888
27.923064	6.957888
27.923064	7.024974
29.216216	7.024974
29.216216	7.078464
30.390258	7.078464
30.390258	7.136215
32.224474	7.136215
32.224474	7.195774
33.899764	7.195774
33.899764	7.243671
35.428665	7.243671
35.428665	7.293746
37.723683	7.293746
37.723683	7.343511
39.795215	7.343511
39.795215	7.382595
41.698934	7.382595
41.698934	7.421675
44.459139	7.421675
44.459139	7.458799
46.992288	7.458799
46.992288	7.486672
49.331132	7.486672
49.331132	7.511946
52.609041	7.511946
52.609041	7.533142
55.604081	7.533142
55.604081	7.546960
58.361761	7.546960
58.361761	7.557423
62.053509	7.557423
62.053509	7.564796
65.386651	7.564796
65.386651	7.568994
68.414171	7.568994
& cycle # 5, chisq = 9102.070850, e = 27.776701
0.000000	3.930387
0.995665	3.930387
0.995665	4.919407
1.825401	4.919407
1.825401	5.076851
2.408058	5.076851
2.408058	5.179100
3.259617	5.179100
3.259617	5.263958
4.084153	5.263958
4.084153	5.322625
4.758132	5.322625
4.758132	5.386808
5.857462	5.386808
5.857462	5.468232
6.868826	5.468232
6.868826	5.545627
7.675033	5.545627
7.675033	5.635803
8.924148	5.635803
8.924148	5.727714
10.069708	5.727714
10.069708	5.785771
11.034975	5.785771
11.034975	5.829134
12.632057	5.829134
12.632057	5.863965
14.116690	5.863965
14.116690	5.891593
15.365028	5.891593
15.365028	5.930448
17.261443	5.930448
17.261443	5.991492
18.796503	5.991492
18.796503	6.065835
19.946926	6.065835
19.946926	6.184041
21.451110	6.184041
21.451110	6.358026
22.538826	6.358026
22.538826	6.521998
23.362917	6.521998
23.362917	6.687526
24.553622	6.687526
24.553622	6.822129
25.587423	6.822129
25.587423	6.900415
26.502557	6.900415
26.502557	6.969478
27.923064	6.969478
27.923064	7.036166
29.216216	7.036166
29.216216	7.089163
30.390258	7.089163
30.390258	7.146221
32.224474	7.146221
32.224474	7.204915
33.899764	7.204915
33.899764	7.252006
35.428665	7.252006
35.428665	7.301131
37.723683	7.301131
37.723683	7.349860
39.795215	7.349860
39.795215	7.388068
41.698934	7.388068
41.698934	7.426219
44.459139	7.426219
44.459139	7.462423
46.992288	7.462423
46.992288	7.489582
49.331132	7.489582
49.331132	7.514194
52.609041	7.514194
52.609041	7.534825
55.604081	7.534825
55.604081	7.548268
58.361761	7.548268
58.361761	7.558441
62.053509	7.558441
62.053509	7.565604
65.386651	7.565604
65.386651	7.569676
68.414171	7.569676
& cycle # 6, chisq = 9101.901363, e = 27.776701
