  1.17205343374904  117.69552632739023
  1.6676524767764065  6.704444409745804
  2.012721523117582  5.557536161524638
  2.7482251757812115  7.760417019316904
  3.3942078571853447  5.085116664758169
  3.8567691186477506  4.563100949952267
  4.906327251614407  8.017679600889789
  5.7677028764659  4.7645859159507005
  6.395152944479776  4.216309349157954
  7.8134929284682935  7.224793800545109
  8.93211713878017  4.76834514625417
  9.736215973487818  4.878210394089872
  11.266814693675707  6.26579764390291
  12.534024517568099  4.49565359754799
  13.562523572078147  4.398355857980639
  15.59986420507424  5.2713054497917815
  17.192987586761557  5.023478461327054
  18.436017529149108  6.246694081357105
  20.5346997622701  6.9074303882776285
  21.858705603418557  6.106858691233799
  22.76083378629811  6.06120162661573
  24.17474073288548  6.16543638056349
  25.12610820129965  6.255314253986984
  25.79270287106374  6.561281819041106
  26.999953210282573  7.193113479356275
  27.917155194313843  7.358706341262365
  28.677115421788685  8.386719491739532
  30.485420644907883  8.829208565677883
  32.382886367328425  8.739217454396805
  33.996065484323566  8.190758182568404
  37.051923251034935  8.470550915066884
  38.92688613256057  7.896842519049759
  40.21725869809021  7.843317354085531
  42.253037059273105  8.223494402705123
  44.01113685229104  7.935856919591077
  45.56090147616622  8.207693762506324
  48.94483411107849  9.097824531745927
  51.66170326460878  9.098302611607796
  53.786570096265486  8.922806402269593
  58.22607716466649  9.37340790581451
  61.284481488986046  9.888062696397014
  63.57892026404901  9.73204325004411
  70.95097682853921  9.992725105149406
  76.16155326201131  9.57113198004439
  79.84431929762256  9.546392881302802
  89.79907846308014  8.91945403969154
  95.20421612005508  8.606257992158895
  97.45135111023066  8.707012869538906
  99.10752604316265  8.972974809106415
  99.38035727941859  9.335578937585124
  99.48415738085866  3.929684811869762
  99.6051187099137  9.233802029623888
  99.68115513453513  9.024979059400957
  99.73269919576319  11.644190802362115
  99.80653754146654  12.032943137548264
  99.8460704790954  14.380512003078138
  99.86922864061766  15.825442557519906
  99.9094168764882  18.28874233415461
  99.93402579644723  17.225868069368765
  99.94735962808865  26.661181809785546
  99.95791088446366  24.68876414356291
  99.96754113575702  22.990313089922697
  99.97568841525361  45.338595422132144
  99.98303150491093  26.017965324913988
  99.98807966989386  30.102971632579003
  99.9924617490029  0.5161942150928039
  99.99818634011758  26.667470542047656
  99.9999999  18.71022541984794