25.000000	480.990020
24.037500	476.989782
19.992500	472.987864
18.235000	468.987037
16.797500	464.972626
16.510000	460.947506
16.310000	456.941081
16.147500	452.916377
16.007500	448.894037
15.882500	444.852234
15.770000	440.836987
15.665000	436.768204
15.567500	432.728960
15.475000	428.687570
15.385000	424.581505
15.300000	420.560406
15.217500	416.531674
15.137500	412.509380
15.060000	408.506848
14.982500	404.406296
14.907500	400.356180
14.832500	396.242575
14.760000	392.225332
14.687500	388.187853
14.615000	384.147406
14.542500	380.116592
14.470000	376.102574
14.395000	371.970790
14.320000	367.861224
14.245000	363.777101
14.170000	359.727051
14.095000	355.726707
14.017500	351.668253
13.937500	347.587035
13.855000	343.520547
13.770000	339.500815
13.680000	335.437528
13.585000	331.352434
13.485000	327.258521
13.380000	323.178080
13.270000	319.168007
13.147500	315.096884
13.007500	311.059032
12.837500	307.039422
12.630000	303.022910
12.402500	299.018340
12.147500	295.016236
11.650000	291.013430
8.105000	286.999500
7.777500	282.988109
7.587500	278.968899
7.445000	274.899585
7.330000	270.871400
7.230000	266.776537
7.142500	262.702844
7.065000	258.684036
6.992500	254.555217
6.927500	250.537827
6.865000	246.386150
6.807500	242.312710
6.752500	238.186670
6.700000	234.037434
6.650000	229.893371
6.602500	225.781523
6.557500	221.727582
6.512500	217.518042
6.470000	213.398192
6.430000	209.391699
6.390000	205.259360
6.350000	201.000762
6.312500	196.893688
6.275000	192.676148
6.240000	188.640928
6.205000	184.511411
6.170000	180.289044
6.137500	176.286646
6.105000	172.207235
6.072500	168.052480
6.040000	163.824104
6.007500	159.523843
5.977500	155.492037
5.947500	151.401712
5.917500	147.254095
5.887500	143.050350
5.857500	138.791593
5.827500	134.478907
5.797500	130.113374
5.770000	126.066160
5.742500	121.976383
5.715000	117.845024
5.687500	113.673165
5.660000	109.462003
5.632500	105.212872
5.605000	100.927246
0.000000	0.000000
& cycle # 2, chisq = 118448.120030, e = 57.543338
25.000000	443.385144
23.902500	439.384345
17.002500	435.380693
16.317500	431.367264
15.992500	427.331846
15.755000	423.301933
15.562500	419.278069
15.395000	415.256765
15.242500	411.209125
15.102500	407.161994
14.972500	403.106138
14.850000	399.034088
14.735000	395.027654
14.622500	390.978738
14.512500	386.923538
14.405000	382.874474
14.300000	378.831080
14.197500	374.798097
14.097500	370.797599
13.997500	366.767001
13.897500	362.750627
13.795000	358.687133
13.690000	354.597056
13.585000	350.570075
13.477500	346.489431
13.370000	342.443653
13.260000	338.372085
13.147500	334.355594
13.027500	330.331071
12.897500	326.321680
12.755000	322.252321
12.610000	318.218285
12.470000	314.199158
12.335000	310.161565
12.200000	306.127305
12.055000	302.096435
11.885000	298.049154
11.675000	294.014796
11.412500	289.984844
11.035000	285.966216
8.077500	281.965493
6.840000	277.963264
6.502500	273.939940
6.275000	269.908598
6.100000	265.901668
5.952500	261.853689
5.825000	257.828377
5.710000	253.745458
5.607500	249.718707
5.512500	245.647111
5.425000	241.605093
5.342500	237.538880
5.265000	233.494095
5.190000	229.370461
5.120000	225.332504
5.052500	221.262147
4.987500	217.176463
4.925000	213.094199
4.865000	209.035416
4.807500	205.020474
4.750000	200.886763
4.695000	196.825086
4.640000	192.660794
4.587500	188.591647
4.535000	184.431322
4.485000	180.384664
4.435000	176.256012
4.385000	172.046272
4.337500	167.973514
4.290000	163.831544
4.242500	159.623522
4.197500	155.579405
4.152500	151.482663
4.107500	147.336484
4.062500	143.143660
4.020000	139.142967
3.977500	135.104094
3.935000	131.028114
3.892500	126.915939
3.850000	122.768561
3.807500	118.587288
3.765000	114.373933
3.722500	110.130894
3.682500	106.112968
3.642500	102.074147
0.000000	0.000000
& cycle # 3, chisq = 123878.953418, e = 57.543338
25.000000	488.494939
24.847500	484.457777
21.135000	480.450847
20.502500	476.447677
20.080000	472.432963
19.690000	468.431824
19.245000	464.430020
17.565000	460.427278
16.957500	456.424752
16.685000	452.403622
16.485000	448.365500
16.322500	444.360768
16.180000	440.343430
16.050000	436.298487
15.930000	432.254351
15.817500	428.194187
15.712500	424.178201
15.612500	420.170811
15.515000	416.122104
15.420000	412.073987
15.327500	408.058771
15.235000	403.985669
15.145000	399.973808
15.055000	395.918573
14.965000	391.829498
14.875000	387.725258
14.785000	383.633355
14.695000	379.584864
14.602500	375.497373
14.507500	371.395155
14.412500	367.394692
14.315000	363.390821
14.215000	359.389602
14.110000	355.316120
14.002500	351.315669
13.887500	347.276776
13.762500	343.210272
13.627500	339.190263
13.480000	335.169887
13.317500	331.123967
13.132500	327.085733
12.897500	323.059204
12.590000	319.047091
12.287500	315.046340
11.955000	311.043179
11.417500	307.028317
10.640000	303.026438
9.950000	299.014388
9.505000	294.994685
9.185000	290.961841
8.940000	286.960572
8.732500	282.922406
8.552500	278.920363
8.390000	274.870931
8.242500	270.841239
8.105000	266.822044
7.972500	262.749830
7.845000	258.669610
7.722500	254.615188
7.602500	250.541936
7.485000	246.499446
7.367500	242.456641
7.247500	238.378001
7.125000	234.306365
7.000000	230.282085
6.867500	226.208830
6.727500	222.194700
6.572500	218.190483
6.390000	214.150633
6.157500	210.121787
5.742500	206.113067
4.480000	202.091148
4.227500	198.075786
4.050000	194.047023
3.905000	190.041189
3.775000	185.991887
3.655000	181.962431
3.540000	177.921021
3.427500	173.886530
3.315000	169.882320
3.197500	165.863414
3.070000	161.832858
2.925000	157.829729
2.735000	153.796130
1.960000	149.791008
1.685000	145.753555
1.572500	141.733612
1.492500	137.687700
1.427500	133.552600
1.372500	129.400754
1.325000	125.303463
1.282500	121.218896
1.242500	117.002223
1.205000	112.712622
1.170000	108.408776
1.137500	104.148471
0.000000	0.000000
& cycle # 6, chisq = 124573.934205, e = 57.543338
25.000000	398.684839
13.740000	394.684830
13.162500	390.666439
12.765000	386.646815
12.490000	382.618302
12.302500	378.562952
12.147500	374.501458
12.005000	370.494665
11.865000	366.474178
11.727500	362.434927
11.595000	358.361735
11.470000	354.293687
11.352500	350.279876
11.237500	346.226119
11.125000	342.190981
11.012500	338.106797
10.902500	334.052584
10.795000	330.007393
10.690000	325.963987
10.587500	321.938177
10.485000	317.861468
10.382500	313.764466
10.280000	309.667071
10.177500	305.571877
10.077500	301.569198
9.977500	297.549428
9.877500	293.512801
9.777500	289.473180
9.677500	285.453165
9.575000	281.375189
9.472500	277.352002
9.367500	273.286075
9.262500	269.267467
9.155000	265.197066
9.047500	261.178346
8.937500	257.139324
8.825000	253.107664
8.710000	249.102674
8.590000	245.045115
8.467500	241.017915
8.340000	236.943981
8.210000	232.927335
8.075000	228.927119
7.932500	224.904666
7.782500	220.874612
7.625000	216.840986
7.460000	212.832783
7.282500	208.791575
7.092500	204.760477
6.890000	200.734333
6.672500	196.692463
6.440000	192.687267
6.192500	188.674273
5.932500	184.651362
5.662500	180.616067
5.395000	176.597614
5.135000	172.590897
4.887500	168.550301
4.660000	164.529599
4.450000	160.495083
4.260000	156.477929
4.087500	152.477636
3.927500	148.441558
3.780000	144.395963
3.645000	140.385815
3.517500	136.323345
3.397500	132.252825
3.285000	128.204411
3.177500	124.112994
3.075000	120.011101
2.977500	115.938957
2.885000	111.930085
2.795000	107.894664
2.707500	103.844951
0.000000	0.000000
& cycle # 9, chisq = 152383.785153, e = 57.543338
25.000000	437.889820
19.740000	433.887942
16.775000	429.885798
16.230000	425.876644
15.927500	421.846084
15.700000	417.797091
15.512500	413.757430
15.347500	409.727757
15.197500	405.705499
15.057500	401.632153
14.927500	397.569190
14.805000	393.519916
14.687500	389.481762
14.572500	385.426475
14.460000	381.381575
14.350000	377.351498
14.242500	373.335821
14.135000	369.252895
14.030000	365.232213
13.925000	361.227744
13.817500	357.192479
13.707500	353.156662
13.595000	349.119445
13.480000	345.059530
13.365000	341.055653
13.245000	336.976312
13.120000	332.931856
12.985000	328.912011
12.835000	324.883466
12.675000	320.882738
12.515000	316.850333
12.362500	312.809356
12.212500	308.784175
12.050000	304.741422
11.855000	300.700202
11.607500	296.699611
11.285000	292.690939
10.720000	288.684561
8.305000	284.679260
7.550000	280.668563
7.210000	276.650372
6.975000	272.624424
6.792500	268.601887
6.640000	264.579250
6.507500	260.563588
6.390000	256.563377
6.282500	252.514004
6.185000	248.505564
6.092500	244.404917
6.007500	240.383506
5.927500	236.378993
5.850000	232.295886
5.777500	228.292068
5.707500	224.254454
5.640000	220.199475
5.575000	216.145327
5.512500	212.111717
5.450000	207.949989
5.390000	203.839489
5.332500	199.799179
5.275000	195.663981
5.220000	191.622591
5.165000	187.499019
5.112500	183.487495
5.060000	179.403611
5.007500	175.249159
4.957500	171.229413
4.907500	167.151444
4.857500	163.019481
4.807500	158.838425
4.760000	154.825686
4.712500	150.777691
4.665000	146.698394
4.617500	142.591159
4.570000	138.458732
4.522500	134.303371
4.475000	130.127119
4.427500	125.932137
4.380000	121.721042
4.335000	117.719706
4.290000	113.710314
4.245000	109.696860
4.200000	105.683683
4.155000	101.675189
0.000000	0.000000
& cycle # 11, chisq = 123993.406936, e = 57.543338
25.000000	480.990020
24.940000	476.861876
24.855000	472.785106
24.695000	468.779639
19.970000	464.774301
18.532500	460.772856
16.777500	456.766376
16.472500	452.764181
16.260000	448.719863
16.090000	444.708790
15.942500	440.657829
15.812500	436.622403
15.695000	432.589467
15.585000	428.494801
15.482500	424.427178
15.385000	420.357291
15.292500	416.331146
15.202500	412.266162
15.115000	408.175870
15.030000	404.074289
14.947500	399.980536
14.867500	395.919661
14.787500	391.790063
14.710000	387.746594
14.632500	383.681516
14.555000	379.610190
14.477500	375.541242
14.400000	371.477479
14.322500	367.419175
14.245000	363.368556
14.167500	359.333833
14.090000	355.331146
14.010000	351.257317
13.927500	347.147450
13.842500	343.038125
13.755000	338.958837
13.665000	334.925218
13.570000	330.832991
13.472500	326.791501
13.370000	322.710726
13.262500	318.644920
13.147500	314.610041
13.020000	310.609648
12.870000	306.566669
12.695000	302.526255
12.507500	298.519368
12.315000	294.476068
12.100000	290.435691
11.777500	286.424224
8.350000	282.421515
7.592500	278.396586
7.317500	274.352053
7.127500	270.340794
6.977500	266.327156
6.850000	262.258204
6.740000	258.239099
6.640000	254.168788
6.550000	250.159894
6.465000	246.064871
6.387500	242.062123
6.312500	237.939089
6.242500	233.868414
6.175000	229.742016
6.110000	225.586667
6.047500	221.428825
5.987500	217.293217
5.930000	213.202088
5.875000	209.175130
5.820000	205.039575
5.767500	200.992742
5.715000	196.851071
5.665000	192.820891
5.615000	188.710259
5.565000	184.523329
5.517500	180.479785
5.470000	176.377230
5.422500	172.221311
5.375000	168.017836
5.330000	163.996860
5.285000	159.942769
5.240000	155.859620
5.195000	151.751037
5.150000	147.620317
5.105000	143.470614
5.060000	139.305175
5.015000	135.127568
4.970000	130.941875
4.925000	126.752777
4.880000	122.565542
4.835000	118.385887
4.790000	114.219752
4.745000	110.073028
4.700000	105.951286
4.655000	101.859569
0.000000	0.000000
& cycle # 2, chisq = 103273.014883, e = 56.365625
25.000000	443.385144
24.932500	439.315206
24.835000	435.255294
24.640000	431.238027
18.705000	427.235836
16.265000	423.226956
15.877500	419.201966
15.615000	415.201660
15.402500	411.151371
15.220000	407.130102
15.057500	403.104145
14.910000	399.063801
14.772500	394.992467
14.642500	390.926114
14.517500	386.856732
14.397500	382.809995
14.282500	378.791616
14.170000	374.724729
14.060000	370.641218
13.952500	366.594050
13.845000	362.541457
13.737500	358.515473
13.627500	354.424591
13.517500	350.339906
13.410000	346.335625
13.302500	342.333214
13.192500	338.298806
13.077500	334.238809
12.955000	330.169011
12.825000	326.123563
12.690000	322.067412
12.557500	318.012157
12.432500	313.983605
12.312500	309.948318
12.192500	305.900456
12.067500	301.890057
11.927500	297.846257
11.767500	293.843437
11.580000	289.793762
11.365000	285.781248
11.092500	281.770231
10.672500	277.768801
7.657500	273.766787
6.602500	269.747975
6.260000	265.733606
6.030000	261.694355
5.850000	257.639167
5.700000	253.576867
5.572500	249.574381
5.457500	245.501295
5.355000	241.491391
5.260000	237.450206
5.172500	233.443863
5.090000	229.406930
5.012500	225.376585
4.937500	221.251508
4.867500	217.201053
4.800000	213.113996
4.735000	209.013183
4.672500	204.919914
4.612500	200.853156
4.555000	196.829704
4.497500	192.681982
4.442500	188.597461
4.390000	184.591542
4.337500	180.481863
4.287500	176.473255
4.237500	172.375096
4.187500	168.190797
4.140000	164.139255
4.092500	160.016214
4.045000	155.824123
4.000000	151.790617
3.955000	147.697802
3.910000	143.546416
3.865000	139.337184
3.822500	135.309605
3.780000	131.232685
3.737500	127.108361
3.695000	122.939176
3.652500	118.728175
3.610000	114.478688
3.570000	110.447010
3.530000	106.386788
3.490000	102.300244
0.000000	0.000000
& cycle # 3, chisq = 109030.908810, e = 56.365625
25.000000	488.494939
24.505000	484.491766
24.022500	480.472957
22.632500	476.471039
21.955000	472.470330
20.107500	468.465772
19.505000	464.449878
19.052500	460.430962
18.460000	456.430856
16.892500	452.430778
16.602500	448.424513
16.410000	444.395932
16.257500	440.354624
16.127500	436.325461
16.012500	432.322113
15.907500	428.306186
15.810000	424.267765
15.717500	420.167578
15.630000	416.063966
15.547500	412.016128
15.467500	407.948446
15.390000	403.894594
15.315000	399.880850
15.240000	395.788784
15.167500	391.765813
15.095000	387.682845
15.022500	383.547790
14.952500	379.516998
14.882500	375.463763
14.812500	371.406913
14.742500	367.367216
14.672500	363.364788
14.600000	359.276715
14.527500	355.260034
14.452500	351.187856
14.375000	347.072233
14.297500	343.052708
14.217500	339.009885
14.135000	334.967230
14.050000	330.959853
13.960000	326.924189
13.862500	322.829691
13.757500	318.768244
13.642500	314.728688
13.515000	310.703843
13.370000	306.647591
13.200000	302.616702
12.970000	298.596994
12.560000	294.579737
10.522500	290.579462
8.495000	286.577322
8.207500	282.573673
8.007500	278.539115
7.847500	274.499744
7.712500	270.481820
7.592500	266.425578
7.485000	262.414452
7.385000	258.382721
7.290000	254.302673
7.200000	250.225583
7.115000	246.194584
7.032500	242.123276
6.952500	238.037608
6.875000	233.965987
6.800000	229.937735
6.725000	225.843149
6.652500	221.840845
6.580000	217.811755
6.507500	213.769998
6.435000	209.727805
6.362500	205.696889
6.290000	201.690086
6.215000	197.586565
6.140000	193.544276
6.062500	189.453413
5.982500	185.345094
5.900000	181.250958
5.815000	177.200761
5.725000	173.111279
5.630000	169.028986
5.530000	165.007803
5.420000	160.934591
5.300000	156.934484
5.162500	152.929475
4.997500	148.903713
4.785000	144.869687
4.460000	140.863134
3.542500	136.862976
2.802500	132.862456
2.575000	128.860935
2.435000	124.828957
2.332500	120.812484
2.250000	116.762036
2.180000	112.657014
2.120000	108.592469
2.067500	104.585599
2.020000	100.571347
0.000000	0.000000
& cycle # 6, chisq = 103892.174786, e = 56.365625
25.000000	384.579147
14.105000	380.570336
13.582500	376.558480
13.275000	372.534614
13.042500	368.487880
12.860000	364.435601
12.700000	360.387010
12.542500	356.332832
12.377500	352.310399
12.205000	348.277461
12.040000	344.239894
11.890000	340.181366
11.752500	336.136763
11.620000	332.071801
11.490000	328.040629
11.360000	324.007956
11.230000	319.952371
11.102500	315.931400
10.975000	311.894681
10.845000	307.839416
10.710000	303.780694
10.567500	299.715483
10.417500	295.679342
10.257500	291.649354
10.082500	287.638086
9.877500	283.604492
9.620000	279.595234
9.230000	275.578294
7.537500	271.572681
7.140000	267.552306
6.895000	263.510375
6.705000	259.454343
6.545000	255.426560
6.402500	251.368628
6.275000	247.353718
6.157500	243.337435
6.047500	239.320825
5.942500	235.275230
5.842500	231.242577
5.745000	227.146226
5.652500	223.111054
5.562500	219.049835
5.475000	214.982671
5.390000	210.931604
5.307500	206.916362
5.225000	202.826373
5.145000	198.791457
5.065000	194.688181
4.987500	190.647250
4.910000	186.543064
4.835000	182.515423
4.760000	178.438851
4.685000	174.318722
4.612500	170.296947
4.540000	166.235761
4.467500	162.131405
4.397500	158.123378
4.327500	154.068010
4.257500	149.964593
4.190000	145.963269
4.122500	141.919576
4.055000	137.833295
3.987500	133.701515
3.922500	129.674462
3.857500	125.593399
3.792500	121.451893
3.730000	117.408050
3.667500	113.301085
3.607500	109.297659
3.547500	105.233404
3.487500	101.105783
0.000000	0.000000
& cycle # 8, chisq = 154396.324315, e = 56.365625
25.000000	398.684839
15.037500	394.680309
14.500000	390.661605
14.140000	386.642344
13.860000	382.633063
13.612500	378.611613
13.395000	374.596081
13.200000	370.562581
13.012500	366.525924
12.825000	362.486435
12.650000	358.471633
12.497500	354.425441
12.365000	350.350413
12.245000	346.283009
12.130000	342.224685
12.015000	338.188492
11.895000	334.115823
11.770000	330.036405
11.642500	325.978846
11.515000	321.958501
11.385000	317.895874
11.252500	313.862081
11.112500	309.805226
10.965000	305.791832
10.807500	301.756248
10.642500	297.753836
10.465000	293.739975
10.267500	289.724976
10.042500	285.715322
9.782500	281.680735
9.467500	277.659853
9.057500	273.650168
8.485000	269.641557
7.725000	265.631906
7.060000	261.626346
6.620000	257.621962
6.310000	253.598703
6.075000	249.558366
5.885000	245.534518
5.722500	241.470931
5.582500	237.434829
5.457500	233.372350
5.345000	229.332732
5.242500	225.328664
5.145000	221.222501
5.055000	217.162123
4.970000	213.080034
4.890000	209.015718
4.815000	205.012019
4.742500	200.968930
4.672500	196.909142
4.605000	192.852663
4.540000	188.816771
4.475000	184.654648
4.412500	180.534915
4.352500	176.474146
4.292500	172.314464
4.235000	168.241628
4.177500	164.091710
4.122500	160.057491
4.067500	155.966854
4.012500	151.825816
3.957500	147.639529
3.905000	143.605562
3.852500	139.538690
3.800000	135.443742
3.747500	131.326751
3.695000	127.195131
3.642500	123.057470
3.590000	118.922988
3.537500	114.800817
3.485000	110.699359
3.432500	106.625924
3.380000	102.586807
0.000000	0.000000
& cycle # 9, chisq = 123802.530600, e = 56.365625
25.000000	377.716412
24.137500	373.714485
22.007500	369.710332
19.440000	365.706469
17.182500	361.706128
16.617500	357.700172
16.327500	353.695547
16.107500	349.677153
15.920000	345.622476
15.755000	341.568705
15.605000	337.508583
15.465000	333.457975
15.332500	329.454881
15.202500	325.403129
15.077500	321.402451
14.955000	317.394510
14.832500	313.335747
14.710000	309.285204
14.585000	305.222281
14.457500	301.187602
14.325000	297.114397
14.190000	293.084116
14.050000	289.062875
13.900000	285.020497
13.735000	280.986176
13.550000	276.957883
13.342500	272.918187
13.100000	268.901831
12.757500	264.898232
12.357500	260.879704
11.965000	256.873841
11.325000	252.863153
10.507500	248.861260
9.907500	244.858236
9.520000	240.837669
9.232500	236.814084
9.005000	232.775839
8.812500	228.732134
8.642500	224.691392
8.490000	220.667569
8.350000	216.627710
8.220000	212.600546
8.095000	208.517441
7.975000	204.438154
7.860000	200.403052
7.747500	196.351312
7.637500	192.311101
7.527500	188.228492
7.417500	184.149617
7.307500	180.120941
7.195000	176.091522
7.077500	172.012980
6.955000	167.936960
6.827500	163.936164
6.687500	159.901646
6.530000	155.895095
6.340000	151.873314
6.080000	147.843947
4.862500	143.840645
4.390000	139.833110
4.157500	135.783427
3.980000	131.781539
3.825000	127.780698
3.677500	123.716139
3.532500	119.649227
3.385000	115.630249
3.222500	111.609987
3.020000	107.581235
2.587500	103.577646
0.000000	0.000000
& cycle # 1, chisq = 139295.035011, e = 46.168682
25.000000	480.990020
24.965000	476.800148
24.925000	472.795535
24.875000	468.769114
24.807500	464.725838
24.702500	460.713154
24.367500	456.711549
21.930000	452.707206
19.400000	448.701629
17.420000	444.690705
17.090000	440.652073
16.885000	436.647850
16.725000	432.626531
16.590000	428.564168
16.472500	424.497375
16.367500	420.440446
16.272500	416.437008
16.182500	412.367387
16.097500	408.288208
16.017500	404.246413
15.940000	400.146554
15.865000	396.008246
15.795000	391.997833
15.725000	387.851236
15.657500	383.733813
15.592500	379.670914
15.527500	375.525828
15.465000	371.475991
15.402500	367.375276
15.340000	363.233696
15.280000	359.226512
15.220000	355.193785
15.160000	351.139414
15.100000	347.067211
15.040000	342.981998
14.980000	338.890528
14.920000	334.801984
14.860000	330.727905
14.800000	326.681518
14.740000	322.676607
14.677500	318.562928
14.615000	314.520687
14.550000	310.402133
14.485000	306.376460
14.417500	302.296904
14.347500	298.175621
14.277500	294.166853
14.205000	290.138048
14.130000	286.112710
14.050000	281.997512
13.967500	277.971987
13.880000	273.971469
13.785000	269.960766
13.680000	265.928864
13.562500	261.879906
13.430000	257.837817
13.275000	253.779503
13.077500	249.752298
12.740000	245.732209
11.835000	241.732073
8.705000	237.716588
8.355000	233.695496
8.165000	229.677062
8.025000	225.669925
7.910000	221.622351
7.812500	217.596995
7.725000	213.480908
7.647500	209.414451
7.577500	205.390048
7.512500	201.348983
7.450000	197.184750
7.392500	193.111293
7.337500	188.996686
7.285000	184.868916
7.235000	180.754607
7.187500	176.679231
7.142500	172.667351
7.097500	168.507781
7.055000	164.443434
7.012500	160.247440
6.972500	156.178909
6.932500	151.996113
6.895000	147.972781
6.857500	143.852951
6.820000	139.639123
6.785000	135.623856
6.750000	131.531526
6.715000	127.364597
6.680000	123.125532
6.645000	118.816732
6.612500	114.755284
6.580000	110.637464
6.547500	106.464963
6.515000	102.239417
0.000000	0.000000
& cycle # 2, chisq = 131432.872467, e = 46.168682
25.000000	443.385144
24.942500	439.376852
24.840000	435.347829
24.007500	431.332917
22.090000	427.332654
19.702500	423.330638
18.995000	419.325794
17.167500	415.316119
16.807500	411.277721
16.592500	407.275245
16.427500	403.234289
16.290000	399.190962
16.170000	395.172793
16.060000	391.102089
15.960000	387.083410
15.865000	382.984150
15.777500	378.967739
15.692500	374.853824
15.612500	370.806058
15.535000	366.741330
15.460000	362.692747
15.387500	358.688317
15.315000	354.607733
15.245000	350.604369
15.175000	346.544570
15.105000	342.433389
15.037500	338.426355
14.970000	334.386141
14.902500	330.325146
14.835000	326.259326
14.767500	322.206908
14.700000	318.186316
14.630000	314.067894
14.560000	310.015167
14.487500	305.896113
14.415000	301.861224
14.340000	297.777571
14.262500	293.657054
14.185000	289.644934
14.105000	285.632585
14.020000	281.538789
13.932500	277.538453
13.837500	273.472305
13.735000	269.425823
13.622500	265.379175
13.497500	261.320967
13.357500	257.275347
13.195000	253.272029
12.977500	249.253940
12.605000	245.245742
11.880000	241.243909
8.560000	237.237247
8.265000	233.232046
8.077500	229.176121
7.935000	225.161620
7.815000	221.073256
7.712500	217.016682
7.622500	212.999316
7.540000	208.931614
7.465000	204.911239
7.395000	200.881871
7.327500	196.743381
7.265000	192.689479
7.205000	188.595796
7.147500	184.485755
7.092500	180.382342
7.040000	176.308494
6.990000	172.287139
6.940000	168.129903
6.892500	164.057718
6.845000	159.869766
6.800000	155.799592
6.755000	151.633932
6.712500	147.616051
6.670000	143.520714
6.627500	139.351478
6.585000	135.111653
6.545000	131.059485
6.505000	126.949879
6.465000	122.785141
6.425000	118.567617
6.385000	114.299818
6.347500	110.255580
6.310000	106.172226
6.272500	102.052719
0.000000	0.000000
& cycle # 3, chisq = 131881.551978, e = 46.168682
25.000000	326.894349
14.775000	322.887549
14.040000	318.887076
13.527500	314.881410
13.120000	310.863112
12.735000	306.860234
12.440000	302.827526
12.230000	298.809228
12.042500	294.796639
11.852500	290.775387
11.660000	286.747301
11.475000	282.701773
11.300000	278.672159
11.127500	274.615361
10.957500	270.580844
10.792500	266.553134
10.635000	262.527503
10.482500	258.461365
10.335000	254.408005
10.192500	250.380867
10.055000	246.345762
9.922500	242.266953
9.797500	238.225506
9.677500	234.172706
9.562500	230.135816
9.452500	226.125487
9.345000	222.040772
9.242500	217.964390
9.145000	213.900320
9.052500	209.866018
8.962500	205.771288
8.877500	201.750348
8.795000	197.702076
8.715000	193.632031
8.637500	189.542038
8.562500	185.432943
8.490000	181.307437
8.420000	177.171819
8.352500	173.036284
8.287500	168.914010
8.225000	164.819652
8.165000	160.767898
8.105000	156.596246
8.047500	152.483672
7.992500	148.441543
7.937500	144.289153
7.885000	140.217952
7.832500	136.036818
7.782500	131.948286
7.732500	127.752193
7.685000	123.663659
7.637500	119.473739
7.592500	115.409896
7.547500	111.253790
7.505000	107.243825
7.462500	103.151599
0.000000	0.000000
& cycle # 4, chisq = 152146.073158, e = 46.168682
25.000000	356.067415
19.145000	352.067136
16.140000	348.057498
15.657500	344.051487
15.342500	340.034515
15.090000	335.999402
14.877500	331.953144
14.690000	327.913972
14.517500	323.891828
14.355000	319.845891
14.202500	315.787966
14.060000	311.774823
13.922500	307.766784
13.785000	303.704633
13.650000	299.692072
13.515000	295.623809
13.385000	291.619195
13.255000	287.557344
13.125000	283.543901
12.987500	279.483664
12.842500	275.444242
12.695000	271.435302
12.552500	267.401071
12.420000	263.349308
12.295000	259.290825
12.172500	255.267793
12.042500	251.192657
11.900000	247.150850
11.737500	243.102073
11.555000	239.084363
11.347500	235.059655
11.090000	231.045827
10.705000	227.027528
8.085000	223.026420
6.082500	219.024878
5.807500	215.004131
5.622500	210.963701
5.480000	206.947705
5.360000	202.890135
5.255000	198.800967
5.162500	194.757553
5.077500	190.656593
5.000000	186.580391
4.927500	182.467080
4.860000	178.373248
4.797500	174.355562
4.737500	170.294665
4.680000	166.217179
4.625000	162.147921
4.572500	158.109856
4.520000	153.921626
4.470000	149.793277
4.422500	145.745707
4.375000	141.576949
4.330000	137.517818
4.285000	133.354737
4.242500	129.330791
4.200000	125.221039
4.157500	121.029439
4.117500	117.013259
4.077500	112.931429
4.037500	108.787006
3.997500	104.582801
3.957500	100.321419
0.000000	0.000000
& cycle # 5, chisq = 141071.594979, e = 46.168682
25.000000	480.990020
24.932500	476.882800
24.825000	472.843567
22.795000	468.843057
19.355000	464.840300
17.100000	460.838926
16.637500	456.832588
16.385000	452.825096
16.195000	448.790802
16.037500	444.776154
15.900000	440.757113
15.777500	436.752146
15.665000	432.719809
15.560000	428.667908
15.460000	424.576732
15.365000	420.503746
15.275000	416.491561
15.187500	412.453097
15.102500	408.401734
15.020000	404.352064
14.940000	400.323495
14.860000	396.210831
14.782500	392.167250
14.705000	388.087853
14.627500	383.993333
14.550000	379.899103
14.472500	375.813754
14.395000	371.740157
14.317500	367.678890
14.240000	363.632748
14.162500	359.610670
14.082500	355.501987
14.002500	351.462650
13.920000	347.399491
13.835000	343.349151
13.747500	339.340451
13.655000	335.280703
13.557500	331.184246
13.457500	327.158332
13.352500	323.120317
13.240000	319.046567
13.117500	314.993541
12.977500	310.948055
12.810000	306.893586
12.617500	302.890193
12.415000	298.885688
12.200000	294.848936
11.912500	290.823183
11.115000	286.822862
7.887500	282.812231
7.592500	278.774387
7.397500	274.736020
7.245000	270.691327
7.117500	266.639407
7.007500	262.601711
6.910000	258.574845
6.820000	254.472456
6.737500	250.384462
6.660000	246.259076
6.587500	242.149416
6.520000	238.103962
6.455000	234.006225
6.392500	229.877027
6.332500	225.737692
6.275000	221.610390
6.220000	217.517894
6.167500	213.482948
6.115000	209.326928
6.065000	205.260878
6.015000	201.094197
5.967500	197.046711
5.920000	192.915949
5.872500	188.705029
5.827500	184.644304
5.782500	180.516318
5.737500	176.323318
5.695000	172.305835
5.652500	168.235130
5.610000	164.114241
5.567500	159.946778
5.525000	155.736921
5.482500	151.489327
5.442500	147.461582
5.402500	143.409105
5.362500	139.336137
5.322500	135.246754
5.282500	131.144761
5.242500	127.033651
5.202500	122.916605
5.162500	118.796558
5.122500	114.676306
5.082500	110.558638
5.042500	106.446479
5.002500	102.343008
0.000000	0.000000
& cycle # 2, chisq = 138390.746460, e = 56.688647
25.000000	443.385144
24.865000	439.381617
23.442500	435.376817
18.552500	431.375616
16.400000	427.359929
16.037500	423.332701
15.782500	419.291429
15.580000	415.258994
15.405000	411.212509
15.247500	407.165529
15.102500	403.094911
14.970000	399.071413
14.845000	395.022684
14.725000	390.945864
14.610000	386.909076
14.497500	382.864024
14.387500	378.820501
14.280000	374.776882
14.175000	370.740187
14.072500	366.737544
13.970000	362.713908
13.865000	358.618588
13.760000	354.584923
13.652500	350.526327
13.545000	346.521132
13.435000	342.455399
13.325000	338.427479
13.212500	334.399261
13.095000	330.382939
12.967500	326.334763
12.830000	322.324168
12.685000	318.317461
12.540000	314.271874
12.402500	310.244751
12.267500	306.170122
12.130000	302.137888
11.977500	298.112022
11.795000	294.072648
11.572500	290.042519
11.300000	286.039803
10.887500	282.029894
9.130000	278.029769
6.935000	274.029216
6.542500	270.008526
6.285000	266.001193
6.087500	261.983004
5.922500	257.933903
5.780000	253.892970
5.655000	249.892904
5.540000	245.809388
5.435000	241.734276
5.337500	237.654291
5.247500	233.635088
5.162500	229.611940
5.080000	225.489086
5.002500	221.414373
4.927500	217.282171
4.857500	213.258635
4.790000	209.229445
4.725000	205.214607
4.660000	201.070434
4.597500	196.965001
4.537500	192.912232
4.477500	188.749024
4.420000	184.654587
4.365000	180.642105
4.310000	176.536752
4.257500	172.533532
4.205000	168.450791
4.152500	164.291872
4.102500	160.263064
4.052500	156.170146
4.002500	152.014416
3.955000	148.008749
3.907500	143.946808
3.860000	139.828478
3.812500	135.653960
3.767500	131.648094
3.722500	127.593992
3.677500	123.493740
3.632500	119.349894
3.587500	115.165179
3.542500	110.942133
3.500000	106.920350
3.457500	102.867356
0.000000	0.000000
& cycle # 3, chisq = 144153.769543, e = 56.688647
25.000000	488.494939
24.945000	484.442507
24.850000	480.434642
24.110000	476.420697
23.570000	472.417021
20.227500	468.414590
19.447500	464.414433
18.810000	460.402642
17.022500	456.394079
16.667500	452.375695
16.450000	448.346784
16.282500	444.311451
16.140000	440.245757
16.015000	436.212923
15.902500	432.209384
15.797500	428.150432
15.700000	424.109549
15.607500	420.051975
15.520000	416.037436
15.435000	411.998402
15.352500	407.967503
15.270000	403.842260
15.190000	399.760651
15.112500	395.735882
15.035000	391.648200
14.960000	387.642794
14.885000	383.604147
14.810000	379.552600
14.735000	375.511104
14.660000	371.501757
14.582500	367.411475
14.505000	363.387279
14.425000	359.308654
14.345000	355.308209
14.262500	351.266541
14.177500	347.199397
14.090000	343.134331
14.000000	339.112152
13.905000	335.078683
13.802500	331.004436
13.692500	326.963451
13.572500	322.920215
13.442500	318.918341
13.297500	314.895844
13.127500	310.862628
12.902500	306.836016
12.572500	302.809909
12.187500	298.802550
10.497500	294.802204
9.025000	290.784672
8.685000	286.765573
8.457500	282.749842
8.280000	278.700014
8.132500	274.689038
8.002500	270.671693
7.885000	266.649312
7.777500	262.637155
7.677500	258.619871
7.582500	254.559717
7.492500	250.513306
7.405000	246.415452
7.320000	242.301382
7.237500	238.200099
7.157500	234.134854
7.080000	230.125587
7.002500	226.059578
6.925000	221.953629
6.847500	217.828906
6.770000	213.709887
6.692500	209.622032
6.615000	205.589172
6.535000	201.505608
6.452500	197.398462
6.367500	193.296267
6.280000	189.231747
6.187500	185.137067
6.090000	181.081033
5.985000	177.051931
5.867500	172.999241
5.732500	168.963895
5.567500	164.939081
5.335000	160.935844
4.165000	156.925339
3.737500	152.915674
3.495000	148.875544
3.292500	144.839521
3.095000	140.796833
2.877500	136.790786
2.537500	132.781293
1.720000	128.779707
1.585000	124.743770
1.497500	120.739364
1.427500	116.580408
1.370000	112.451727
1.320000	108.299949
1.275000	104.094018
0.000000	0.000000
& cycle # 6, chisq = 139690.517748, e = 56.688647
25.000000	384.579147
12.432500	380.575381
12.095000	376.558131
11.837500	372.554411
11.612500	368.532843
11.422500	364.490926
11.257500	360.484364
11.105000	356.459353
10.962500	352.442041
10.827500	348.364258
10.702500	344.310534
10.585000	340.252715
10.472500	336.169724
10.365000	332.118314
10.260000	328.036236
10.160000	324.031914
10.062500	320.006757
9.967500	315.960676
9.875000	311.903830
9.785000	307.856684
9.697500	303.844338
9.610000	299.772370
9.525000	295.770872
9.440000	291.728177
9.355000	287.642484
9.272500	283.632249
9.190000	279.576803
9.107500	275.480261
9.027500	271.477957
8.947500	267.458817
8.867500	263.435560
8.787500	259.417983
8.707500	255.411151
8.625000	251.290960
8.542500	247.180883
8.460000	243.079835
8.377500	238.990538
8.295000	234.920590
8.212500	230.881180
8.127500	226.763706
8.042500	222.700894
7.957500	218.697148
7.870000	214.636619
7.782500	210.634625
7.692500	206.577373
7.600000	202.472910
7.507500	198.443662
7.412500	194.395664
7.315000	190.345632
7.215000	186.303886
7.112500	182.272905
7.007500	178.251605
6.900000	174.242954
6.787500	170.169698
6.672500	166.144559
6.552500	162.097677
6.427500	158.036506
6.300000	154.033021
6.167500	150.003252
6.030000	145.959964
5.887500	141.917692
5.740000	137.867408
5.590000	133.842182
5.437500	129.812555
5.282500	125.767786
5.127500	121.745892
4.972500	117.687656
4.822500	113.673821
4.675000	109.617199
4.532500	105.563758
4.397500	101.550132
0.000000	0.000000
& cycle # 8, chisq = 188362.672620, e = 56.688647
25.000000	398.684839
14.932500	394.681618
14.222500	390.669603
13.760000	386.665933
13.385000	382.659573
13.075000	378.629540
12.780000	374.626774
12.535000	370.615885
12.350000	366.559794
12.195000	362.506058
12.050000	358.467682
11.905000	354.426604
11.760000	350.421510
11.617500	346.418796
11.480000	342.401759
11.347500	338.386088
11.217500	334.372286
11.087500	330.345152
10.957500	326.311944
10.827500	322.233894
10.700000	318.153046
10.575000	314.074189
10.452500	310.035583
10.330000	305.992704
10.207500	301.957146
10.085000	297.911886
9.962500	293.832253
9.842500	289.796037
9.722500	285.738695
9.602500	281.688969
9.482500	277.664143
9.362500	273.659624
9.242500	269.658129
9.122500	265.649169
9.002500	261.641516
8.880000	257.575516
8.757500	253.555356
8.632500	249.502681
8.507500	245.486381
8.380000	241.415649
8.252500	237.378231
8.122500	233.319486
7.990000	229.262794
7.855000	225.211757
7.717500	221.154782
7.577500	217.089193
7.435000	213.036355
7.290000	209.025993
7.140000	205.001281
6.985000	200.954332
6.827500	196.949166
6.662500	192.891030
6.492500	188.876357
6.315000	184.842454
6.132500	180.835352
5.942500	176.829853
5.742500	172.801739
5.535000	168.772483
5.320000	164.733187
5.097500	160.695697
4.872500	156.681533
4.645000	152.642505
4.420000	148.628065
4.202500	144.625419
3.992500	140.596014
3.795000	136.591341
3.610000	132.559514
3.437500	128.514723
3.277500	124.462890
3.130000	120.405398
2.995000	116.390305
2.867500	112.312526
2.750000	108.272666
2.640000	104.214213
2.537500	100.180267
0.000000	0.000000
& cycle # 9, chisq = 166877.804049, e = 56.688647
25.000000	480.990020
24.887500	476.976889
24.675000	472.961718
16.945000	468.960926
15.940000	464.953463
15.577500	460.945041
15.320000	456.936593
15.110000	452.925233
14.930000	448.878879
14.772500	444.873667
14.627500	440.855452
14.490000	436.789009
14.360000	432.709740
14.237500	428.636408
14.122500	424.609887
14.012500	420.605640
13.905000	416.596142
13.797500	412.534671
13.690000	408.439368
13.585000	404.395776
13.482500	400.384723
13.380000	396.302000
13.280000	392.273216
13.180000	388.255800
13.077500	384.223434
12.970000	380.147412
12.860000	376.141494
12.747500	372.139144
12.635000	368.097057
12.527500	364.074028
12.425000	360.036565
12.325000	355.936540
12.227500	351.881504
12.127500	347.797330
12.022500	343.724817
11.910000	339.696724
11.785000	335.632811
11.647500	331.573293
11.497500	327.522397
11.332500	323.505251
11.137500	319.471959
10.887500	315.467514
10.527500	311.448744
7.287500	307.448120
6.210000	303.443203
5.895000	299.415719
5.677500	295.392431
5.505000	291.346940
5.360000	287.329131
5.230000	283.251545
5.112500	279.179310
5.005000	275.129128
4.905000	271.088139
4.810000	267.020878
4.720000	262.983668
4.632500	258.907521
4.547500	254.821551
4.465000	250.749482
4.385000	246.713247
4.305000	242.606849
4.227500	238.582036
4.150000	234.534596
4.072500	230.488219
3.995000	226.464126
3.915000	222.352371
3.835000	218.300677
3.752500	214.205249
3.667500	210.099933
3.580000	206.027388
3.487500	201.926795
3.390000	197.863507
3.285000	193.809715
3.170000	189.779409
3.037500	185.710504
2.877500	181.668425
2.660000	177.661852
2.075000	173.659512
0.375000	169.606889
0.270000	165.588476
0.205000	161.547288
0.155000	157.323252
0.115000	153.082465
0.082500	148.978763
0.055000	144.975918
0.030000	140.871158
0.007500	136.762426
0.000000	135.298468
& cycle # 2, chisq = 156316.109595, e = 65.178175
25.000000	443.385144
13.882500	439.373685
13.360000	435.367692
13.020000	431.340967
12.735000	427.333125
12.520000	423.281736
12.360000	419.213039
12.227500	415.165761
12.107500	411.147461
11.992500	407.146172
11.877500	403.081862
11.765000	399.038450
11.655000	394.963682
11.550000	390.910612
11.450000	386.885848
11.352500	382.825655
11.257500	378.777051
11.162500	374.673113
11.070000	370.643737
10.977500	366.581838
10.885000	362.474320
10.795000	358.419264
10.707500	354.415314
10.620000	350.357076
10.532500	346.262009
10.445000	342.152641
10.357500	338.048683
10.270000	333.961042
10.182500	329.890392
10.095000	325.830558
10.007500	321.774783
9.920000	317.721801
9.832500	313.678953
9.745000	309.661012
9.655000	305.572628
9.565000	301.544467
9.472500	297.474736
9.377500	293.367646
9.282500	289.327275
9.185000	285.244761
9.087500	281.230260
8.987500	277.196250
8.885000	273.167213
8.780000	269.165654
8.670000	265.113421
8.557500	261.107847
8.440000	257.060633
8.317500	252.985789
8.190000	248.914163
8.057500	244.884619
7.917500	240.852262
7.770000	236.828319
7.615000	232.815310
7.450000	228.779635
7.275000	224.775556
7.087500	220.768900
6.887500	216.738340
6.677500	212.732188
6.455000	208.712108
6.225000	204.683317
5.995000	200.679122
5.765000	196.638636
5.545000	192.607155
5.340000	188.598757
5.147500	184.553001
4.972500	180.543954
4.812500	176.520266
4.665000	172.466934
4.530000	168.430584
4.405000	164.365325
4.290000	160.304660
4.182500	156.207190
4.082500	152.120908
3.990000	148.091744
3.902500	144.042083
3.820000	139.993698
3.742500	135.973864
3.667500	131.876061
3.597500	127.863885
3.530000	123.821465
3.465000	119.764730
3.402500	115.707596
3.342500	111.662900
3.285000	107.643874
3.227500	103.481185
0.000000	0.000000
& cycle # 3, chisq = 178460.691876, e = 65.178175
25.000000	488.494939
23.887500	484.491770
20.152500	480.491364
18.655000	476.489003
16.777500	472.488874
16.445000	468.466037
16.215000	464.464718
16.025000	460.421389
15.860000	456.367173
15.712500	452.302863
15.577500	448.240920
15.452500	444.235751
15.332500	440.213869
15.215000	436.131682
15.102500	432.095931
14.992500	428.034999
14.885000	423.975934
14.780000	419.960425
14.675000	415.937884
14.567500	411.850309
14.460000	407.813492
14.350000	403.736341
14.240000	399.709193
14.127500	395.653111
14.012500	391.611073
13.892500	387.566359
13.765000	383.516256
13.630000	379.510705
13.485000	375.477196
13.330000	371.423163
13.162500	367.413676
12.965000	363.398224
12.720000	359.393588
12.460000	355.364467
12.220000	351.345759
11.952500	347.342903
11.577500	343.324674
11.092500	339.313629
10.487500	335.300269
9.937500	331.280989
9.532500	327.279647
9.220000	323.245663
8.975000	319.221114
8.770000	315.202647
8.590000	311.152746
8.432500	307.149755
8.290000	303.131087
8.157500	299.067824
8.035000	295.052155
7.917500	290.976520
7.807500	286.961720
7.702500	282.949682
7.600000	278.873340
7.502500	274.868493
7.405000	270.764189
7.310000	266.692252
7.217500	262.674870
7.125000	258.616857
7.032500	254.528393
6.940000	250.423550
6.847500	246.323173
6.755000	242.253725
6.662500	238.242704
6.567500	234.208599
6.470000	230.177022
6.370000	226.170870
6.265000	222.121135
6.155000	218.076043
6.037500	214.015250
5.910000	209.953191
5.770000	205.931784
5.610000	201.901286
5.420000	197.899965
5.165000	193.867689
4.712500	189.866643
2.550000	185.863914
2.285000	181.826406
2.137500	177.809917
2.030000	173.785505
1.942500	169.696935
1.870000	165.679254
1.805000	161.541422
1.747500	157.429176
1.695000	153.286952
1.647500	149.210267
1.602500	145.052403
1.560000	140.855124
1.520000	136.659759
1.482500	132.507400
1.447500	128.438836
1.412500	124.183960
1.380000	120.067752
1.347500	115.795270
1.317500	111.716090
1.287500	107.510710
1.257500	103.183097
0.000000	0.000000
& cycle # 6, chisq = 153732.809169, e = 65.178175
25.000000	437.889820
13.240000	433.882249
12.720000	429.863141
12.435000	425.824781
12.252500	421.815434
12.100000	417.779177
11.957500	413.711961
11.822500	409.695263
11.692500	405.626971
11.572500	401.611626
11.460000	397.578247
11.352500	393.492750
11.250000	389.426855
11.150000	385.338490
11.052500	381.255241
10.957500	377.180744
10.865000	373.106350
10.775000	369.025500
10.687500	364.943002
10.602500	360.876344
10.520000	356.850637
10.437500	352.766727
10.357500	348.766470
10.277500	344.735315
10.197500	340.674351
10.117500	336.579334
10.040000	332.574576
9.962500	328.530336
9.885000	324.449619
9.807500	320.341276
9.730000	316.218293
9.652500	312.094572
9.575000	307.981483
9.497500	303.885535
9.420000	299.808010
9.342500	295.746584
9.265000	291.698209
9.187500	287.662113
9.110000	283.641760
9.030000	279.516610
8.950000	275.428391
8.870000	271.388807
8.787500	267.282898
8.705000	263.241575
8.620000	259.143904
8.535000	255.109068
8.447500	251.017842
8.360000	246.991040
8.270000	242.923644
8.177500	238.833573
8.082500	234.739622
7.985000	230.655841
7.885000	226.588195
7.782500	222.536377
7.677500	218.500445
7.570000	214.487962
7.457500	210.426998
7.340000	206.347229
7.217500	202.269997
7.090000	198.200314
6.957500	194.134645
6.820000	190.079485
6.677500	186.057706
6.527500	182.022388
6.370000	177.972190
6.207500	173.946730
6.040000	169.938333
5.865000	165.897475
5.685000	161.854282
5.502500	157.803020
5.320000	153.769515
5.137500	149.732267
4.957500	145.681576
4.785000	141.680733
4.617500	137.668260
4.455000	133.623685
4.300000	129.573236
4.152500	125.516448
4.012500	121.477198
3.880000	117.465134
3.752500	113.399575
3.632500	109.373514
3.517500	105.333984
3.407500	101.302211
0.000000	0.000000
& cycle # 11, chisq = 184800.964151, e = 65.178175
25.000000	462.937237
17.665000	458.937000
16.317500	454.927720
15.915000	450.921823
15.625000	446.900662
15.387500	442.889501
15.177500	438.887087
14.987500	434.879880
14.812500	430.869400
14.645000	426.827513
14.482500	422.793709
14.325000	418.782946
14.172500	414.782247
14.022500	410.764785
13.872500	406.758362
13.717500	402.713239
13.560000	398.692007
13.402500	394.691076
13.242500	390.654171
13.075000	386.620430
12.890000	382.576805
12.692500	378.558315
12.505000	374.519938
12.337500	370.460174
12.180000	366.413265
12.017500	362.389082
11.835000	358.343567
11.632500	354.335936
11.415000	350.290773
11.182500	346.263300
10.920000	342.233844
10.635000	338.212970
10.335000	334.204698
10.017500	330.203169
9.705000	326.181023
9.405000	322.162942
9.127500	318.138983
8.880000	314.132088
8.655000	310.119870
8.452500	306.114099
8.270000	302.094488
8.102500	298.047160
7.947500	293.991740
7.805000	289.968963
7.672500	285.940000
7.547500	281.869405
7.430000	277.808756
7.317500	273.715884
7.212500	269.714429
7.110000	265.630848
7.012500	261.574670
6.920000	257.568283
6.830000	253.526176
6.742500	249.468753
6.657500	245.415751
6.575000	241.382759
6.495000	237.380569
6.415000	233.287699
6.337500	229.235498
6.262500	225.233697
6.187500	221.157616
6.115000	217.154154
6.042500	213.097244
5.970000	208.995239
5.897500	204.854626
5.827500	200.823906
5.757500	196.762761
5.687500	192.672654
5.617500	188.556220
5.547500	184.418396
5.480000	180.415037
5.412500	176.406832
5.345000	172.402024
5.275000	168.259932
5.205000	164.134408
5.135000	160.028503
5.065000	155.944022
4.995000	151.883182
4.925000	147.850044
4.852500	143.708940
4.780000	139.613470
4.707500	135.572693
4.632500	131.457614
4.557500	127.412855
4.480000	123.308326
4.402500	119.280117
4.322500	115.203766
4.240000	111.092682
4.157500	107.084344
4.072500	103.070535
0.000000	0.000000
& cycle # 13, chisq = 161295.923437, e = 65.178175
25.000000	377.716412
13.137500	373.711717
12.575000	369.694709
12.307500	365.661540
12.117500	361.659863
11.945000	357.630348
11.780000	353.587467
11.627500	349.587319
11.487500	345.577869
11.357500	341.551300
11.235000	337.542285
11.115000	333.468033
11.000000	329.443698
10.887500	325.374578
10.780000	321.336675
10.675000	317.239123
10.575000	313.205854
10.477500	309.175104
10.380000	305.073703
10.285000	301.025840
10.190000	296.929738
10.097500	292.888113
10.005000	288.785554
9.915000	284.733706
9.825000	280.630786
9.737500	276.608749
9.650000	272.572496
9.562500	268.537166
9.475000	264.510784
9.387500	260.493938
9.300000	256.483072
9.212500	252.475626
9.125000	248.474445
9.035000	244.375872
8.945000	240.310494
8.855000	236.294895
8.762500	232.231981
8.667500	228.131872
8.572500	224.103347
8.475000	220.039541
8.375000	215.947272
8.275000	211.941876
8.170000	207.847729
8.062500	203.792611
7.950000	199.706170
7.835000	195.691578
7.715000	191.668061
7.590000	187.654884
7.457500	183.613955
7.317500	179.604189
7.165000	175.543348
7.002500	171.539938
6.825000	167.520394
6.627500	163.490130
6.402500	159.450593
6.145000	155.428265
5.840000	151.398591
5.472500	147.378982
5.035000	143.378004
4.555000	139.377830
4.102500	135.357493
3.730000	131.350229
3.432500	127.312687
3.192500	123.293727
2.992500	119.260334
2.820000	115.211605
2.670000	111.187042
2.535000	107.124881
2.412500	103.069846
0.000000	0.000000
& cycle # 1, chisq = 128658.122297, e = 54.509641
25.000000	480.990020
24.935000	476.973909
24.837500	472.939049
24.560000	468.937842
23.552500	464.930105
23.070000	460.916783
21.070000	456.907915
20.287500	452.893493
19.537500	448.884705
17.287500	444.872123
16.832500	440.867564
16.550000	436.862277
16.327500	432.846253
16.140000	428.822883
15.975000	424.773131
15.825000	420.709408
15.687500	416.699701
15.557500	412.665242
15.435000	408.636601
15.317500	404.562675
15.205000	400.486862
15.097500	396.462387
14.992500	392.437938
14.890000	388.435846
14.787500	384.362005
14.687500	380.311663
14.590000	376.288209
14.492500	372.202235
14.397500	368.185130
14.302500	364.163332
14.207500	360.163131
14.110000	356.093274
14.012500	352.055738
13.915000	348.036884
13.817500	344.027345
13.717500	339.933431
13.617500	335.890798
13.515000	331.849404
13.407500	327.768190
13.295000	323.683967
13.180000	319.671755
13.060000	315.594580
12.940000	311.593431
12.815000	307.565895
12.677500	303.503045
12.512500	299.470235
12.277500	295.458472
11.910000	291.449488
11.095000	287.449311
9.425000	283.433076
9.092500	279.421704
8.860000	275.413676
8.670000	271.392168
8.507500	267.388315
8.362500	263.344726
8.230000	259.265956
8.107500	255.193902
7.992500	251.128184
7.885000	247.121636
7.782500	243.115652
7.682500	239.034498
7.587500	235.008851
7.495000	230.966769
7.405000	226.937215
7.315000	222.829670
7.227500	218.773485
7.140000	214.662827
7.055000	210.622914
6.970000	206.544478
6.885000	202.439700
6.800000	198.325678
6.715000	194.222074
6.630000	190.147502
6.545000	186.116639
6.457500	182.023609
6.370000	177.996151
6.280000	173.932151
6.187500	169.853962
6.092500	165.792193
5.995000	161.783009
5.892500	157.766690
5.782500	153.700653
5.665000	149.648275
5.537500	145.606851
5.395000	141.562818
5.230000	137.551851
5.022500	133.538633
4.710000	129.529516
3.347500	125.521724
3.025000	121.488412
2.832500	117.443206
2.685000	113.441277
2.557500	109.360601
2.445000	105.295525
2.342500	101.248255
0.000000	0.000000
& cycle # 2, chisq = 98154.372721, e = 54.509641
25.000000	443.385144
22.502500	439.383179
19.250000	435.380695
16.882500	431.378213
16.402500	427.364634
16.137500	423.319821
15.937500	419.294958
15.772500	415.277957
15.630000	411.275493
15.500000	407.214783
15.380000	403.154576
15.267500	399.097509
15.162500	395.096299
15.062500	391.091243
14.965000	387.007928
14.872500	382.986876
14.782500	378.962449
14.692500	374.857618
14.605000	370.815895
14.517500	366.741381
14.430000	362.641433
14.345000	358.635050
14.260000	354.606448
14.175000	350.563553
14.090000	346.525137
14.005000	342.519977
13.917500	338.466524
13.827500	334.403120
13.735000	330.358428
13.640000	326.344167
13.540000	322.256462
13.437500	318.197479
13.332500	314.183768
13.222500	310.183303
13.102500	306.148423
12.967500	302.113543
12.812500	298.112192
12.637500	294.101391
12.455000	290.059847
12.270000	286.016914
12.060000	282.010196
11.737500	277.997474
9.405000	273.995772
7.490000	269.971959
7.232500	265.971283
7.060000	261.965914
6.925000	257.900089
6.815000	253.898665
6.717500	249.793579
6.632500	245.761693
6.555000	241.697760
6.485000	237.692224
6.420000	233.673851
6.357500	229.526560
6.300000	225.456872
6.245000	221.330197
6.192500	217.173966
6.142500	213.016340
6.095000	208.885379
6.050000	204.808375
6.005000	200.571854
5.962500	196.423692
5.922500	192.388433
5.882500	188.225214
5.845000	184.205089
5.807500	180.070691
5.770000	175.821083
5.735000	171.750084
5.700000	167.577440
5.665000	163.302829
5.632500	159.242209
5.600000	155.093854
5.567500	150.858237
5.535000	146.536083
5.505000	142.470416
5.475000	138.332718
5.445000	134.123991
5.415000	129.845301
5.385000	125.497742
5.357500	121.452904
5.330000	117.351908
5.302500	113.195503
5.275000	108.984383
5.247500	104.719177
5.220000	100.400456
0.000000	0.000000
& cycle # 3, chisq = 96668.278455, e = 54.509641
25.000000	488.494939
24.910000	484.485513
24.210000	480.479175
23.667500	476.472716
22.232500	472.464714
21.667500	468.450725
19.750000	464.446762
19.112500	460.432405
18.305000	456.432362
16.827500	452.405835
16.560000	448.369820
16.375000	444.319090
16.227500	440.299037
16.100000	436.266811
15.985000	432.189789
15.880000	428.098050
15.785000	424.090416
15.695000	420.032876
15.610000	415.983369
15.527500	411.872232
15.450000	407.868998
15.372500	403.747467
15.297500	399.659890
15.225000	395.624783
15.152500	391.513303
15.082500	387.476513
15.012500	383.381150
14.942500	379.238292
14.875000	375.212918
14.807500	371.175052
14.740000	367.143532
14.672500	363.136564
14.602500	359.023578
14.532500	354.965975
14.460000	350.829565
14.387500	346.764086
14.312500	342.635383
14.237500	338.589417
14.160000	334.505911
14.080000	330.413347
13.997500	326.350495
13.910000	322.248488
13.817500	318.172480
13.717500	314.080226
13.610000	310.031531
13.492500	305.982963
13.362500	301.927892
13.215000	297.896619
13.032500	293.888935
12.762500	289.879246
12.362500	285.875716
9.172500	281.873208
8.542500	277.858996
8.295000	273.810643
8.125000	269.798354
7.990000	265.795280
7.875000	261.751873
7.775000	257.715810
7.685000	253.639791
7.602500	249.518372
7.527500	245.445690
7.457500	241.362873
7.392500	237.328127
7.330000	233.227146
7.270000	229.084970
7.212500	224.925028
7.157500	220.769673
7.105000	216.640743
7.055000	212.559915
7.007500	208.548773
6.960000	204.407448
6.915000	200.365489
6.870000	196.210325
6.827500	192.184560
6.785000	188.063020
6.742500	183.848613
6.702500	179.799900
6.662500	175.673837
6.622500	171.472542
6.585000	167.467166
6.547500	163.398646
6.510000	159.268151
6.472500	155.076751
6.435000	150.825495
6.400000	146.804643
6.365000	142.733677
6.330000	138.613833
6.295000	134.446585
6.260000	130.233667
6.225000	125.977077
6.190000	121.679059
6.157500	117.653077
6.125000	113.595538
6.092500	109.508554
6.060000	105.394230
6.027500	101.254611
0.000000	0.000000
& cycle # 6, chisq = 95151.397138, e = 54.509641
25.000000	384.579147
14.422500	380.572988
13.952500	376.559082
13.635000	372.549195
13.385000	368.527524
13.177500	364.505921
12.985000	360.462907
12.800000	356.408279
12.635000	352.392752
12.495000	348.389513
12.372500	344.324551
12.262500	340.284459
12.157500	336.222750
12.055000	332.211194
11.950000	328.165558
11.842500	324.137029
11.732500	320.115593
11.620000	316.057799
11.507500	312.021636
11.395000	308.020121
11.277500	303.937319
11.155000	299.862012
11.025000	295.788109
10.887500	291.752429
10.740000	287.694281
10.582500	283.664566
10.407500	279.627193
10.205000	275.614227
9.957500	271.578924
9.637500	267.572388
9.102500	263.571869
7.342500	259.565964
6.595000	255.548331
6.295000	251.532851
6.097500	247.477401
5.947500	243.430047
5.825000	239.396909
5.720000	235.341942
5.627500	231.257736
5.545000	227.175567
5.470000	223.083781
5.402500	219.078434
5.337500	214.922951
5.277500	210.819254
5.220000	206.637705
5.167500	202.600443
5.117500	198.555007
5.070000	194.525985
5.022500	190.311919
4.977500	186.146181
4.935000	182.055301
4.892500	177.811619
4.852500	173.678004
4.812500	169.409582
4.775000	165.286275
4.737500	161.046123
4.702500	156.984041
4.667500	152.821696
4.632500	148.559735
4.600000	144.513505
4.567500	140.382291
4.535000	136.166510
4.502500	131.866628
4.472500	127.823368
4.442500	123.709549
4.412500	119.525959
4.382500	115.273601
4.352500	110.953729
4.325000	106.935825
4.297500	102.863815
0.000000	0.000000
& cycle # 8, chisq = 115027.824054, e = 54.509641
25.000000	377.716412
12.667500	373.714845
12.310000	369.688518
12.097500	365.654791
11.915000	361.627197
11.747500	357.577329
11.597500	353.518513
11.465000	349.479607
11.345000	345.439383
11.232500	341.356413
11.127500	337.319386
11.027500	333.277647
10.932500	329.243881
10.842500	325.224078
10.755000	321.111517
10.672500	317.041637
10.592500	312.920217
10.517500	308.909795
10.445000	304.909255
10.372500	300.796087
10.302500	296.722452
10.235000	292.698940
10.167500	288.578050
10.102500	284.512531
10.040000	280.508822
9.977500	276.409713
9.917500	272.384798
9.857500	268.274603
9.800000	264.260217
9.742500	260.177772
9.685000	256.033394
9.630000	252.016433
9.575000	247.951741
9.520000	243.841654
9.465000	239.686988
9.412500	235.679194
9.360000	231.629383
9.307500	227.536484
9.255000	223.399916
9.202500	219.220056
9.152500	215.200469
9.102500	211.145631
9.052500	207.059060
9.002500	202.944974
8.952500	198.807898
8.902500	194.652236
8.852500	190.481876
8.802500	186.299892
8.752500	182.108405
8.702500	177.908600
8.652500	173.700925
8.605000	169.696368
8.557500	165.684713
8.510000	161.666221
8.462500	157.641687
8.415000	153.612615
8.367500	149.581279
8.320000	145.550663
8.272500	141.524281
8.225000	137.505927
8.177500	133.499367
8.127500	129.298463
8.077500	125.117794
8.027500	120.959845
7.977500	116.826197
7.927500	112.717660
7.877500	108.634526
7.827500	104.576913
7.777500	100.545118
0.000000	0.000000
& cycle # 1, chisq = 198207.166875, e = 54.639575
25.000000	480.990020
24.540000	476.988213
23.582500	472.985548
21.790000	468.980954
19.625000	464.972277
18.897500	460.968923
17.062500	456.960814
16.705000	452.926186
16.487500	448.874174
16.322500	444.850272
16.182500	440.786359
16.060000	436.753352
15.950000	432.753289
15.847500	428.699102
15.752500	424.660764
15.662500	420.596249
15.577500	416.562621
15.495000	412.488692
15.415000	408.409824
15.337500	404.354488
15.262500	400.343558
15.187500	396.254545
15.115000	392.232513
15.042500	388.148216
14.970000	384.010960
14.900000	379.979385
14.830000	375.928593
14.760000	371.878142
14.690000	367.847748
14.617500	363.712916
14.545000	359.632200
14.472500	355.613889
14.397500	351.526472
14.322500	347.511368
14.245000	343.441924
14.165000	339.335679
14.082500	335.220779
13.997500	331.136664
13.910000	327.129689
13.815000	323.035423
13.715000	319.026571
13.605000	314.958463
13.485000	310.888331
13.355000	306.880115
13.207500	302.874040
13.025000	298.862498
12.760000	294.832050
12.390000	290.828623
11.730000	286.824821
8.937500	282.805486
8.662500	278.772922
8.485000	274.754951
8.350000	270.737844
8.237500	266.664004
8.140000	262.556142
8.055000	258.511449
7.977500	254.426309
7.907500	250.392956
7.842500	246.340874
7.782500	242.326880
7.725000	238.225233
7.670000	234.062769
7.617500	229.868023
7.567500	225.670385
7.520000	221.499214
7.475000	217.383085
7.432500	213.349261
7.390000	209.173878
7.350000	205.115278
7.310000	200.932081
7.272500	196.897321
7.235000	192.753219
7.197500	188.499742
7.162500	184.431135
7.127500	180.267310
7.092500	176.008497
7.060000	171.969235
7.027500	167.849069
6.995000	163.648858
6.962500	159.369741
6.932500	155.350986
6.902500	151.267555
6.872500	147.120984
6.842500	142.912973
6.812500	138.645363
6.782500	134.320099
6.755000	130.306339
6.727500	126.247388
6.700000	122.144810
6.672500	118.000148
6.645000	113.814904
6.617500	109.590534
6.590000	105.328446
6.562500	101.029996
0.000000	0.000000
& cycle # 2, chisq = 165534.217397, e = 54.639575
25.000000	443.385144
24.925000	439.320412
24.792500	435.310914
23.512500	431.310808
19.547500	427.303588
16.955000	423.300012
16.322500	419.291100
16.012500	415.259590
15.782500	411.217146
15.595000	407.180367
15.432500	403.172646
15.285000	399.170100
15.147500	395.133925
15.020000	391.118165
14.900000	387.103875
14.785000	383.074161
14.672500	379.003709
14.562500	374.938655
14.455000	370.901826
14.350000	366.896661
14.245000	362.825462
14.142500	358.795807
14.040000	354.740703
13.937500	350.705337
13.832500	346.638616
13.725000	342.573444
13.615000	338.513979
13.502500	334.441661
13.390000	330.432309
13.275000	326.422662
13.155000	322.413148
13.025000	318.381163
12.880000	314.320332
12.722500	310.286092
12.562500	306.261164
12.410000	302.253192
12.260000	298.189697
12.105000	294.172407
11.925000	290.142211
11.697500	286.106897
11.410000	282.104401
10.990000	278.093449
9.897500	274.090507
7.900000	270.089938
7.387500	266.088398
7.077500	262.061895
6.850000	258.052352
6.665000	254.028336
6.505000	249.963598
6.365000	245.921548
6.240000	241.896266
6.125000	237.834532
6.020000	233.828947
5.920000	229.754965
5.825000	225.649637
5.735000	221.543754
5.650000	217.467238
5.570000	213.452756
5.492500	209.402383
5.417500	205.337528
5.345000	201.279113
5.275000	197.245406
5.205000	193.101407
5.137500	189.001742
5.072500	184.957546
5.007500	180.819051
4.945000	176.752467
4.882500	172.603849
4.822500	168.548798
4.762500	164.428318
4.705000	160.423013
4.647500	156.366259
4.590000	152.260600
4.532500	148.107355
4.477500	144.090677
4.422500	140.031440
4.367500	135.930745
4.312500	131.790765
4.257500	127.614863
4.205000	123.599172
4.152500	119.558590
4.100000	115.496740
4.047500	111.416393
3.995000	107.319214
3.942500	103.205828
0.000000	0.000000
& cycle # 3, chisq = 172633.748760, e = 54.639575
25.000000	488.494939
24.535000	484.490801
23.917500	480.480254
22.257500	476.473307
20.255000	472.471542
19.560000	468.463292
19.037500	464.446389
17.402500	460.446319
16.870000	456.426538
16.630000	452.422087
16.455000	448.392802
16.312500	444.368743
16.187500	440.301005
16.075000	436.227421
15.972500	432.182488
15.877500	428.150485
15.787500	424.082233
15.702500	420.027178
15.620000	415.910056
15.542500	411.899748
15.465000	407.772692
15.390000	403.686634
15.317500	399.664990
15.245000	395.582799
15.172500	391.447005
15.102500	387.408546
15.032500	383.332383
14.962500	379.228487
14.892500	375.111041
14.822500	370.998079
14.752500	366.909792
14.682500	362.865995
14.610000	358.742600
14.537500	354.698234
14.462500	350.605271
14.385000	346.475932
14.307500	342.449336
14.227500	338.404252
14.145000	334.362159
14.060000	330.355841
13.970000	326.319623
13.872500	322.221319
13.767500	318.152075
13.652500	314.100153
13.525000	310.055531
13.382500	306.027960
13.217500	302.016942
13.002500	298.005450
12.650000	293.988366
12.147500	289.986997
9.422500	285.986949
9.000000	281.966537
8.767500	277.920923
8.597500	273.892088
8.460000	269.838426
8.345000	265.834035
8.242500	261.766461
8.150000	257.683993
8.065000	253.584457
7.987500	249.551937
7.915000	245.519845
7.845000	241.383161
7.780000	237.323763
7.717500	233.220732
7.657500	229.098429
7.600000	224.982318
7.545000	220.897990
7.492500	216.870151
7.440000	212.721615
7.390000	208.663481
7.340000	204.505485
7.292500	200.466719
7.245000	196.344846
7.197500	192.142809
7.152500	188.090564
7.107500	183.971461
7.062500	179.788380
7.020000	175.782009
6.977500	171.725035
6.935000	167.621481
6.892500	163.475957
6.850000	159.293583
6.807500	155.079857
6.765000	150.840480
6.725000	146.832172
6.685000	142.810857
6.645000	138.780947
6.605000	134.746559
6.565000	130.711488
6.525000	126.679235
6.485000	122.653076
6.445000	118.636158
6.405000	114.631624
6.362500	110.394017
6.320000	106.178235
6.277500	101.988809
0.000000	0.000000
& cycle # 6, chisq = 165975.977050, e = 54.639575
25.000000	384.579147
14.432500	380.570562
13.922500	376.544475
13.602500	372.527486
13.360000	368.526148
13.157500	364.475936
12.972500	360.449133
12.797500	356.431725
12.640000	352.400289
12.505000	348.356105
12.387500	344.283023
12.282500	340.247455
12.182500	336.173365
12.085000	332.117727
11.987500	328.088963
11.887500	324.046274
11.785000	320.002517
11.680000	315.931250
11.575000	311.893428
11.470000	307.878607
11.362500	303.822576
11.252500	299.790460
11.137500	295.767817
11.015000	291.736299
10.885000	287.735526
10.745000	283.714127
10.592500	279.670935
10.422500	275.648030
10.220000	271.609493
9.965000	267.598909
9.595000	263.589843
6.505000	259.589534
5.925000	255.581919
5.687500	251.532458
5.525000	247.469069
5.397500	243.384744
5.292500	239.361118
5.200000	235.279194
5.117500	231.180730
5.042500	227.055026
4.975000	222.999494
4.912500	218.944939
4.852500	214.775869
4.797500	210.713346
4.745000	206.619296
4.695000	202.523211
4.647500	198.453325
4.602500	194.436445
4.557500	190.261948
4.515000	186.173958
4.472500	181.944254
4.432500	177.833871
4.392500	173.598425
4.355000	169.515119
4.317500	165.324423
4.282500	161.318061
4.247500	157.222108
4.212500	153.039036
4.177500	148.771576
4.145000	144.735893
4.112500	140.632293
4.080000	136.463122
4.047500	132.230676
4.015000	127.937184
3.985000	123.921659
3.955000	119.857668
3.925000	115.746931
3.895000	111.591242
3.865000	107.392520
3.835000	103.152859
0.000000	0.000000
& cycle # 8, chisq = 191431.410727, e = 54.639575
25.000000	480.990020
19.635000	476.986673
16.982500	472.981876
16.547500	468.952364
16.282500	464.920463
16.077500	460.903898
15.902500	456.842251
15.750000	452.790752
15.612500	448.724368
15.487500	444.717302
15.370000	440.716040
15.257500	436.691591
15.150000	432.671847
15.045000	428.578455
14.945000	424.531288
14.847500	420.464080
14.752500	416.414887
14.657500	412.312214
14.565000	408.290094
14.472500	404.252696
14.380000	400.200757
14.287500	396.131026
14.195000	392.046002
14.102500	387.961479
14.010000	383.907445
13.915000	379.814508
13.817500	375.724134
13.717500	371.663509
13.615000	367.636992
13.510000	363.631982
13.400000	359.549034
13.287500	355.511166
13.167500	351.430622
13.037500	347.383331
12.890000	343.323534
12.725000	339.301857
12.550000	335.243924
12.380000	331.223637
12.207500	327.194679
12.007500	323.154292
11.722500	319.128272
11.172500	315.121750
9.317500	311.102772
8.937500	307.087890
8.680000	303.087845
8.475000	299.067878
8.300000	295.048009
8.145000	290.996994
8.007500	286.977492
7.882500	282.963388
7.765000	278.882724
7.655000	274.796602
7.552500	270.751821
7.455000	266.679278
7.362500	262.600450
7.275000	258.542516
7.192500	254.538050
7.112500	250.492508
7.035000	246.424385
6.960000	242.349505
6.887500	238.280256
6.817500	234.226429
6.750000	230.196880
6.682500	226.045111
6.617500	221.929360
6.555000	217.862796
6.495000	213.859785
6.435000	209.762298
6.377500	205.749657
6.320000	201.655328
6.262500	197.480816
6.207500	193.413171
6.152500	189.272056
6.100000	185.249708
6.047500	181.158590
5.995000	176.998230
5.945000	172.971912
5.895000	168.884278
5.845000	164.737400
5.795000	160.534096
5.747500	156.491678
5.700000	152.404201
5.652500	148.274380
5.605000	144.104518
5.557500	139.896398
5.512500	135.875636
5.467500	131.822493
5.422500	127.737687
5.377500	123.622083
5.332500	119.476929
5.287500	115.304040
5.242500	111.105900
5.197500	106.885660
5.155000	102.882924
0.000000	0.000000
& cycle # 2, chisq = 138212.812922, e = 61.232554
25.000000	443.385144
17.295000	439.384418
16.067500	435.368980
15.672500	431.366112
15.390000	427.336642
15.157500	423.332543
14.955000	419.289763
14.775000	415.260029
14.607500	411.223142
14.447500	407.164685
14.295000	403.099784
14.150000	399.037417
14.010000	394.967936
13.872500	390.911523
13.735000	386.862868
13.597500	382.824060
13.462500	378.823151
13.327500	374.767456
13.192500	370.722700
13.052500	366.677815
12.902500	362.617542
12.745000	358.564961
12.592500	354.561340
12.450000	350.504849
12.320000	346.504462
12.192500	342.457005
12.062500	338.444199
11.920000	334.388932
11.762500	330.365766
11.590000	326.352650
11.405000	322.348389
11.200000	318.338110
10.957500	314.325389
10.665000	310.304602
10.302500	306.290541
9.800000	302.275407
9.080000	298.271167
8.237500	294.261205
7.597500	290.260184
7.160000	286.251047
6.837500	282.249667
6.580000	278.212333
6.365000	274.184834
6.180000	270.143951
6.017500	266.120138
5.870000	262.077832
5.735000	258.032740
5.610000	253.966408
5.495000	249.940199
5.387500	245.931551
5.285000	241.894676
5.187500	237.860765
5.095000	233.853450
5.005000	229.779235
4.920000	225.769928
4.837500	221.731173
4.757500	217.682237
4.680000	213.641460
4.605000	209.623604
4.530000	205.500414
4.457500	201.412911
4.387500	197.370114
4.317500	193.233530
4.250000	189.159274
4.182500	185.006640
4.117500	180.939409
4.052500	176.809630
3.990000	172.782092
3.927500	168.699615
3.865000	164.561815
3.805000	160.537469
3.745000	156.463500
3.685000	152.343095
3.625000	148.180974
3.567500	144.158021
3.510000	140.105695
3.452500	136.026715
3.395000	131.922211
3.337500	127.792179
3.280000	123.636470
3.222500	119.455879
3.167500	115.436021
3.112500	111.399224
3.057500	107.349853
3.002500	103.292074
0.000000	0.000000
& cycle # 3, chisq = 148278.780223, e = 61.232554
25.000000	488.494939
23.597500	484.493008
20.957500	480.492644
20.042500	476.482882
19.492500	472.471639
18.970000	468.467941
18.285000	464.467312
16.170000	460.465992
15.767500	456.437166
15.510000	452.396153
15.312500	448.368095
15.147500	444.344694
15.000000	440.276323
14.867500	436.264711
14.745000	432.247060
14.630000	428.190037
14.522500	424.148771
14.420000	420.094137
14.322500	416.088851
14.227500	412.078936
14.132500	407.983425
14.040000	403.918140
13.950000	399.883791
13.862500	395.881688
13.775000	391.805598
13.690000	387.794423
13.605000	383.765149
13.520000	379.756710
13.432500	375.688324
13.342500	371.586725
13.252500	367.568045
13.160000	363.502466
13.067500	359.475702
12.972500	355.370779
12.877500	351.327263
12.780000	347.323293
12.675000	343.312401
12.555000	339.285631
12.407500	335.282929
12.205000	331.254450
11.920000	327.237373
11.370000	323.231130
9.977500	319.210889
9.712500	315.198957
9.525000	311.169670
9.372500	307.132359
9.242500	303.115921
9.127500	299.106344
9.022500	295.080317
8.925000	291.052011
8.832500	286.995733
8.745000	282.966282
8.660000	278.884322
8.577500	274.772059
8.497500	270.650342
8.420000	266.541585
8.345000	262.470564
8.272500	258.463176
8.200000	254.403497
8.127500	250.310437
8.055000	246.201485
7.982500	242.091454
7.910000	237.992352
7.837500	233.914391
7.765000	229.867665
7.692500	225.863839
7.617500	221.782251
7.542500	217.780267
7.465000	213.749537
7.385000	209.722172
7.300000	205.612616
7.212500	201.581562
7.120000	197.552824
7.020000	193.477933
6.912500	189.438198
6.792500	185.371980
6.655000	181.321923
6.487500	177.281538
6.260000	173.269235
5.727500	169.265124
4.430000	165.260624
4.095000	161.232740
3.805000	157.211662
3.477500	153.210122
2.370000	149.205079
2.105000	145.181805
1.972500	141.152870
1.875000	137.059790
1.797500	133.025238
1.730000	128.903853
1.670000	124.747501
1.617500	120.722830
1.567500	116.549320
1.522500	112.507122
1.480000	108.440526
1.440000	104.394314
1.400000	100.140727
0.000000	0.000000
& cycle # 6, chisq = 140653.905786, e = 61.232554
25.000000	437.889820
16.405000	433.886835
15.762500	429.882373
15.402500	425.882365
15.122500	421.853268
14.890000	417.816278
14.687500	413.807675
14.500000	409.787154
14.325000	405.776300
14.160000	401.727598
14.005000	397.715938
13.852500	393.668554
13.702500	389.663140
13.552500	385.618171
13.407500	381.613684
13.265000	377.594760
13.120000	373.538014
12.970000	369.530965
12.810000	365.486517
12.650000	361.442044
12.502500	357.412705
12.367500	353.346499
12.242500	349.345931
12.117500	345.328064
11.985000	341.276229
11.840000	337.210354
11.682500	333.167180
11.515000	329.129678
11.337500	325.091428
11.142500	321.068204
10.917500	317.048663
10.657500	313.020606
10.352500	309.008906
9.962500	305.006626
9.455000	300.998803
8.795000	296.992446
8.115000	292.980547
7.587500	288.963453
7.207500	284.960679
6.915000	280.928010
6.682500	276.914513
6.485000	272.865350
6.315000	268.823940
6.165000	264.763676
6.030000	260.688805
5.907500	256.637188
5.795000	252.604024
5.690000	248.549184
5.592500	244.516513
5.500000	240.445348
5.412500	236.374534
5.330000	232.343135
5.250000	228.255624
5.172500	224.126168
5.100000	220.107793
5.030000	216.081516
4.962500	212.060630
4.897500	208.060605
4.832500	203.937582
4.770000	199.861009
4.710000	195.847825
4.650000	191.739888
4.592500	187.715704
4.535000	183.606312
4.480000	179.595586
4.425000	175.506457
4.370000	171.339505
4.317500	167.291017
4.265000	163.176032
4.212500	158.998286
4.162500	154.965016
4.112500	150.882289
4.062500	146.753225
4.012500	142.580180
3.965000	138.576477
3.917500	134.535355
3.870000	130.457551
3.822500	126.344080
3.775000	122.196588
3.727500	118.017567
3.680000	113.810356
3.635000	109.802164
3.590000	105.775812
3.545000	101.734723
0.000000	0.000000
& cycle # 11, chisq = 150246.760279, e = 61.232554
25.000000	462.937237
22.117500	458.936442
18.832500	454.936010
16.585000	450.922745
16.212500	446.917938
15.957500	442.889319
15.755000	438.865309
15.582500	434.827353
15.427500	430.764456
15.285000	426.713422
15.152500	422.686917
15.027500	418.653366
14.907500	414.574264
14.792500	410.507303
14.680000	406.425869
14.570000	402.376876
14.460000	398.290500
14.352500	394.261301
14.245000	390.192423
14.140000	386.188767
14.035000	382.187190
13.927500	378.141942
13.817500	374.106259
13.702500	370.025628
13.585000	365.990939
13.465000	361.977634
13.340000	357.900573
13.210000	353.827700
13.070000	349.759177
12.915000	345.747399
12.740000	341.721587
12.557500	337.665719
12.385000	333.628680
12.217500	329.600293
12.035000	325.549445
11.812500	321.547634
11.522500	317.534181
11.140000	313.532845
10.485000	309.522688
9.330000	305.520717
8.532500	301.510592
8.097500	297.482553
7.797500	293.454478
7.567500	289.428017
7.377500	285.389910
7.212500	281.334293
7.067500	277.308628
6.937500	273.296599
6.817500	269.243356
6.707500	265.237889
6.602500	261.162630
6.505000	257.158701
6.410000	253.048975
6.320000	248.960755
6.235000	244.925012
6.152500	240.850452
6.072500	236.759511
5.995000	232.674003
5.920000	228.612473
5.847500	224.589389
5.775000	220.472554
5.705000	216.409348
5.635000	212.260808
5.567500	208.182981
5.500000	204.034795
5.435000	199.980770
5.370000	195.875850
5.305000	191.726802
5.242500	187.700580
5.180000	183.641345
5.117500	179.550775
5.055000	175.430104
4.992500	171.281146
4.932500	167.274503
4.872500	163.249066
4.812500	159.210308
4.752500	155.164122
4.692500	151.115884
4.632500	147.069666
4.572500	143.027871
4.512500	138.991435
4.452500	134.960531
4.392500	130.935514
4.332500	126.917752
4.272500	122.910017
4.210000	118.750231
4.147500	114.610555
4.085000	110.495154
4.022500	106.406374
3.960000	102.344360
0.000000	0.000000
& cycle # 13, chisq = 141680.782820, e = 61.232554
25.000000	480.990020
24.312500	476.984507
22.460000	472.982768
19.897500	468.981742
19.062500	464.979219
17.115000	460.971164
16.650000	456.948401
16.407500	452.911357
16.227500	448.862675
16.077500	444.793277
15.947500	440.745973
15.830000	436.655426
15.725000	432.646769
15.627500	428.635583
15.535000	424.593357
15.447500	420.580246
15.362500	416.524809
15.280000	412.453523
15.200000	408.385256
15.122500	404.334757
15.047500	400.316600
14.972500	396.209583
14.900000	392.167544
14.827500	388.072063
14.755000	383.943502
14.682500	379.802653
14.610000	375.667655
14.537500	371.551724
14.465000	367.462509
14.392500	363.403333
14.320000	359.375937
14.245000	355.246907
14.170000	351.164908
14.095000	347.146052
14.017500	343.082927
13.937500	339.012430
13.855000	334.973394
13.767500	330.884985
13.675000	326.785813
13.577500	322.699344
13.475000	318.640088
13.367500	314.634201
13.250000	310.581142
13.120000	306.580303
12.965000	302.580043
12.765000	298.539066
12.520000	294.509865
12.250000	290.494892
11.807500	286.484578
8.195000	282.477034
7.837500	278.461782
7.630000	274.427713
7.475000	270.358874
7.350000	266.348827
7.242500	262.342176
7.147500	258.341893
7.060000	254.251799
6.980000	250.155894
6.907500	246.142006
6.837500	241.991588
6.772500	237.896502
6.710000	233.741949
6.652500	229.733722
6.595000	225.548473
6.540000	221.380078
6.487500	217.250575
6.437500	213.180878
6.387500	208.977832
6.340000	204.862098
6.295000	200.853854
6.250000	196.741408
6.205000	192.527486
6.162500	188.457595
6.120000	184.303643
6.077500	180.069314
6.037500	176.014049
5.997500	171.894091
5.957500	167.712422
5.917500	163.471804
5.880000	159.444927
5.842500	155.370356
5.805000	151.249883
5.767500	147.085272
5.730000	142.878355
5.692500	138.631128
5.655000	134.345847
5.620000	130.314184
5.585000	126.253986
5.550000	122.167897
5.515000	118.058802
5.480000	113.929777
5.445000	109.784018
5.410000	105.624763
5.375000	101.455204
0.000000	0.000000
& cycle # 2, chisq = 98702.788546, e = 56.064469
25.000000	443.385144
24.852500	439.358980
23.490000	435.356771
18.670000	431.356764
16.427500	427.349131
16.065000	423.319565
15.812500	419.285380
15.612500	415.249089
15.442500	411.239869
15.290000	407.230561
15.150000	403.208675
15.020000	399.165033
14.897500	395.082831
14.782500	391.038357
14.672500	387.017836
14.565000	382.978610
14.460000	378.942903
14.357500	374.915199
14.257500	370.896353
14.157500	366.794439
14.060000	362.738472
13.962500	358.665356
13.865000	354.617007
13.765000	350.521669
13.665000	346.491873
13.562500	342.415537
13.460000	338.374665
13.357500	334.368107
13.252500	330.334513
13.142500	326.260102
13.027500	322.253255
12.902500	318.235001
12.767500	314.212025
12.627500	310.173486
12.490000	306.119093
12.357500	302.061591
12.225000	297.987303
12.085000	293.939388
11.925000	289.925125
11.727500	285.916587
11.477500	281.913204
11.122500	277.895239
7.472500	273.894001
6.555000	269.887523
6.255000	265.867392
6.050000	261.819767
5.890000	257.808030
5.755000	253.776674
5.637500	249.734246
5.532500	245.670495
5.437500	241.614025
5.350000	237.554759
5.267500	233.440957
5.190000	229.318475
5.117500	225.229589
5.050000	221.215254
4.985000	217.156845
4.922500	213.074909
4.862500	208.991528
4.805000	204.929259
4.750000	200.909955
4.695000	196.762652
4.642500	192.686370
4.590000	188.496408
4.540000	184.400607
4.490000	180.201984
4.442500	176.118086
4.395000	171.941883
4.350000	167.901390
4.305000	163.780830
4.260000	159.582639
4.217500	155.549095
4.175000	151.451768
4.132500	147.293471
4.090000	143.076812
4.050000	139.056889
4.010000	134.988751
3.970000	130.873558
3.930000	126.712230
3.890000	122.505599
3.850000	118.254603
3.812500	114.230081
3.775000	110.168981
3.737500	106.073035
3.700000	101.944353
0.000000	0.000000
& cycle # 3, chisq = 103662.479901, e = 56.064469
25.000000	488.494939
23.332500	484.494873
21.132500	480.490629
20.490000	476.467268
20.167500	472.454539
19.902500	468.436001
19.652500	464.422623
19.395000	460.422579
19.090000	456.417682
18.585000	452.408863
17.162500	448.385509
16.895000	444.374083
16.710000	440.332455
16.562500	436.290493
16.437500	432.267349
16.325000	428.185723
16.222500	424.110739
16.127500	420.053944
16.037500	415.978412
15.952500	411.931266
15.870000	407.825988
15.792500	403.818293
15.717500	399.811601
15.642500	395.694704
15.570000	391.629456
15.497500	387.501036
15.427500	383.474250
15.357500	379.423807
15.287500	375.362396
15.217500	371.299256
15.147500	367.241367
15.077500	363.195433
15.007500	359.170002
14.935000	355.035193
14.862500	350.952754
14.790000	346.943411
14.715000	342.895473
14.637500	338.840934
14.557500	334.809642
14.472500	330.707914
14.385000	326.682730
14.292500	322.642560
14.195000	318.624838
14.090000	314.590981
13.975000	310.560112
13.845000	306.542557
13.690000	302.515316
13.495000	298.487964
13.225000	294.474312
12.155000	290.472909
8.787500	286.458896
8.367500	282.452036
8.125000	278.411620
7.940000	274.404509
7.782500	270.346239
7.645000	266.311474
7.520000	262.270968
7.402500	258.193950
7.292500	254.175153
7.185000	250.092448
7.082500	246.081650
6.980000	241.981632
6.880000	237.928533
6.780000	233.864675
6.680000	229.835593
6.577500	225.785614
6.472500	221.757451
6.362500	217.700183
6.247500	213.670941
6.125000	209.665139
5.990000	205.655919
5.835000	201.639825
5.645000	197.597186
5.385000	193.589366
4.562500	189.588866
2.685000	185.557947
2.532500	181.518479
2.432500	177.482387
2.355000	173.386063
2.292500	169.353436
2.237500	165.194377
2.190000	161.096770
2.147500	157.002157
2.107500	152.755268
2.072500	148.709630
2.040000	144.664469
2.007500	140.329609
1.977500	136.060873
1.950000	131.914193
1.922500	127.536595
1.897500	123.350653
1.872500	118.962972
1.850000	114.837606
1.827500	110.541711
1.805000	106.072340
1.785000	101.951792
0.000000	0.000000
& cycle # 6, chisq = 104970.760811, e = 56.064469
25.000000	384.579147
13.122500	380.577250
12.555000	376.577193
12.292500	372.557427
12.100000	368.517477
11.925000	364.495307
11.757500	360.481579
11.600000	356.449056
11.455000	352.415458
11.320000	348.399321
11.190000	344.371275
11.062500	340.326879
10.937500	336.277875
10.815000	332.201248
10.697500	328.169733
10.582500	324.119658
10.470000	320.093610
10.357500	316.044008
10.245000	311.993704
10.132500	307.942285
10.020000	303.877141
9.907500	299.792423
9.797500	295.792117
9.685000	291.722857
9.572500	287.705204
9.457500	283.667207
9.340000	279.609831
9.222500	275.609178
9.102500	271.578160
8.980000	267.535346
8.855000	263.512001
8.725000	259.455641
8.592500	255.449817
8.455000	251.407123
8.315000	247.396889
8.170000	243.367425
8.020000	239.350187
7.862500	235.287090
7.702500	231.278743
7.537500	227.236264
7.370000	223.225929
7.197500	219.185830
7.025000	215.182136
6.852500	211.150749
6.682500	207.123900
6.515000	203.082983
6.352500	199.036011
6.197500	194.993937
6.050000	190.946476
5.910000	186.903700
5.777500	182.864518
5.652500	178.819642
5.535000	174.773472
5.425000	170.751508
5.320000	166.690132
5.220000	162.607213
5.125000	158.515392
5.035000	154.426937
4.950000	150.359777
4.870000	146.339341
4.792500	142.261614
4.717500	138.141167
4.647500	134.137494
4.580000	130.127487
4.515000	126.121203
4.450000	121.965992
4.387500	117.824298
4.327500	113.709535
4.270000	109.637096
4.215000	105.623460
4.160000	101.494984
0.000000	0.000000
& cycle # 8, chisq = 139705.999595, e = 56.064469
25.000000	398.684839
15.077500	394.674263
14.607500	390.664615
14.277500	386.649536
14.020000	382.647367
13.795000	378.611144
13.590000	374.586987
13.405000	370.569041
13.235000	366.528313
13.072500	362.514918
12.907500	358.463595
12.745000	354.433232
12.595000	350.400210
12.462500	346.361200
12.345000	342.358629
12.235000	338.345810
12.127500	334.332459
12.017500	330.289765
11.902500	326.236998
11.782500	322.212612
11.657500	318.182874
11.530000	314.174744
11.397500	310.109687
11.260000	306.068756
11.112500	302.033177
10.950000	297.981770
10.772500	293.959525
10.577500	289.958621
10.350000	285.919459
10.067500	281.893268
9.695000	277.874474
9.090000	273.872623
7.902500	269.867411
7.115000	265.862193
6.745000	261.854807
6.505000	257.853674
6.325000	253.848179
6.180000	249.827424
6.057500	245.795683
5.950000	241.732734
5.855000	237.698663
5.767500	233.582854
5.687500	229.457098
5.615000	225.399480
5.547500	221.336676
5.485000	217.322186
5.425000	213.235014
5.367500	209.100385
5.312500	204.943179
5.260000	200.787388
5.210000	196.656054
5.162500	192.571478
5.117500	188.555483
5.072500	184.394595
5.030000	180.330009
4.987500	176.133224
4.947500	172.062082
4.907500	167.873539
4.870000	163.840781
4.832500	159.706427
4.795000	155.471728
4.760000	151.430059
4.725000	147.303416
4.690000	143.092969
4.655000	138.799803
4.622500	134.740076
4.590000	130.610559
4.557500	126.411889
4.525000	122.144691
4.492500	117.809633
4.462500	113.748486
4.432500	109.630933
4.402500	105.457896
4.372500	101.230506
0.000000	0.000000
& cycle # 9, chisq = 116386.650525, e = 56.064469
25.000000	377.716412
12.152500	373.710194
11.817500	369.709770
11.557500	365.675328
11.357500	361.651901
11.187500	357.590520
11.037500	353.562752
10.902500	349.548119
10.780000	345.523861
10.667500	341.471271
10.562500	337.377276
10.465000	333.321393
10.372500	329.262907
10.285000	325.241914
10.200000	321.163459
10.120000	317.161015
10.042500	313.122802
9.967500	309.058326
9.895000	304.982490
9.825000	300.914731
9.757500	296.876654
9.690000	292.734179
9.625000	288.654630
9.562500	284.654059
9.500000	280.580421
9.437500	276.434814
9.377500	272.386888
9.317500	268.271304
9.260000	264.263401
9.202500	260.194032
9.145000	256.065929
9.087500	251.883711
9.032500	247.838454
8.977500	243.755810
8.922500	239.642445
8.867500	235.504640
8.812500	231.347757
8.757500	227.175922
8.702500	222.991991
8.650000	218.988650
8.597500	214.977087
8.545000	210.958434
8.492500	206.934305
8.440000	202.907174
8.387500	198.880584
8.335000	194.859161
8.282500	190.848413
8.227500	186.664683
8.172500	182.506234
8.117500	178.379493
8.062500	174.289891
8.007500	170.241609
7.952500	166.237595
7.895000	162.101058
7.837500	158.016753
7.780000	153.986421
7.720000	149.841017
7.660000	145.760987
7.600000	141.751681
7.537500	137.657457
7.475000	133.654690
7.410000	129.596645
7.342500	125.502631
7.272500	121.391335
7.200000	117.279940
7.125000	113.184141
7.047500	109.119296
6.967500	105.102412
6.882500	101.037499
0.000000	0.000000
& cycle # 1, chisq = 184824.887806, e = 55.690055
25.000000	480.990020
24.940000	476.986597
24.837500	472.953388
23.970000	468.944955
20.557500	464.943124
19.335000	460.938303
17.330000	456.938087
16.710000	452.925356
16.442500	448.901897
16.250000	444.872184
16.092500	440.851357
15.955000	436.800885
15.832500	432.749452
15.722500	428.747705
15.620000	424.718846
15.522500	420.640444
15.430000	416.574426
15.342500	412.571127
15.257500	408.547339
15.175000	404.519862
15.095000	400.502395
15.015000	396.379562
14.937500	392.295122
14.862500	388.273101
14.787500	384.202737
14.712500	380.105839
14.637500	376.002797
14.562500	371.909418
14.487500	367.835369
14.412500	363.784816
14.337500	359.759113
14.260000	355.627869
14.182500	351.533551
14.105000	347.491663
14.025000	343.398345
13.942500	339.291019
13.857500	335.209688
13.770000	331.188280
13.677500	327.140425
13.580000	323.087015
13.477500	319.039649
13.370000	315.021027
13.255000	311.008178
13.127500	306.989762
12.977500	302.951308
12.792500	298.937083
12.570000	294.930080
12.330000	290.898223
12.040000	286.874393
10.092500	282.874350
7.940000	278.868447
7.657500	274.823807
7.470000	270.822583
7.320000	266.751231
7.195000	262.715546
7.085000	258.639233
6.987500	254.587472
6.900000	250.587183
6.817500	246.497092
6.740000	242.375816
6.667500	238.279437
6.600000	234.258916
6.535000	230.200311
6.472500	226.125131
6.412500	222.053834
6.355000	218.006616
6.300000	214.003808
6.245000	209.875483
6.192500	205.821959
6.140000	201.663506
6.090000	197.611090
6.040000	193.474652
5.992500	189.472326
5.945000	185.403787
5.897500	181.273172
5.850000	177.084188
5.805000	173.064907
5.760000	168.999061
5.715000	164.889555
5.670000	160.739636
5.625000	156.553076
5.580000	152.334283
5.537500	148.324825
5.495000	144.295857
5.452500	140.252421
5.410000	136.199701
5.367500	132.142816
5.325000	128.086651
5.282500	124.035709
5.240000	119.994054
5.197500	115.965313
5.155000	111.952765
5.110000	107.725247
5.065000	103.522947
0.000000	0.000000
& cycle # 2, chisq = 134513.679558, e = 55.690055
25.000000	443.385144
24.822500	439.375837
22.977500	435.375832
18.927500	431.372938
16.590000	427.369951
16.187500	423.349549
15.930000	419.349390
15.727500	415.297035
15.557500	411.237402
15.407500	407.194128
15.270000	403.141988
15.142500	399.091827
15.022500	395.014242
14.910000	390.963094
14.802500	386.911839
14.697500	382.823345
14.595000	378.742130
14.495000	374.695024
14.397500	370.691226
14.300000	366.627131
14.205000	362.610714
14.110000	358.553942
14.015000	354.488381
13.920000	350.454778
13.822500	346.386583
13.722500	342.311302
13.620000	338.234046
13.515000	334.142238
13.410000	330.121488
13.302500	326.094290
13.190000	322.037938
13.070000	317.986254
12.937500	313.920752
12.792500	309.912215
12.637500	305.886969
12.482500	301.829429
12.332500	297.777393
12.180000	293.734584
12.010000	289.729682
11.792500	285.700772
11.495000	281.693754
11.000000	277.684040
7.527500	273.683024
7.037500	269.675872
6.767500	265.661911
6.570000	261.661610
6.407500	257.598178
6.270000	253.540282
6.150000	249.496345
6.042500	245.464416
5.942500	241.362900
5.850000	237.262061
5.765000	233.224970
5.685000	229.181780
5.610000	225.171463
5.537500	221.091210
5.467500	216.963725
5.400000	212.812663
5.335000	208.660679
5.272500	204.528166
5.212500	200.432981
5.155000	196.390948
5.097500	192.233533
5.042500	188.148677
4.987500	183.958552
4.935000	179.862244
4.882500	175.674201
4.832500	171.603604
4.782500	167.456728
4.735000	163.449958
4.687500	159.380686
4.640000	155.251361
4.592500	151.063808
4.547500	147.044083
4.502500	142.973981
4.457500	138.854203
4.412500	134.685666
4.367500	130.469748
4.325000	126.446330
4.282500	122.384638
4.240000	118.287331
4.197500	114.157349
4.155000	109.997694
4.112500	105.811190
4.070000	101.600287
0.000000	0.000000
& cycle # 3, chisq = 138384.380051, e = 55.690055
25.000000	488.494939
22.715000	484.484271
20.737500	480.476840
20.152500	476.464293
19.807500	472.451138
19.510000	468.425731
19.215000	464.413623
18.877500	460.398616
18.337500	456.390565
16.790000	452.370801
16.495000	448.355811
16.297500	444.351156
16.137500	440.302402
16.000000	436.254557
15.877500	432.197739
15.767500	428.186946
15.665000	424.144254
15.567500	420.047152
15.475000	415.960984
15.387500	411.941654
15.302500	407.911057
15.220000	403.889994
15.137500	399.766992
15.057500	395.676568
14.980000	391.635498
14.902500	387.531138
14.827500	383.517620
14.752500	379.485026
14.677500	375.455163
14.602500	371.446544
14.525000	367.340109
14.447500	363.277004
14.370000	359.259216
14.290000	355.160315
14.210000	351.115462
14.127500	347.013959
14.045000	343.005705
13.960000	339.003198
13.870000	334.937856
13.775000	330.863122
13.675000	326.818151
13.567500	322.728399
13.455000	318.702851
13.335000	314.684063
13.202500	310.626108
13.050000	306.572241
12.862500	302.557887
12.627500	298.548887
12.372500	294.511253
12.092500	290.490844
11.567500	286.480135
8.800000	282.472248
8.220000	278.469934
7.902500	274.443876
7.667500	270.400265
7.477500	266.375650
7.312500	262.342878
7.165000	258.326060
7.030000	254.301689
6.905000	250.278350
6.787500	246.253713
6.675000	242.207435
6.567500	238.187925
6.462500	234.130861
6.360000	230.052367
6.260000	225.969172
6.162500	221.903745
6.067500	217.882772
5.972500	213.824062
5.877500	209.744362
5.782500	205.653285
5.687500	201.555524
5.592500	197.456282
5.497500	193.365687
5.402500	189.298589
5.307500	185.269683
5.210000	181.183455
5.112500	177.146683
5.012500	173.051981
4.912500	168.998667
4.812500	164.987458
4.710000	160.923269
4.607500	156.905137
4.502500	152.822705
4.397500	148.750336
4.292500	144.663534
4.190000	140.642527
4.087500	136.575119
3.987500	132.540210
3.890000	128.510201
3.795000	124.454749
3.702500	120.349411
3.615000	116.296937
3.530000	112.178958
3.450000	108.114660
3.375000	104.110559
3.302500	100.032553
0.000000	0.000000
& cycle # 6, chisq = 135664.220459, e = 55.690055
25.000000	384.579147
13.065000	380.572106
12.527500	376.564135
12.277500	372.535911
12.092500	368.524566
11.922500	364.466903
11.762500	360.433974
11.615000	356.422671
11.480000	352.403483
11.355000	348.378025
11.237500	344.376859
11.122500	340.307091
11.012500	336.289004
10.905000	332.229517
10.802500	328.212441
10.702500	324.141780
10.607500	320.141089
10.515000	316.139971
10.422500	312.059104
10.332500	308.031141
10.242500	303.955224
10.155000	299.944875
10.067500	295.880799
9.982500	291.876468
9.897500	287.818199
9.812500	283.715850
9.730000	279.707341
9.647500	275.689049
9.565000	271.674521
9.482500	267.671412
9.397500	263.560505
9.312500	259.460914
9.227500	255.370607
9.142500	251.292051
9.057500	247.234082
8.972500	243.210669
8.885000	239.121275
8.797500	235.098478
8.707500	231.037806
8.615000	226.946619
8.522500	222.935968
8.427500	218.899648
8.330000	214.850023
8.230000	210.808383
8.127500	206.801422
8.020000	202.761461
7.907500	198.715646
7.790000	194.681256
7.667500	190.674296
7.537500	186.647914
7.397500	182.591760
7.247500	178.584065
7.082500	174.562046
6.900000	170.539028
6.695000	166.533892
6.455000	162.525606
6.165000	158.501472
5.800000	154.488146
5.320000	150.473039
4.725000	146.467991
4.162500	142.451190
3.747500	138.432838
3.450000	134.425379
3.222500	130.421785
3.040000	126.415391
2.885000	122.360180
2.752500	118.338829
2.635000	114.281024
2.530000	110.233762
2.435000	106.212681
2.347500	102.187081
0.000000	0.000000
& cycle # 8, chisq = 169635.359918, e = 55.690055
