0.000000	5.994835
0.058317	5.994835
0.058317	6.439940
0.233598	6.439940
0.233598	6.606251
0.333836	6.606251
0.333836	6.689230
0.585192	6.689230
0.585192	6.771369
0.846340	6.771369
0.846340	6.823815
1.043713	6.823815
1.043713	6.887851
1.658131	6.887851
1.658131	6.950648
2.275799	6.950648
2.275799	6.986339
2.746350	6.986339
2.746350	7.052048
3.929569	7.052048
3.929569	7.226737
4.670058	7.226737
4.670058	7.462744
5.082554	7.462744
5.082554	7.751694
6.087417	7.751694
6.087417	7.976699
6.990206	7.976699
6.990206	8.118934
7.718365	8.118934
7.718365	8.317337
9.818795	8.317337
9.818795	8.569730
11.607050	8.569730
11.607050	8.797742
12.955110	8.797742
12.955110	9.208536
16.214185	9.208536
16.214185	9.738059
18.412495	9.738059
18.412495	10.075296
20.026084	10.075296
20.026084	10.460838
23.775619	10.460838
23.775619	10.814785
26.223478	10.814785
26.223478	11.048179
27.793392	11.048179
27.793392	11.550120
30.232334	11.550120
30.232334	12.643466
31.336964	12.643466
31.336964	13.414767
32.067102	13.414767
32.067102	13.848359
33.781992	13.848359
33.781992	14.041615
35.189656	14.041615
35.189656	14.122846
36.380469	14.122846
36.380469	14.197307
39.046970	14.197307
39.046970	14.277114
41.003656	14.277114
41.003656	14.353425
42.491111	14.353425
42.491111	14.493703
45.105419	14.493703
45.105419	14.711443
46.801707	14.711443
46.801707	14.887387
48.075994	14.887387
48.075994	15.052393
50.449739	15.052393
50.449739	15.168390
52.381072	15.168390
52.381072	15.230392
54.073187	15.230392
54.073187	15.293702
57.277839	15.293702
57.277839	15.353076
60.012612	15.353076
60.012612	15.391314
62.438408	15.391314
& cycle # 2, chisq = 118448.120030, e = 57.543338
0.000000	4.310534
0.058317	4.310534
0.058317	4.864640
0.233598	4.864640
0.233598	5.082204
0.333836	5.082204
0.333836	5.201956
0.585192	5.201956
0.585192	5.320711
0.846340	5.320711
0.846340	5.396688
1.043713	5.396688
1.043713	5.489705
1.658131	5.489705
1.658131	5.581290
2.275799	5.581290
2.275799	5.633736
2.746350	5.633736
2.746350	5.731025
3.929569	5.731025
3.929569	5.990172
4.670058	5.990172
4.670058	6.340473
5.082554	6.340473
5.082554	6.769319
6.087417	6.769319
6.087417	7.101981
6.990206	7.101981
6.990206	7.310178
7.718365	7.310178
7.718365	7.594731
9.818795	7.594731
9.818795	7.946522
11.607050	7.946522
11.607050	8.255871
12.955110	8.255871
12.955110	8.796724
16.214185	8.796724
16.214185	9.468769
18.412495	9.468769
18.412495	9.876597
20.026084	9.876597
20.026084	10.318988
23.775619	10.318988
23.775619	10.699029
26.223478	10.699029
26.223478	10.924411
27.793392	10.924411
27.793392	11.384473
30.232334	11.384473
30.232334	12.383191
31.336964	12.383191
31.336964	13.091863
32.067102	13.091863
32.067102	13.499430
33.781992	13.499430
33.781992	13.691250
35.189656	13.691250
35.189656	13.777248
36.380469	13.777248
36.380469	13.863383
39.046970	13.863383
39.046970	13.963996
41.003656	13.963996
41.003656	14.064199
42.491111	14.064199
42.491111	14.251440
45.105419	14.251440
45.105419	14.545363
46.801707	14.545363
46.801707	14.785928
48.075994	14.785928
48.075994	15.016484
50.449739	15.016484
50.449739	15.184238
52.381072	15.184238
52.381072	15.277185
54.073187	15.277185
54.073187	15.373891
57.277839	15.373891
57.277839	15.465568
60.012612	15.465568
60.012612	15.525017
62.438408	15.525017
& cycle # 3, chisq = 123878.953418, e = 57.543338
0.000000	3.255016
0.058317	3.255016
0.058317	4.714564
0.233598	4.714564
0.233598	5.420343
0.333836	5.420343
0.333836	5.925073
0.585192	5.925073
0.585192	6.402589
0.846340	6.402589
0.846340	6.676468
1.043713	6.676468
1.043713	6.962292
1.658131	6.962292
1.658131	7.194189
2.275799	7.194189
2.275799	7.289043
2.746350	7.289043
2.746350	7.403962
3.929569	7.403962
3.929569	7.672677
4.670058	7.672677
4.670058	8.016802
5.082554	8.016802
5.082554	8.396050
6.087417	8.396050
6.087417	8.639756
6.990206	8.639756
6.990206	8.772772
7.718365	8.772772
7.718365	8.936946
9.818795	8.936946
9.818795	9.121345
11.607050	9.121345
11.607050	9.274943
12.955110	9.274943
12.955110	9.538502
16.214185	9.538502
16.214185	9.866954
18.412495	9.866954
18.412495	10.071522
20.026084	10.071522
20.026084	10.311057
23.775619	10.311057
23.775619	10.557845
26.223478	10.557845
26.223478	10.756877
27.793392	10.756877
27.793392	11.230779
30.232334	11.230779
30.232334	12.296081
31.336964	12.296081
31.336964	13.076025
32.067102	13.076025
32.067102	13.558759
33.781992	13.558759
33.781992	13.808114
35.189656	13.808114
35.189656	13.920204
36.380469	13.920204
36.380469	14.024977
39.046970	14.024977
39.046970	14.138002
41.003656	14.138002
41.003656	14.245585
42.491111	14.245585
42.491111	14.442039
45.105419	14.442039
45.105419	14.744945
46.801707	14.744945
46.801707	14.987560
48.075994	14.987560
48.075994	15.211553
50.449739	15.211553
50.449739	15.364995
52.381072	15.364995
52.381072	15.444738
54.073187	15.444738
54.073187	15.524983
57.277839	15.524983
57.277839	15.599629
60.012612	15.599629
60.012612	15.647456
62.438408	15.647456
& cycle # 6, chisq = 124573.934205, e = 57.543338
0.000000	5.108837
0.058317	5.108837
0.058317	6.688063
0.233598	6.688063
0.233598	7.304556
0.333836	7.304556
0.333836	7.641245
0.585192	7.641245
0.585192	7.932718
0.846340	7.932718
0.846340	8.097531
1.043713	8.097531
1.043713	8.276224
1.658131	8.276224
1.658131	8.429004
2.275799	8.429004
2.275799	8.496592
2.746350	8.496592
2.746350	8.587179
3.929569	8.587179
3.929569	8.803342
4.670058	8.803342
4.670058	9.078652
5.082554	9.078652
5.082554	9.374164
6.087417	9.374164
6.087417	9.551272
6.990206	9.551272
6.990206	9.640459
7.718365	9.640459
7.718365	9.740864
9.818795	9.740864
9.818795	9.841278
11.607050	9.841278
11.607050	9.917573
12.955110	9.917573
12.955110	10.040066
16.214185	10.040066
16.214185	10.183643
18.412495	10.183643
18.412495	10.266986
20.026084	10.266986
20.026084	10.359075
23.775619	10.359075
23.775619	10.451082
26.223478	10.451082
26.223478	10.524449
27.793392	10.524449
27.793392	10.701350
30.232334	10.701350
30.232334	11.109063
31.336964	11.109063
31.336964	11.421964
32.067102	11.421964
32.067102	11.644490
33.781992	11.644490
33.781992	11.792566
35.189656	11.792566
35.189656	11.880520
36.380469	11.880520
36.380469	11.998147
39.046970	11.998147
39.046970	12.168672
41.003656	12.168672
41.003656	12.355250
42.491111	12.355250
42.491111	12.720153
45.105419	12.720153
45.105419	13.315429
46.801707	13.315429
46.801707	13.826862
48.075994	13.826862
48.075994	14.358978
50.449739	14.358978
50.449739	14.796003
52.381072	14.796003
52.381072	15.068015
54.073187	15.068015
54.073187	15.368979
57.277839	15.368979
57.277839	15.664913
60.012612	15.664913
60.012612	15.861349
62.438408	15.861349
& cycle # 9, chisq = 152383.785153, e = 57.543338
0.000000	4.894875
0.058317	4.894875
0.058317	5.460999
0.233598	5.460999
0.233598	5.681771
0.333836	5.681771
0.333836	5.802728
0.585192	5.802728
0.585192	5.921897
0.846340	5.921897
0.846340	5.997647
1.043713	5.997647
1.043713	6.089653
1.658131	6.089653
1.658131	6.179154
2.275799	6.179154
2.275799	6.229228
2.746350	6.229228
2.746350	6.319825
3.929569	6.319825
3.929569	6.559119
4.670058	6.559119
4.670058	6.880771
5.082554	6.880771
5.082554	7.269511
6.087417	7.269511
6.087417	7.564260
6.990206	7.564260
6.990206	7.745560
7.718365	7.745560
7.718365	7.989958
9.818795	7.989958
9.818795	8.288750
11.607050	8.288750
11.607050	8.550402
12.955110	8.550402
12.955110	9.008869
16.214185	9.008869
16.214185	9.582443
18.412495	9.582443
18.412495	9.934738
20.026084	9.934738
20.026084	10.324031
23.775619	10.324031
23.775619	10.669975
26.223478	10.669975
26.223478	10.888665
27.793392	10.888665
27.793392	11.351642
30.232334	11.351642
30.232334	12.364333
31.336964	12.364333
31.336964	13.087267
32.067102	13.087267
32.067102	13.509380
33.781992	13.509380
33.781992	13.712752
35.189656	13.712752
35.189656	13.804833
36.380469	13.804833
36.380469	13.897265
39.046970	13.897265
39.046970	14.005337
41.003656	14.005337
41.003656	14.112974
42.491111	14.112974
42.491111	14.314105
45.105419	14.314105
45.105419	14.629873
46.801707	14.629873
46.801707	14.888404
48.075994	14.888404
48.075994	15.136378
50.449739	15.136378
50.449739	15.317088
52.381072	15.317088
52.381072	15.417418
54.073187	15.417418
54.073187	15.521965
57.277839	15.521965
57.277839	15.621185
60.012612	15.621185
60.012612	15.685576
62.438408	15.685576
& cycle # 11, chisq = 123993.406936, e = 57.543338
0.000000	5.297513
0.065841	5.297513
0.065841	5.841668
0.254882	5.841668
0.254882	6.026285
0.363597	6.026285
0.363597	6.130289
0.630500	6.130289
0.630500	6.231293
0.907046	6.231293
0.907046	6.294724
1.116703	6.294724
1.116703	6.368426
1.754307	6.368426
1.754307	6.437300
2.387042	6.437300
2.387042	6.483678
2.851032	6.483678
2.851032	6.594482
3.893123	6.594482
3.893123	6.877804
4.520261	6.877804
4.520261	7.147786
4.911866	7.147786
4.911866	7.388106
5.972857	7.388106
5.972857	7.603866
6.949987	7.603866
6.949987	7.751059
7.737683	7.751059
7.737683	7.974402
9.900105	7.974402
9.900105	8.309385
11.643450	8.309385
11.643450	8.617161
12.923913	8.617161
12.923913	9.033825
16.067923	9.033825
16.067923	9.398629
18.386079	9.398629
18.386079	9.635578
20.123673	9.635578
20.123673	10.060172
23.873930	10.060172
23.873930	10.676182
26.136292	10.676182
26.136292	11.092958
27.596979	11.092958
27.596979	11.565313
30.103227	11.565313
30.103227	12.317157
31.392879	12.317157
31.392879	13.007080
32.213251	13.007080
32.213251	13.621915
33.942580	13.621915
33.942580	13.903459
35.326867	13.903459
35.326867	13.992814
36.498749	13.992814
36.498749	14.073067
39.079075	14.073067
39.079075	14.160143
40.988137	14.160143
40.988137	14.242779
42.451682	14.242779
42.451682	14.389932
45.021079	14.389932
45.021079	14.611619
46.727793	14.611619
46.727793	14.789640
48.025497	14.789640
48.025497	14.957944
50.417215	14.957944
50.417215	15.078255
52.369510	15.078255
52.369510	15.142758
54.082514	15.142758
54.082514	15.207603
57.283959	15.207603
57.283959	15.267982
60.024534	15.267982
60.024534	15.306776
62.459666	15.306776
& cycle # 2, chisq = 103273.014883, e = 56.365625
0.000000	4.121417
0.065841	4.121417
0.065841	4.697851
0.254882	4.697851
0.254882	4.904261
0.363597	4.904261
0.363597	5.026587
0.630500	5.026587
0.630500	5.147522
0.907046	5.147522
0.907046	5.224765
1.116703	5.224765
1.116703	5.316320
1.754307	5.316320
1.754307	5.404677
2.387042	5.404677
2.387042	5.467133
2.851032	5.467133
2.851032	5.620032
3.893123	5.620032
3.893123	6.014511
4.520261	6.014511
4.520261	6.394194
4.911866	6.394194
4.911866	6.739598
5.972857	6.739598
5.972857	7.055349
6.949987	7.055349
6.949987	7.271839
7.737683	7.271839
7.737683	7.599049
9.900105	7.599049
9.900105	8.084245
11.643450	8.084245
11.643450	8.522129
12.923913	8.522129
12.923913	9.089511
16.067923	9.089511
16.067923	9.537781
18.386079	9.537781
18.386079	9.791492
20.123673	9.791492
20.123673	10.218699
23.873930	10.218699
23.873930	10.815849
26.136292	10.815849
26.136292	11.200930
27.596979	11.200930
27.596979	11.600417
30.103227	11.600417
30.103227	12.203618
31.392879	12.203618
31.392879	12.756578
32.213251	12.756578
32.213251	13.259379
33.942580	13.259379
33.942580	13.503157
35.326867	13.503157
35.326867	13.589736
36.498749	13.589736
36.498749	13.677579
39.079075	13.677579
39.079075	13.783447
40.988137	13.783447
40.988137	13.889038
42.451682	13.889038
42.451682	14.081031
45.021079	14.081031
45.021079	14.374435
46.727793	14.374435
46.727793	14.613828
48.025497	14.613828
48.025497	14.846097
50.417215	14.846097
50.417215	15.018936
52.369510	15.018936
52.369510	15.115624
54.082514	15.115624
54.082514	15.215058
57.283959	15.215058
57.283959	15.308830
60.024534	15.308830
60.024534	15.369575
62.459666	15.369575
& cycle # 3, chisq = 109030.908810, e = 56.365625
0.000000	5.309705
0.065841	5.309705
0.065841	6.298439
0.254882	6.298439
0.254882	6.549027
0.363597	6.549027
0.363597	6.683602
0.630500	6.683602
0.630500	6.807688
0.907046	6.807688
0.907046	6.882481
1.116703	6.882481
1.116703	6.966057
1.754307	6.966057
1.754307	7.039983
2.387042	7.039983
2.387042	7.085656
2.851032	7.085656
2.851032	7.189910
3.893123	7.189910
3.893123	7.452155
4.520261	7.452155
4.520261	7.697450
4.911866	7.697450
4.911866	7.906230
5.972857	7.906230
5.972857	8.084766
6.949987	8.084766
6.949987	8.202624
7.737683	8.202624
7.737683	8.376512
9.900105	8.376512
9.900105	8.634096
11.643450	8.634096
11.643450	8.870816
12.923913	8.870816
12.923913	9.195757
16.067923	9.195757
16.067923	9.490484
18.386079	9.490484
18.386079	9.691042
20.123673	9.691042
20.123673	10.061265
23.873930	10.061265
23.873930	10.616509
26.136292	10.616509
26.136292	11.016254
27.596979	11.016254
27.596979	11.525116
30.103227	11.525116
30.103227	12.391284
31.392879	12.391284
31.392879	13.196569
32.213251	13.196569
32.213251	13.918122
33.942580	13.918122
33.942580	14.250296
35.326867	14.250296
35.326867	14.354312
36.498749	14.354312
36.498749	14.443474
39.079075	14.443474
39.079075	14.535391
40.988137	14.535391
40.988137	14.620280
42.451682	14.620280
42.451682	14.769758
45.021079	14.769758
45.021079	14.993420
46.727793	14.993420
46.727793	15.171820
48.025497	15.171820
48.025497	15.338766
50.417215	15.338766
50.417215	15.456279
52.369510	15.456279
52.369510	15.518304
54.082514	15.518304
54.082514	15.580216
57.283959	15.580216
57.283959	15.637685
60.024534	15.637685
60.024534	15.674547
62.459666	15.674547
& cycle # 6, chisq = 103892.174786, e = 56.365625
0.000000	4.536736
0.065841	4.536736
0.065841	5.247514
0.254882	5.247514
0.254882	5.504267
0.363597	5.504267
0.363597	5.656377
0.630500	5.656377
0.630500	5.802625
0.907046	5.802625
0.907046	5.893649
1.116703	5.893649
1.116703	5.998408
1.754307	5.998408
1.754307	6.094902
2.387042	6.094902
2.387042	6.158441
2.851032	6.158441
2.851032	6.308432
3.893123	6.308432
3.893123	6.689907
4.520261	6.689907
4.520261	7.050767
4.911866	7.050767
4.911866	7.365214
5.972857	7.365214
5.972857	7.638381
6.949987	7.638381
6.949987	7.817830
7.737683	7.817830
7.737683	8.076710
9.900105	8.076710
9.900105	8.448326
11.643450	8.448326
11.643450	8.776889
12.923913	8.776889
12.923913	9.190522
16.067923	9.190522
16.067923	9.497267
18.386079	9.497267
18.386079	9.656251
20.123673	9.656251
20.123673	9.917931
23.873930	9.917931
23.873930	10.287871
26.136292	10.287871
26.136292	10.538134
27.596979	10.538134
27.596979	10.830886
30.103227	10.830886
30.103227	11.316540
31.392879	11.316540
31.392879	11.781116
32.213251	11.781116
32.213251	12.235328
33.942580	12.235328
33.942580	12.498716
35.326867	12.498716
35.326867	12.622957
36.498749	12.622957
36.498749	12.784363
39.079075	12.784363
39.079075	13.015564
40.988137	13.015564
40.988137	13.265227
42.451682	13.265227
42.451682	13.738942
45.021079	13.738942
45.021079	14.490634
46.727793	14.490634
46.727793	15.133929
48.025497	15.133929
48.025497	15.809435
50.417215	15.809435
50.417215	16.373305
52.369510	16.373305
52.369510	16.726273
54.082514	16.726273
54.082514	17.112171
57.283959	17.112171
57.283959	17.489195
60.024534	17.489195
60.024534	17.738857
62.459666	17.738857
& cycle # 8, chisq = 154396.324315, e = 56.365625
0.000000	4.186787
0.065841	4.186787
0.065841	4.831899
0.254882	4.831899
0.254882	5.074633
0.363597	5.074633
0.363597	5.225334
0.630500	5.225334
0.630500	5.375886
0.907046	5.375886
0.907046	5.472844
1.116703	5.472844
1.116703	5.588432
1.754307	5.588432
1.754307	5.700309
2.387042	5.700309
2.387042	5.779404
2.851032	5.779404
2.851032	5.972282
3.893123	5.972282
3.893123	6.466540
4.520261	6.466540
4.520261	6.936174
4.911866	6.936174
4.911866	7.346215
5.972857	7.346215
5.972857	7.696630
6.949987	7.696630
6.949987	7.918549
7.737683	7.918549
7.737683	8.221658
9.900105	8.221658
9.900105	8.638839
11.643450	8.638839
11.643450	8.999154
12.923913	8.999154
12.923913	9.443032
16.067923	9.443032
16.067923	9.758487
18.386079	9.758487
18.386079	9.912043
20.123673	9.912043
20.123673	10.160024
23.873930	10.160024
23.873930	10.508923
26.136292	10.508923
26.136292	10.743956
27.596979	10.743956
27.596979	11.016630
30.103227	11.016630
30.103227	11.465160
31.392879	11.465160
31.392879	11.890870
32.213251	11.890870
32.213251	12.299415
33.942580	12.299415
33.942580	12.525022
35.326867	12.525022
35.326867	12.623268
36.498749	12.623268
36.498749	12.742121
39.079075	12.742121
39.079075	12.904692
40.988137	12.904692
40.988137	13.076522
42.451682	13.076522
42.451682	13.398303
45.021079	13.398303
45.021079	13.902411
46.727793	13.902411
46.727793	14.326623
48.025497	14.326623
48.025497	14.759889
50.417215	14.759889
50.417215	15.107804
52.369510	15.107804
52.369510	15.317851
54.082514	15.317851
54.082514	15.543091
57.283959	15.543091
57.283959	15.760768
60.024534	15.760768
60.024534	15.904038
62.459666	15.904038
& cycle # 9, chisq = 123802.530600, e = 56.365625
0.000000	4.466498
0.080935	4.466498
0.080935	6.285185
0.235418	6.285185
0.235418	6.920856
0.329570	6.920856
0.329570	7.267832
0.521819	7.267832
0.521819	7.548113
0.716477	7.548113
0.716477	7.713975
0.868259	7.713975
0.868259	7.890752
1.245378	7.890752
1.245378	8.074930
1.623637	8.074930
1.623637	8.201053
1.929489	8.201053
1.929489	8.348778
2.669672	8.348778
2.669672	8.508599
3.390302	8.508599
3.390302	8.620718
3.982981	8.620718
3.982981	8.751615
5.408990	8.751615
5.408990	8.883930
6.743437	8.883930
6.743437	8.974581
7.834430	8.974581
7.834430	9.107285
10.239407	9.107285
10.239407	9.318290
12.133956	9.318290
12.133956	9.534290
13.507475	9.534290
13.507475	9.830232
16.221767	9.830232
16.221767	10.081871
18.305141	10.081871
18.305141	10.190282
19.999071	10.190282
19.999071	10.306380
23.508582	10.306380
23.508582	10.482917
26.028904	10.482917
26.028904	10.693777
27.743925	10.693777
27.743925	11.113057
30.260554	11.113057
30.260554	11.866201
31.659118	11.866201
31.659118	12.547427
32.595275	12.547427
32.595275	13.179600
34.278756	13.179600
34.278756	13.545789
35.640375	13.545789
35.640375	13.697236
36.797823	13.697236
36.797823	13.865511
38.964098	13.865511
38.964098	14.076964
40.643015	14.076964
40.643015	14.272814
41.997371	14.272814
41.997371	14.542845
44.257033	14.542845
44.257033	14.854639
46.014324	14.854639
46.014324	15.074549
47.488236	15.074549
47.488236	15.270648
50.004118	15.270648
50.004118	15.422406
52.155358	15.422406
52.155358	15.512147
54.077607	15.512147
54.077607	15.593959
57.279777	15.593959
57.279777	15.663611
60.089616	15.663611
60.089616	15.707062
62.613215	15.707062
& cycle # 1, chisq = 139295.035011, e = 46.168682
0.000000	6.670868
0.080935	6.670868
0.080935	7.222889
0.235418	7.222889
0.235418	7.351314
0.329570	7.351314
0.329570	7.448932
0.521819	7.448932
0.521819	7.549861
0.716477	7.549861
0.716477	7.622561
0.868259	7.622561
0.868259	7.713093
1.245378	7.713093
1.245378	7.820000
1.623637	7.820000
1.623637	7.901203
1.929489	7.901203
1.929489	8.005149
2.669672	8.005149
2.669672	8.126854
3.390302	8.126854
3.390302	8.218726
3.982981	8.218726
3.982981	8.334509
5.408990	8.334509
5.408990	8.462775
6.743437	8.462775
6.743437	8.560855
7.834430	8.560855
7.834430	8.717654
10.239407	8.717654
10.239407	8.977491
12.133956	8.977491
12.133956	9.248614
13.507475	9.248614
13.507475	9.625248
16.221767	9.625248
16.221767	9.950796
18.305141	9.950796
18.305141	10.094115
19.999071	10.094115
19.999071	10.247327
23.508582	10.247327
23.508582	10.473700
26.028904	10.473700
26.028904	10.735031
27.743925	10.735031
27.743925	11.235618
30.260554	11.235618
30.260554	12.104680
31.659118	12.104680
31.659118	12.865909
32.595275	12.865909
32.595275	13.540643
34.278756	13.540643
34.278756	13.893483
35.640375	13.893483
35.640375	14.011140
36.797823	14.011140
36.797823	14.122676
38.964098	14.122676
38.964098	14.252853
40.643015	14.252853
40.643015	14.368920
41.997371	14.368920
41.997371	14.525403
44.257033	14.525403
44.257033	14.702880
46.014324	14.702880
46.014324	14.825564
47.488236	14.825564
47.488236	14.932008
50.004118	14.932008
50.004118	15.011520
52.155358	15.011520
52.155358	15.056888
54.077607	15.056888
54.077607	15.097273
57.279777	15.097273
57.279777	15.131025
60.089616	15.131025
60.089616	15.151621
62.613215	15.151621
& cycle # 2, chisq = 131432.872467, e = 46.168682
0.000000	6.488048
0.080935	6.488048
0.080935	7.069106
0.235418	7.069106
0.235418	7.209503
0.329570	7.209503
0.329570	7.315216
0.521819	7.315216
0.521819	7.423829
0.716477	7.423829
0.716477	7.501641
0.868259	7.501641
0.868259	7.598036
1.245378	7.598036
1.245378	7.711303
1.623637	7.711303
1.623637	7.796935
1.929489	7.796935
1.929489	7.906056
2.669672	7.906056
2.669672	8.033282
3.390302	8.033282
3.390302	8.128953
3.982981	8.128953
3.982981	8.249080
5.408990	8.249080
5.408990	8.381648
6.743437	8.381648
6.743437	8.482619
7.834430	8.482619
7.834430	8.643607
10.239407	8.643607
10.239407	8.910104
12.133956	8.910104
12.133956	9.188050
13.507475	9.188050
13.507475	9.573988
16.221767	9.573988
16.221767	9.907251
18.305141	9.907251
18.305141	10.053574
19.999071	10.053574
19.999071	10.209345
23.508582	10.209345
23.508582	10.438830
26.028904	10.438830
26.028904	10.703288
27.743925	10.703288
27.743925	11.209142
30.260554	11.209142
30.260554	12.086503
31.659118	12.086503
31.659118	12.854703
32.595275	12.854703
32.595275	13.535989
34.278756	13.535989
34.278756	13.893310
35.640375	13.893310
35.640375	14.013629
36.797823	14.013629
36.797823	14.128989
38.964098	14.128989
38.964098	14.264646
40.643015	14.264646
40.643015	14.386190
41.997371	14.386190
41.997371	14.550636
44.257033	14.550636
44.257033	14.737773
46.014324	14.737773
46.014324	14.867685
47.488236	14.867685
47.488236	14.981101
50.004118	14.981101
50.004118	15.066534
52.155358	15.066534
52.155358	15.115711
54.077607	15.115711
54.077607	15.159748
57.279777	15.159748
57.279777	15.196716
60.089616	15.196716
60.089616	15.219390
62.613215	15.219390
& cycle # 3, chisq = 131881.551978, e = 46.168682
0.000000	7.752860
0.080935	7.752860
0.080935	8.394928
0.235418	8.394928
0.235418	8.560949
0.329570	8.560949
0.329570	8.681711
0.521819	8.681711
0.521819	8.801778
0.716477	8.801778
0.716477	8.884874
0.868259	8.884874
0.868259	8.983814
1.245378	8.983814
1.245378	9.095031
1.623637	9.095031
1.623637	9.175156
1.929489	9.175156
1.929489	9.271774
2.669672	9.271774
2.669672	9.377717
3.390302	9.377717
3.390302	9.452166
3.982981	9.452166
3.982981	9.538103
5.408990	9.538103
5.408990	9.622688
6.743437	9.622688
6.743437	9.678179
7.834430	9.678179
7.834430	9.755937
10.239407	9.755937
10.239407	9.876565
12.133956	9.876565
12.133956	9.998388
13.507475	9.998388
13.507475	10.163175
16.221767	10.163175
16.221767	10.300365
18.305141	10.300365
18.305141	10.356886
19.999071	10.356886
19.999071	10.414741
23.508582	10.414741
23.508582	10.502049
26.028904	10.502049
26.028904	10.607466
27.743925	10.607466
27.743925	10.821090
30.260554	10.821090
30.260554	11.214128
31.659118	11.214128
31.659118	11.581723
32.595275	11.581723
32.595275	11.948005
34.278756	11.948005
34.278756	12.200715
35.640375	12.200715
35.640375	12.342700
36.797823	12.342700
36.797823	12.535622
38.964098	12.535622
38.964098	12.804848
40.643015	12.804848
40.643015	13.071132
41.997371	13.071132
41.997371	13.457781
44.257033	13.457781
44.257033	13.928624
46.014324	13.928624
46.014324	14.284003
47.488236	14.284003
47.488236	14.632109
50.004118	14.632109
50.004118	14.934130
52.155358	14.934130
52.155358	15.133179
54.077607	15.133179
54.077607	15.328731
57.279777	15.328731
57.279777	15.506140
60.089616	15.506140
60.089616	15.625594
62.613215	15.625594
& cycle # 4, chisq = 152146.073158, e = 46.168682
0.000000	4.233267
0.080935	4.233267
0.080935	4.872499
0.235418	4.872499
0.235418	5.057393
0.329570	5.057393
0.329570	5.205782
0.521819	5.205782
0.521819	5.365730
0.716477	5.365730
0.716477	5.485408
0.868259	5.485408
0.868259	5.640221
1.245378	5.640221
1.245378	5.829941
1.623637	5.829941
1.623637	5.979173
1.929489	5.979173
1.929489	6.176717
2.669672	6.176717
2.669672	6.414997
3.390302	6.414997
3.390302	6.599337
3.982981	6.599337
3.982981	6.835886
5.408990	6.835886
5.408990	7.100801
6.743437	7.100801
6.743437	7.304104
7.834430	7.304104
7.834430	7.627011
10.239407	7.627011
10.239407	8.155631
12.133956	8.155631
12.133956	8.698722
13.507475	8.698722
13.507475	9.431459
16.221767	9.431459
16.221767	10.024118
18.305141	10.024118
18.305141	10.242095
19.999071	10.242095
19.999071	10.416530
23.508582	10.416530
23.508582	10.630479
26.028904	10.630479
26.028904	10.858014
27.743925	10.858014
27.743925	11.271262
30.260554	11.271262
30.260554	11.962790
31.659118	11.962790
31.659118	12.557314
32.595275	12.557314
32.595275	13.087310
34.278756	13.087310
34.278756	13.380015
35.640375	13.380015
35.640375	13.495536
36.797823	13.495536
36.797823	13.625306
38.964098	13.625306
38.964098	13.792774
40.643015	13.792774
40.643015	13.951518
41.997371	13.951518
41.997371	14.175020
44.257033	14.175020
44.257033	14.439051
46.014324	14.439051
46.014324	14.630979
47.488236	14.630979
47.488236	14.809705
50.004118	14.809705
50.004118	14.955836
52.155358	14.955836
52.155358	15.047038
54.077607	15.047038
54.077607	15.133317
57.279777	15.133317
57.279777	15.209045
60.089616	15.209045
60.089616	15.258041
62.613215	15.258041
& cycle # 5, chisq = 141071.594979, e = 46.168682
0.000000	5.542658
0.055967	5.542658
0.055967	6.092511
0.218851	6.092511
0.218851	6.280782
0.312380	6.280782
0.312380	6.382815
0.543339	6.382815
0.543339	6.484314
0.782820	6.484314
0.782820	6.550129
0.964224	6.550129
0.964224	6.632397
1.519596	6.632397
1.519596	6.719363
2.079539	6.719363
2.079539	6.771092
2.517689	6.771092
2.517689	6.830011
3.754426	6.830011
3.754426	6.929983
4.726866	6.929983
4.726866	7.077865
5.303640	7.077865
5.303640	7.438307
6.394312	7.438307
6.394312	7.865818
7.193254	7.865818
7.193254	8.055893
7.829392	8.055893
7.829392	8.297053
9.650632	8.297053
9.650632	8.557967
11.280187	8.557967
11.280187	8.722587
12.605651	8.722587
12.605651	8.948303
16.137099	8.948303
16.137099	9.290831
18.622584	9.290831
18.622584	9.649876
20.342870	9.649876
20.342870	10.272767
23.853976	10.272767
23.853976	10.892828
26.063027	10.892828
26.063027	11.151601
27.566280	11.151601
27.566280	11.533935
30.143830	11.533935
30.143830	12.340794
31.406990	12.340794
31.406990	13.083334
32.202256	13.083334
32.202256	13.672440
33.918137	13.672440
33.918137	13.926447
35.303894	13.926447
35.303894	14.013270
36.477045	14.013270
36.477045	14.092790
39.071669	14.092790
39.071669	14.179266
40.986586	14.179266
40.986586	14.261614
42.451192	14.261614
42.451192	14.409351
45.024373	14.409351
45.024373	14.633080
46.724729	14.633080
46.724729	14.812349
48.014900	14.812349
48.014900	14.980964
50.402340	14.980964
50.402340	15.100886
52.350397	15.100886
52.350397	15.165212
54.059133	15.165212
54.059133	15.230146
57.264294	15.230146
57.264294	15.290626
60.005663	15.290626
60.005663	15.329406
62.440139	15.329406
& cycle # 2, chisq = 138390.746460, e = 56.688647
0.000000	4.120729
0.055967	4.120729
0.055967	4.749333
0.218851	4.749333
0.218851	4.979894
0.312380	4.979894
0.312380	5.114499
0.543339	5.114499
0.543339	5.250024
0.782820	5.250024
0.782820	5.338872
0.964224	5.338872
0.964224	5.451220
1.519596	5.451220
1.519596	5.571506
2.079539	5.571506
2.079539	5.644264
2.517689	5.644264
2.517689	5.729794
3.754426	5.729794
3.754426	5.878744
4.726866	5.878744
4.726866	6.100619
5.303640	6.100619
5.303640	6.643403
6.394312	6.643403
6.394312	7.290126
7.193254	7.290126
7.193254	7.578724
7.829392	7.578724
7.829392	7.940859
9.650632	7.940859
9.650632	8.321549
11.280187	8.321549
11.280187	8.548290
12.605651	8.548290
12.605651	8.829785
16.137099	8.829785
16.137099	9.227814
18.622584	9.227814
18.622584	9.633401
20.342870	9.633401
20.342870	10.324141
23.853976	10.324141
23.853976	10.989311
26.063027	10.989311
26.063027	11.239562
27.566280	11.239562
27.566280	11.571113
30.143830	11.571113
30.143830	12.262162
31.406990	12.262162
31.406990	12.901409
32.202256	12.901409
32.202256	13.417537
33.918137	13.417537
33.918137	13.651560
35.303894	13.651560
35.303894	13.738799
36.477045	13.738799
36.477045	13.826861
39.071669	13.826861
39.071669	13.931406
40.986586	13.931406
40.986586	14.035203
42.451192	14.035203
42.451192	14.224699
45.024373	14.224699
45.024373	14.515137
46.724729	14.515137
46.724729	14.751032
48.014900	14.751032
48.014900	14.977919
50.402340	14.977919
50.402340	15.145011
52.350397	15.145011
52.350397	15.237988
54.059133	15.237988
54.059133	15.333702
57.264294	15.333702
57.264294	15.423855
60.005663	15.423855
60.005663	15.482103
62.440139	15.482103
& cycle # 3, chisq = 144153.769543, e = 56.688647
0.000000	4.944079
0.055967	4.944079
0.055967	6.470715
0.218851	6.470715
0.218851	6.806358
0.312380	6.806358
0.312380	6.965052
0.543339	6.965052
0.543339	7.108353
0.782820	7.108353
0.782820	7.195379
0.964224	7.195379
0.964224	7.298660
1.519596	7.298660
1.519596	7.402842
2.079539	7.402842
2.079539	7.461575
2.517689	7.461575
2.517689	7.522129
3.754426	7.522129
3.754426	7.615876
4.726866	7.615876
4.726866	7.750734
5.303640	7.750734
5.303640	8.072885
6.394312	8.072885
6.394312	8.441477
7.193254	8.441477
7.193254	8.594252
7.829392	8.594252
7.829392	8.779668
9.650632	8.779668
9.650632	8.974749
11.280187	8.974749
11.280187	9.094764
12.605651	9.094764
12.605651	9.255601
16.137099	9.255601
16.137099	9.498346
18.622584	9.498346
18.622584	9.754571
20.342870	9.754571
20.342870	10.208604
23.853976	10.208604
23.853976	10.688100
26.063027	10.688100
26.063027	10.927284
27.566280	10.927284
27.566280	11.341531
30.143830	11.341531
30.143830	12.240768
31.406990	12.240768
31.406990	13.077624
32.202256	13.077624
32.202256	13.754938
33.918137	13.754938
33.918137	14.057865
35.303894	14.057865
35.303894	14.163258
36.477045	14.163258
36.477045	14.256898
39.071669	14.256898
39.071669	14.354906
40.986586	14.354906
40.986586	14.446197
42.451192	14.446197
42.451192	14.608302
45.024373	14.608302
45.024373	14.852094
46.724729	14.852094
46.724729	15.045989
48.014900	15.045989
48.014900	15.226199
50.402340	15.226199
50.402340	15.352020
52.350397	15.352020
52.350397	15.418227
54.059133	15.418227
54.059133	15.484452
57.264294	15.484452
57.264294	15.545855
60.005663	15.545855
60.005663	15.585122
62.440139	15.585122
& cycle # 6, chisq = 139690.517748, e = 56.688647
0.000000	6.644654
0.055967	6.644654
0.055967	7.575577
0.218851	7.575577
0.218851	7.878744
0.312380	7.878744
0.312380	8.041751
0.543339	8.041751
0.543339	8.191784
0.782820	8.191784
0.782820	8.282550
0.964224	8.282550
0.964224	8.388340
1.519596	8.388340
1.519596	8.492107
2.079539	8.492107
2.079539	8.548051
2.517689	8.548051
2.517689	8.599806
3.754426	8.599806
3.754426	8.670485
4.726866	8.670485
4.726866	8.767748
5.303640	8.767748
5.303640	8.992418
6.394312	8.992418
6.394312	9.233463
7.193254	9.233463
7.193254	9.319724
7.829392	9.319724
7.829392	9.412905
9.650632	9.412905
9.650632	9.501636
11.280187	9.501636
11.280187	9.549366
12.605651	9.549366
12.605651	9.601467
16.137099	9.601467
16.137099	9.669979
18.622584	9.669979
18.622584	9.739514
20.342870	9.739514
20.342870	9.862706
23.853976	9.862706
23.853976	9.996788
26.063027	9.996788
26.063027	10.070592
27.566280	10.070592
27.566280	10.211173
30.143830	10.211173
30.143830	10.531670
31.406990	10.531670
31.406990	10.849083
32.202256	10.849083
32.202256	11.149315
33.918137	11.149315
33.918137	11.342106
35.303894	11.342106
35.303894	11.451224
36.477045	11.451224
36.477045	11.605914
39.071669	11.605914
39.071669	11.837667
40.986586	11.837667
40.986586	12.092819
42.451192	12.092819
42.451192	12.584228
45.024373	12.584228
45.024373	13.373099
46.724729	13.373099
46.724729	14.052227
48.014900	14.052227
48.014900	14.771210
50.402340	14.771210
50.402340	15.378878
52.350397	15.378878
52.350397	15.764574
54.059133	15.764574
54.059133	16.190523
57.264294	16.190523
57.264294	16.608601
60.005663	16.608601
60.005663	16.886104
62.440139	16.886104
& cycle # 8, chisq = 188362.672620, e = 56.688647
0.000000	5.409411
0.055967	5.409411
0.055967	6.841366
0.218851	6.841366
0.218851	7.331838
0.312380	7.331838
0.312380	7.605978
0.543339	7.605978
0.543339	7.854263
0.782820	7.854263
0.782820	8.002514
0.964224	8.002514
0.964224	8.173391
1.519596	8.173391
1.519596	8.339397
2.079539	8.339397
2.079539	8.428035
2.517689	8.428035
2.517689	8.508600
3.754426	8.508600
3.754426	8.616336
4.726866	8.616336
4.726866	8.763581
5.303640	8.763581
5.303640	9.102433
6.394312	9.102433
6.394312	9.463597
7.193254	9.463597
7.193254	9.590865
7.829392	9.590865
7.829392	9.726752
9.650632	9.726752
9.650632	9.854992
11.280187	9.854992
11.280187	9.923140
12.605651	9.923140
12.605651	9.995915
16.137099	9.995915
16.137099	10.089759
18.622584	10.089759
18.622584	10.184060
20.342870	10.184060
20.342870	10.349135
23.853976	10.349135
23.853976	10.523604
26.063027	10.523604
26.063027	10.612777
27.566280	10.612777
27.566280	10.773629
30.143830	10.773629
30.143830	11.134675
31.406990	11.134675
31.406990	11.486512
32.202256	11.486512
32.202256	11.806058
33.918137	11.806058
33.918137	11.993565
35.303894	11.993565
35.303894	12.088534
36.477045	12.088534
36.477045	12.211102
39.071669	12.211102
39.071669	12.384428
40.986586	12.384428
40.986586	12.570336
42.451192	12.570336
42.451192	12.922744
45.024373	12.922744
45.024373	13.479886
46.724729	13.479886
46.724729	13.950075
48.014900	13.950075
48.014900	14.431988
50.402340	14.431988
50.402340	14.821662
52.350397	14.821662
52.350397	15.059300
54.059133	15.059300
54.059133	15.316271
57.264294	15.316271
57.264294	15.565481
60.005663	15.565481
60.005663	15.729748
62.440139	15.729748
& cycle # 9, chisq = 166877.804049, e = 56.688647
0.000000	2.556845
0.040031	2.556845
0.040031	3.937271
0.200234	3.937271
0.200234	4.203354
0.288934	4.203354
0.288934	4.390651
0.543927	4.390651
0.543927	4.547242
0.813661	4.547242
0.813661	4.631550
1.013638	4.631550
1.013638	4.730374
1.734486	4.730374
1.734486	4.811064
2.445992	4.811064
2.445992	4.857941
2.935131	4.857941
2.935131	5.009211
4.007668	5.009211
4.007668	5.495433
4.510224	5.495433
4.510224	5.827569
4.832172	5.827569
4.832172	6.101777
5.911070	6.101777
5.911070	6.391834
6.896858	6.391834
6.896858	6.584875
7.670206	6.584875
7.670206	6.947403
10.022970	6.947403
10.022970	7.628055
11.675620	7.628055
11.675620	8.258081
12.792699	8.258081
12.792699	8.921109
16.026056	8.921109
16.026056	9.296261
18.408291	9.296261
18.408291	9.522624
20.129892	9.522624
20.129892	10.070246
24.019389	10.070246
24.019389	11.008254
26.059980	11.008254
26.059980	11.460206
27.395445	11.460206
27.395445	11.720953
30.175437	11.720953
30.175437	12.099973
31.515042	12.099973
31.515042	12.538683
32.282797	12.538683
32.282797	13.066011
33.960527	13.066011
33.960527	13.329566
35.236153	13.329566
35.236153	13.415189
36.304110	13.415189
36.304110	13.500080
39.011984	13.500080
39.011984	13.590270
40.970116	13.590270
40.970116	13.677334
42.441166	13.677334
42.441166	13.863792
45.207794	13.863792
45.207794	14.197967
46.847729	14.197967
46.847729	14.483938
48.021324	14.483938
48.021324	14.764209
50.389134	14.764209
50.389134	14.965069
52.275517	14.965069
52.275517	15.078303
53.911225	15.078303
53.911225	15.205823
57.285177	15.205823
57.285177	15.329798
60.106316	15.329798
60.106316	15.409026
62.581094	15.409026
& cycle # 2, chisq = 156316.109595, e = 65.178175
0.000000	5.504440
0.040031	5.504440
0.040031	6.976432
0.200234	6.976432
0.200234	7.507660
0.288934	7.507660
0.288934	7.854272
0.543927	7.854272
0.543927	8.138924
0.813661	8.138924
0.813661	8.286069
1.013638	8.286069
1.013638	8.445188
1.734486	8.445188
1.734486	8.558902
2.445992	8.558902
2.445992	8.607182
2.935131	8.607182
2.935131	8.739494
4.007668	8.739494
4.007668	9.139932
4.510224	9.139932
4.510224	9.385071
4.832172	9.385071
4.832172	9.536438
5.911070	9.536438
5.911070	9.664214
6.896858	9.664214
6.896858	9.730349
7.670206	9.730349
7.670206	9.823503
10.022970	9.823503
10.022970	9.976762
11.675620	9.976762
11.675620	10.111375
12.792699	10.111375
12.792699	10.246372
16.026056	10.246372
16.026056	10.317651
18.408291	10.317651
18.408291	10.359491
20.129892	10.359491
20.129892	10.463553
24.019389	10.463553
24.019389	10.649890
26.059980	10.649890
26.059980	10.752376
27.395445	10.752376
27.395445	10.850921
30.175437	10.850921
30.175437	11.051862
31.515042	11.051862
31.515042	11.298814
32.282797	11.298814
32.282797	11.620022
33.960527	11.620022
33.960527	11.813249
35.236153	11.813249
35.236153	11.894688
36.304110	11.894688
36.304110	11.993084
39.011984	11.993084
39.011984	12.120317
40.970116	12.120317
40.970116	12.255300
42.441166	12.255300
42.441166	12.555537
45.207794	12.555537
45.207794	13.109977
46.847729	13.109977
46.847729	13.603022
48.021324	13.603022
48.021324	14.122242
50.389134	14.122242
50.389134	14.537297
52.275517	14.537297
52.275517	14.794556
53.911225	14.794556
53.911225	15.098832
57.285177	15.098832
57.285177	15.404748
60.106316	15.404748
60.106316	15.604767
62.581094	15.604767
& cycle # 3, chisq = 178460.691876, e = 65.178175
0.000000	3.599839
0.040031	3.599839
0.040031	5.945547
0.200234	5.945547
0.200234	6.506327
0.288934	6.506327
0.288934	6.772484
0.543927	6.772484
0.543927	6.974372
0.813661	6.974372
0.813661	7.075943
1.013638	7.075943
1.013638	7.187983
1.734486	7.187983
1.734486	7.272418
2.445992	7.272418
2.445992	7.313977
2.935131	7.313977
2.935131	7.437874
4.007668	7.437874
4.007668	7.823627
4.510224	7.823627
4.510224	8.071913
4.832172	8.071913
4.832172	8.247806
5.911070	8.247806
5.911070	8.412706
6.896858	8.412706
6.896858	8.508744
7.670206	8.508744
7.670206	8.665824
10.022970	8.665824
10.022970	8.945149
11.675620	8.945149
11.675620	9.200372
12.792699	9.200372
12.792699	9.474662
16.026056	9.474662
16.026056	9.650158
18.408291	9.650158
18.408291	9.775842
20.129892	9.775842
20.129892	10.099339
24.019389	10.099339
24.019389	10.680115
26.059980	10.680115
26.059980	10.995511
27.395445	10.995511
27.395445	11.282213
30.175437	11.282213
30.175437	11.842163
31.515042	11.842163
31.515042	12.511454
32.282797	12.511454
32.282797	13.329348
33.960527	13.329348
33.960527	13.748087
35.236153	13.748087
35.236153	13.883178
36.304110	13.883178
36.304110	14.005522
39.011984	14.005522
39.011984	14.119366
40.970116	14.119366
40.970116	14.220996
42.441166	14.220996
42.441166	14.432526
45.207794	14.432526
45.207794	14.804895
46.847729	14.804895
46.847729	15.117159
48.021324	15.117159
48.021324	15.412086
50.389134	15.412086
50.389134	15.611323
52.275517	15.611323
52.275517	15.717881
53.911225	15.717881
53.911225	15.835082
57.285177	15.835082
57.285177	15.947336
60.106316	15.947336
60.106316	16.018356
62.581094	16.018356
& cycle # 6, chisq = 153732.809169, e = 65.178175
0.000000	6.741586
0.040031	6.741586
0.040031	7.786331
0.200234	7.786331
0.200234	8.088555
0.288934	8.088555
0.288934	8.301632
0.543927	8.301632
0.543927	8.476365
0.813661	8.476365
0.813661	8.567351
1.013638	8.567351
1.013638	8.668612
1.734486	8.668612
1.734486	8.743456
2.445992	8.743456
2.445992	8.777749
2.935131	8.777749
2.935131	8.875630
4.007668	8.875630
4.007668	9.174830
4.510224	9.174830
4.510224	9.360803
4.832172	9.360803
4.832172	9.480207
5.911070	9.480207
5.911070	9.583412
6.896858	9.583412
6.896858	9.637931
7.670206	9.637931
7.670206	9.716601
10.022970	9.716601
10.022970	9.847585
11.675620	9.847585
11.675620	9.963212
12.792699	9.963212
12.792699	10.079989
16.026056	10.079989
16.026056	10.142909
18.408291	10.142909
18.408291	10.180764
20.129892	10.180764
20.129892	10.275516
24.019389	10.275516
24.019389	10.446039
26.059980	10.446039
26.059980	10.541073
27.395445	10.541073
27.395445	10.635954
30.175437	10.635954
30.175437	10.832884
31.515042	10.832884
31.515042	11.076151
32.282797	11.076151
32.282797	11.395798
33.960527	11.395798
33.960527	11.593026
35.236153	11.593026
35.236153	11.679477
36.304110	11.679477
36.304110	11.788207
39.011984	11.788207
39.011984	11.933825
40.970116	11.933825
40.970116	12.090731
42.441166	12.090731
42.441166	12.442167
45.207794	12.442167
45.207794	13.095046
46.847729	13.095046
46.847729	13.680175
48.021324	13.680175
48.021324	14.305168
50.389134	14.305168
50.389134	14.814881
52.275517	14.814881
52.275517	15.135987
53.911225	15.135987
53.911225	15.519006
57.285177	15.519006
57.285177	15.906314
60.106316	15.906314
60.106316	16.160528
62.581094	16.160528
& cycle # 11, chisq = 184800.964151, e = 65.178175
0.000000	5.605258
0.040031	5.605258
0.040031	6.296367
0.200234	6.296367
0.200234	6.516278
0.288934	6.516278
0.288934	6.696835
0.543927	6.696835
0.543927	6.852285
0.813661	6.852285
0.813661	6.937337
1.013638	6.937337
1.013638	7.037105
1.734486	7.037105
1.734486	7.116541
2.445992	7.116541
2.445992	7.159563
2.935131	7.159563
2.935131	7.293082
4.007668	7.293082
4.007668	7.712558
4.510224	7.712558
4.510224	7.986042
4.832172	7.986042
4.832172	8.184921
5.911070	8.184921
5.911070	8.372794
6.896858	8.372794
6.896858	8.481882
7.670206	8.481882
7.670206	8.658404
10.022970	8.658404
10.022970	8.969227
11.675620	8.969227
11.675620	9.250394
12.792699	9.250394
12.792699	9.543881
16.026056	9.543881
16.026056	9.715412
18.408291	9.715412
18.408291	9.827229
20.129892	9.827229
20.129892	10.108987
24.019389	10.108987
24.019389	10.609867
26.059980	10.609867
26.059980	10.876715
27.395445	10.876715
27.395445	11.107070
30.175437	11.107070
30.175437	11.549090
31.515042	11.549090
31.515042	12.080815
32.282797	12.080815
32.282797	12.743494
33.960527	12.743494
33.960527	13.101395
35.236153	13.101395
35.236153	13.228247
36.304110	13.228247
36.304110	13.355653
39.011984	13.355653
39.011984	13.491266
40.970116	13.491266
40.970116	13.621831
42.441166	13.621831
42.441166	13.900556
45.207794	13.900556
45.207794	14.398635
46.847729	14.398635
46.847729	14.823319
48.021324	14.823319
48.021324	15.236881
50.389134	15.236881
50.389134	15.530526
52.275517	15.530526
52.275517	15.694921
53.911225	15.694921
53.911225	15.879695
57.285177	15.879695
57.285177	16.059211
60.106316	16.059211
60.106316	16.173902
62.581094	16.173902
& cycle # 13, chisq = 161295.923437, e = 65.178175
0.000000	6.130423
0.073406	6.130423
0.073406	7.699549
0.269430	7.699549
0.269430	8.082775
0.383222	8.082775
0.383222	8.288353
0.653402	8.288353
0.653402	8.465876
0.932151	8.465876
0.932151	8.568182
1.144522	8.568182
1.144522	8.675538
1.767297	8.675538
1.767297	8.764763
2.385754	8.764763
2.385754	8.813479
2.844876	8.813479
2.844876	8.908469
3.872369	8.908469
3.872369	9.127003
4.521649	9.127003
4.521649	9.331795
4.929804	9.331795
4.929804	9.497791
5.983132	9.497791
5.983132	9.615412
6.953144	9.615412
6.953144	9.682677
7.741023	9.682677
7.741023	9.759243
9.871385	9.759243
9.871385	9.848110
11.650330	9.848110
11.650330	9.926671
12.973231	9.926671
12.973231	10.049450
16.026467	10.049450
16.026467	10.162035
18.259005	10.162035
18.259005	10.203755
20.012019	10.203755
20.012019	10.249661
23.961862	10.249661
23.961862	10.338652
26.371374	10.338652
26.371374	10.459452
27.797824	10.459452
27.797824	10.698209
29.972619	10.698209
29.972619	10.999772
31.224064	10.999772
31.224064	11.181873
32.131315	11.181873
32.131315	11.417519
34.008570	11.417519
34.008570	11.650912
35.426460	11.650912
35.426460	11.773169
36.604016	11.773169
36.604016	11.913604
39.114257	11.913604
39.114257	12.110470
40.990172	12.110470
40.990172	12.321592
42.442947	12.321592
42.442947	12.707728
44.972228	12.707728
44.972228	13.301273
46.699629	13.301273
46.699629	13.808933
48.031301	13.808933
48.031301	14.346629
50.438050	14.346629
50.438050	14.802016
52.411326	14.802016
52.411326	15.087340
54.146601	15.087340
54.146601	15.392254
57.322326	15.392254
57.322326	15.686714
60.054145	15.686714
60.054145	15.881576
62.487783	15.881576
& cycle # 1, chisq = 128658.122297, e = 54.509641
0.000000	5.784245
0.073406	5.784245
0.073406	6.781315
0.269430	6.781315
0.269430	7.031707
0.383222	7.031707
0.383222	7.181917
0.653402	7.181917
0.653402	7.321204
0.932151	7.321204
0.932151	7.406205
1.144522	7.406205
1.144522	7.500240
1.767297	7.500240
1.767297	7.584270
2.385754	7.584270
2.385754	7.636324
2.844876	7.636324
2.844876	7.746529
3.872369	7.746529
3.872369	8.008007
4.521649	8.008007
4.521649	8.261057
4.929804	8.261057
4.929804	8.483655
5.983132	8.483655
5.983132	8.661508
6.953144	8.661508
6.953144	8.773910
7.741023	8.773910
7.741023	8.918728
9.871385	8.918728
9.871385	9.108135
11.650330	9.108135
11.650330	9.286979
12.973231	9.286979
12.973231	9.576377
16.026467	9.576377
16.026467	9.852868
18.259005	9.852868
18.259005	9.967221
20.012019	9.967221
20.012019	10.112710
23.961862	10.112710
23.961862	10.400345
26.371374	10.400345
26.371374	10.781756
27.797824	10.781756
27.797824	11.493505
29.972619	11.493505
29.972619	12.294498
31.224064	12.294498
31.224064	12.689366
32.131315	12.689366
32.131315	13.129325
34.008570	13.129325
34.008570	13.509169
35.426460	13.509169
35.426460	13.658428
36.604016	13.658428
36.604016	13.766578
39.114257	13.766578
39.114257	13.877038
40.990172	13.877038
40.990172	13.981161
42.442947	13.981161
42.442947	14.159714
44.972228	14.159714
44.972228	14.419890
46.699629	14.419890
46.699629	14.628554
48.031301	14.628554
48.031301	14.828102
50.438050	14.828102
50.438050	14.973755
52.411326	14.973755
52.411326	15.051979
54.146601	15.051979
54.146601	15.128515
57.322326	15.128515
57.322326	15.198771
60.054145	15.198771
60.054145	15.243632
62.487783	15.243632
& cycle # 2, chisq = 98154.372721, e = 54.509641
0.000000	5.541223
0.073406	5.541223
0.073406	6.050488
0.269430	6.050488
0.269430	6.187191
0.383222	6.187191
0.383222	6.273388
0.653402	6.273388
0.653402	6.358653
0.932151	6.358653
0.932151	6.413744
1.144522	6.413744
1.144522	6.478633
1.767297	6.478633
1.767297	6.542534
2.385754	6.542534
2.385754	6.588516
2.844876	6.588516
2.844876	6.694526
3.872369	6.694526
3.872369	6.954882
4.521649	6.954882
4.521649	7.216759
4.929804	7.216759
4.929804	7.469524
5.983132	7.469524
5.983132	7.697160
6.953144	7.697160
6.953144	7.854630
7.741023	7.854630
7.741023	8.078193
9.871385	8.078193
9.871385	8.393309
11.650330	8.393309
11.650330	8.700337
12.973231	8.700337
12.973231	9.198651
16.026467	9.198651
16.026467	9.665162
18.259005	9.665162
18.259005	9.843332
20.012019	9.843332
20.012019	10.041235
23.961862	10.041235
23.961862	10.410431
26.371374	10.410431
26.371374	10.887299
27.797824	10.887299
27.797824	11.748934
29.972619	11.748934
29.972619	12.661659
31.224064	12.661659
31.224064	13.061095
32.131315	13.061095
32.131315	13.474652
34.008570	13.474652
34.008570	13.824897
35.426460	13.824897
35.426460	13.960298
36.604016	13.960298
36.604016	14.056602
39.114257	14.056602
39.114257	14.154265
40.990172	14.154265
40.990172	14.246468
42.442947	14.246468
42.442947	14.405032
44.972228	14.405032
44.972228	14.636776
46.699629	14.636776
46.699629	14.823379
48.031301	14.823379
48.031301	15.003053
50.438050	15.003053
50.438050	15.135651
52.411326	15.135651
52.411326	15.207787
54.146601	15.207787
54.146601	15.278934
57.322326	15.278934
57.322326	15.344556
60.054145	15.344556
60.054145	15.386605
62.487783	15.386605
& cycle # 3, chisq = 96668.278455, e = 54.509641
0.000000	6.427965
0.073406	6.427965
0.073406	6.954746
0.269430	6.954746
0.269430	7.095007
0.383222	7.095007
0.383222	7.181490
0.653402	7.181490
0.653402	7.265372
0.932151	7.265372
0.932151	7.318497
1.144522	7.318497
1.144522	7.379484
1.767297	7.379484
1.767297	7.436981
2.385754	7.436981
2.385754	7.475721
2.844876	7.475721
2.844876	7.561830
3.872369	7.561830
3.872369	7.770033
4.521649	7.770033
4.521649	7.975713
4.929804	7.975713
4.929804	8.165924
5.983132	8.165924
5.983132	8.328363
6.953144	8.328363
6.953144	8.436476
7.741023	8.436476
7.741023	8.584132
9.871385	8.584132
9.871385	8.786857
11.650330	8.786857
11.650330	8.982983
12.973231	8.982983
12.973231	9.304456
16.026467	9.304456
16.026467	9.616491
18.259005	9.616491
18.259005	9.750800
20.012019	9.750800
20.012019	9.929968
23.961862	9.929968
23.961862	10.287563
26.371374	10.287563
26.371374	10.760895
27.797824	10.760895
27.797824	11.637586
29.972619	11.637586
29.972619	12.607587
31.224064	12.607587
31.224064	13.069342
32.131315	13.069342
32.131315	13.569888
34.008570	13.569888
34.008570	13.993126
35.426460	13.993126
35.426460	14.151994
36.604016	14.151994
36.604016	14.256142
39.114257	14.256142
39.114257	14.352674
40.990172	14.352674
40.990172	14.439843
42.442947	14.439843
42.442947	14.586801
44.972228	14.586801
44.972228	14.798674
46.699629	14.798674
46.699629	14.966806
48.031301	14.966806
48.031301	15.125063
50.438050	15.125063
50.438050	15.237814
52.411326	15.237814
52.411326	15.296773
54.146601	15.296773
54.146601	15.353651
57.322326	15.353651
57.322326	15.405511
60.054145	15.405511
60.054145	15.438497
62.487783	15.438497
& cycle # 6, chisq = 95151.397138, e = 54.509641
0.000000	4.647600
0.073406	4.647600
0.073406	5.193601
0.269430	5.193601
0.269430	5.354506
0.383222	5.354506
0.383222	5.461705
0.653402	5.461705
0.653402	5.570429
0.932151	5.570429
0.932151	5.642356
1.144522	5.642356
1.144522	5.729390
1.767297	5.729390
1.767297	5.818565
2.385754	5.818565
2.385754	5.886152
2.844876	5.886152
2.844876	6.045684
3.872369	6.045684
3.872369	6.439661
4.521649	6.439661
4.521649	6.836819
4.929804	6.836819
4.929804	7.218694
5.983132	7.218694
5.983132	7.554125
6.953144	7.554125
6.953144	7.775320
7.741023	7.775320
7.741023	8.064918
9.871385	8.064918
9.871385	8.441873
11.650330	8.441873
11.650330	8.791745
12.973231	8.791745
12.973231	9.340647
16.026467	9.340647
16.026467	9.828661
18.259005	9.828661
18.259005	9.986392
20.012019	9.986392
20.012019	10.113177
23.961862	10.113177
23.961862	10.323933
26.371374	10.323933
26.371374	10.592760
27.797824	10.592760
27.797824	11.084891
29.972619	11.084891
29.972619	11.627554
31.224064	11.627554
31.224064	11.888868
32.131315	11.888868
32.131315	12.185101
34.008570	12.185101
34.008570	12.458495
35.426460	12.458495
35.426460	12.586391
36.604016	12.586391
36.604016	12.714558
39.114257	12.714558
39.114257	12.882374
40.990172	12.882374
40.990172	13.058264
42.442947	13.058264
42.442947	13.376406
44.972228	13.376406
44.972228	13.860825
46.699629	13.860825
46.699629	14.270437
48.031301	14.270437
48.031301	14.696746
50.438050	14.696746
50.438050	15.049407
52.411326	15.049407
52.411326	15.265575
54.146601	15.265575
54.146601	15.493944
57.322326	15.493944
57.322326	15.713214
60.054145	15.713214
60.054145	15.857923
62.487783	15.857923
& cycle # 8, chisq = 115027.824054, e = 54.509641
0.000000	8.300772
0.050163	8.300772
0.050163	8.991785
0.185215	8.991785
0.185215	9.153857
0.263561	9.153857
0.263561	9.247052
0.450017	9.247052
0.450017	9.337116
0.642445	9.337116
0.642445	9.394907
0.788999	9.394907
0.788999	9.465439
1.220014	9.465439
1.220014	9.541407
1.654190	9.541407
1.654190	9.590728
1.996493	9.590728
1.996493	9.648491
2.968813	9.648491
2.968813	9.702467
3.908648	9.702467
3.908648	9.731150
4.649828	9.731150
4.649828	9.771043
6.508114	9.771043
6.508114	9.852119
7.786230	9.852119
7.786230	9.955751
8.560126	9.955751
8.560126	10.111045
10.193756	10.111045
10.193756	10.224776
11.542936	10.224776
11.542936	10.272977
12.647951	10.272977
12.647951	10.323304
15.631284	10.323304
15.631284	10.360646
18.061946	10.360646
18.061946	10.378445
19.993689	10.378445
19.993689	10.409849
24.224741	10.409849
24.224741	10.484270
26.631574	10.484270
26.631574	10.598860
27.961159	10.598860
27.961159	10.840662
29.883729	10.840662
29.883729	11.115147
31.032701	11.115147
31.032701	11.244170
31.919370	11.244170
31.919370	11.408948
33.859226	11.408948
33.859226	11.595674
35.340291	11.595674
35.340291	11.712867
36.556617	11.712867
36.556617	11.852944
39.126921	11.852944
39.126921	12.047695
41.031711	12.047695
41.031711	12.258208
42.497368	12.258208
42.497368	12.647829
45.032007	12.647829
45.032007	13.251427
46.749271	13.251427
46.749271	13.766187
48.070214	13.766187
48.070214	14.308359
50.464185	14.308359
50.464185	14.769310
52.429439	14.769310
52.429439	15.062423
54.158133	15.062423
54.158133	15.379668
57.326765	15.379668
57.326765	15.688519
60.051700	15.688519
60.051700	15.893985
62.479315	15.893985
& cycle # 1, chisq = 198207.166875, e = 54.639575
0.000000	6.739812
0.050163	6.739812
0.050163	7.350180
0.185215	7.350180
0.185215	7.488550
0.263561	7.488550
0.263561	7.571143
0.450017	7.571143
0.450017	7.655004
0.642445	7.655004
0.642445	7.711347
0.788999	7.711347
0.788999	7.783524
1.220014	7.783524
1.220014	7.865337
1.654190	7.865337
1.654190	7.921400
1.996493	7.921400
1.996493	7.991373
2.968813	7.991373
2.968813	8.062776
3.908648	8.062776
3.908648	8.107085
4.649828	8.107085
4.649828	8.181765
6.508114	8.181765
6.508114	8.346385
7.786230	8.346385
7.786230	8.565037
8.560126	8.565037
8.560126	8.912490
10.193756	8.912490
10.193756	9.198626
11.542936	9.198626
11.542936	9.339949
12.647951	9.339949
12.647951	9.499956
15.631284	9.499956
15.631284	9.631075
18.061946	9.631075
18.061946	9.705504
19.993689	9.705504
19.993689	9.850936
24.224741	9.850936
24.224741	10.196060
26.631574	10.196060
26.631574	10.715261
27.961159	10.715261
27.961159	11.753105
29.883729	11.753105
29.883729	12.795695
31.032701	12.795695
31.032701	13.158239
31.919370	13.158239
31.919370	13.520896
33.859226	13.520896
33.859226	13.871075
35.340291	13.871075
35.340291	14.037392
36.556617	14.037392
36.556617	14.155830
39.126921	14.155830
39.126921	14.259229
41.031711	14.259229
41.031711	14.351151
42.497368	14.351151
42.497368	14.507685
45.032007	14.507685
45.032007	14.734421
46.749271	14.734421
46.749271	14.912694
48.070214	14.912694
48.070214	15.077543
50.464185	15.077543
50.464185	15.193512
52.429439	15.193512
52.429439	15.254389
54.158133	15.254389
54.158133	15.313711
57.326765	15.313711
57.326765	15.368229
60.051700	15.368229
60.051700	15.403262
62.479315	15.403262
& cycle # 2, chisq = 165534.217397, e = 54.639575
0.000000	4.553549
0.050163	4.553549
0.050163	5.349915
0.185215	5.349915
0.185215	5.577172
0.263561	5.577172
0.263561	5.725105
0.450017	5.725105
0.450017	5.875872
0.642445	5.875872
0.642445	5.977630
0.788999	5.977630
0.788999	6.108740
1.220014	6.108740
1.220014	6.258367
1.654190	6.258367
1.654190	6.361688
1.996493	6.361688
1.996493	6.491868
2.968813	6.491868
2.968813	6.626431
3.908648	6.626431
3.908648	6.711642
4.649828	6.711642
4.649828	6.858193
6.508114	6.858193
6.508114	7.183214
7.786230	7.183214
7.786230	7.615347
8.560126	7.615347
8.560126	8.301094
10.193756	8.301094
10.193756	8.861605
11.542936	8.861605
11.542936	9.132607
12.647951	9.132607
12.647951	9.425877
15.631284	9.425877
15.631284	9.640110
18.061946	9.640110
18.061946	9.733941
19.993689	9.733941
19.993689	9.882699
24.224741	9.882699
24.224741	10.216339
26.631574	10.216339
26.631574	10.709251
27.961159	10.709251
27.961159	11.678501
29.883729	11.678501
29.883729	12.624471
31.032701	12.624471
31.032701	12.930591
31.919370	12.930591
31.919370	13.224329
33.859226	13.224329
33.859226	13.511357
35.340291	13.511357
35.340291	13.653869
36.556617	13.653869
36.556617	13.767612
39.126921	13.767612
39.126921	13.881974
41.031711	13.881974
41.031711	13.990780
42.497368	13.990780
42.497368	14.180853
45.032007	14.180853
45.032007	14.460996
46.749271	14.460996
46.749271	14.685510
48.070214	14.685510
48.070214	14.899515
50.464185	14.899515
50.464185	15.057306
52.429439	15.057306
52.429439	15.144481
54.158133	15.144481
54.158133	15.231802
57.326765	15.231802
57.326765	15.313205
60.051700	15.313205
60.051700	15.365956
62.479315	15.365956
& cycle # 3, chisq = 172633.748760, e = 54.639575
0.000000	6.657914
0.050163	6.657914
0.050163	7.327244
0.185215	7.327244
0.185215	7.488778
0.263561	7.488778
0.263561	7.586270
0.450017	7.586270
0.450017	7.683948
0.642445	7.683948
0.642445	7.748817
0.788999	7.748817
0.788999	7.830963
1.220014	7.830963
1.220014	7.923001
1.654190	7.923001
1.654190	7.985331
1.996493	7.985331
1.996493	8.062070
2.968813	8.062070
2.968813	8.138939
3.908648	8.138939
3.908648	8.185209
4.649828	8.185209
4.649828	8.260638
6.508114	8.260638
6.508114	8.424761
7.786230	8.424761
7.786230	8.641392
8.560126	8.641392
8.560126	8.982368
10.193756	8.982368
10.193756	9.258266
11.542936	9.258266
11.542936	9.391903
12.647951	9.391903
12.647951	9.542428
15.631284	9.542428
15.631284	9.666048
18.061946	9.666048
18.061946	9.736888
19.993689	9.736888
19.993689	9.876672
24.224741	9.876672
24.224741	10.210176
26.631574	10.210176
26.631574	10.714029
27.961159	10.714029
27.961159	11.728208
29.883729	11.728208
29.883729	12.761948
31.032701	12.761948
31.032701	13.135282
31.919370	13.135282
31.919370	13.518906
33.859226	13.518906
33.859226	13.890989
35.340291	13.890989
35.340291	14.067606
36.556617	14.067606
36.556617	14.192645
39.126921	14.192645
39.126921	14.300633
41.031711	14.300633
41.031711	14.395927
42.497368	14.395927
42.497368	14.557595
45.032007	14.557595
45.032007	14.791106
46.749271	14.791106
46.749271	14.974112
48.070214	14.974112
48.070214	15.142442
50.464185	15.142442
50.464185	15.259860
52.429439	15.259860
52.429439	15.320906
54.158133	15.320906
54.158133	15.380079
57.326765	15.380079
57.326765	15.434314
60.051700	15.434314
60.051700	15.469109
62.479315	15.469109
& cycle # 6, chisq = 165975.977050, e = 54.639575
0.000000	4.067324
0.050163	4.067324
0.050163	4.729865
0.185215	4.729865
0.185215	4.903780
0.263561	4.903780
0.263561	5.019049
0.450017	5.019049
0.450017	5.141660
0.642445	5.141660
0.642445	5.227788
0.788999	5.227788
0.788999	5.343559
1.220014	5.343559
1.220014	5.481589
1.654190	5.481589
1.654190	5.581225
1.996493	5.581225
1.996493	5.713139
2.968813	5.713139
2.968813	5.858120
3.908648	5.858120
3.908648	5.958273
4.649828	5.958273
4.649828	6.144539
6.508114	6.144539
6.508114	6.567226
7.786230	6.567226
7.786230	7.132192
8.560126	7.132192
8.560126	8.029624
10.193756	8.029624
10.193756	8.759032
11.542936	8.759032
11.542936	9.104964
12.647951	9.104964
12.647951	9.467620
15.631284	9.467620
15.631284	9.714159
18.061946	9.714159
18.061946	9.802124
19.993689	9.802124
19.993689	9.912533
24.224741	9.912533
24.224741	10.144702
26.631574	10.144702
26.631574	10.483993
27.961159	10.483993
27.961159	11.151481
29.883729	11.151481
29.883729	11.809041
31.032701	11.809041
31.032701	12.030631
31.919370	12.030631
31.919370	12.256720
33.859226	12.256720
33.859226	12.492072
35.340291	12.492072
35.340291	12.624557
36.556617	12.624557
36.556617	12.760518
39.126921	12.760518
39.126921	12.932455
41.031711	12.932455
41.031711	13.112621
42.497368	13.112621
42.497368	13.441687
45.032007	13.441687
45.032007	13.945692
46.749271	13.945692
46.749271	14.369529
48.070214	14.369529
48.070214	14.806382
50.464185	14.806382
50.464185	15.167310
52.429439	15.167310
52.429439	15.390956
54.158133	15.390956
54.158133	15.629731
57.326765	15.629731
57.326765	15.860440
60.051700	15.860440
60.051700	16.013237
62.479315	16.013237
& cycle # 8, chisq = 191431.410727, e = 54.639575
0.000000	6.003602
0.047901	6.003602
0.047901	6.542401
0.213461	6.542401
0.213461	6.772692
0.306605	6.772692
0.306605	6.907007
0.556144	6.907007
0.556144	7.026073
0.817645	7.026073
0.817645	7.098465
1.013426	7.098465
1.013426	7.185168
1.668028	7.185168
1.668028	7.262039
2.324495	7.262039
2.324495	7.300188
2.809196	7.300188
2.809196	7.380926
3.994778	7.380926
3.994778	7.626681
4.628536	7.626681
4.628536	7.910496
4.978160	7.910496
4.978160	8.153837
5.974543	8.153837
5.974543	8.341982
6.884459	8.341982
6.884459	8.458592
7.611787	8.458592
7.611787	8.610109
9.840868	8.610109
9.840868	8.800437
11.666801	8.800437
11.666801	8.986434
12.972996	8.986434
12.972996	9.342204
16.158184	9.342204
16.158184	9.704026
18.328853	9.704026
18.328853	9.851746
19.982776	9.851746
19.982776	10.089188
23.958410	10.089188
23.958410	10.556913
26.196647	10.556913
26.196647	11.016521
27.538534	11.016521
27.538534	11.547918
30.023630	11.547918
30.023630	12.085006
31.382007	12.085006
31.382007	12.564098
32.238721	12.564098
32.238721	13.225648
34.006490	13.225648
34.006490	13.643397
35.320027	13.643397
35.320027	13.760648
36.420741	13.760648
36.420741	13.856460
39.045219	13.856460
39.045219	13.951630
40.967261	13.951630
40.967261	14.039275
42.427352	14.039275
42.427352	14.209390
45.100828	14.209390
45.100828	14.489122
46.775322	14.489122
46.775322	14.721370
48.005971	14.721370
48.005971	14.944174
50.383469	14.944174
50.383469	15.099077
52.294625	15.099077
52.294625	15.181009
53.960153	15.181009
53.960153	15.267160
57.247475	15.267160
57.247475	15.348316
60.025239	15.348316
60.025239	15.399664
62.475217	15.399664
& cycle # 2, chisq = 138212.812922, e = 61.232554
0.000000	4.099531
0.047901	4.099531
0.047901	4.734693
0.213461	4.734693
0.213461	5.013475
0.306605	5.013475
0.306605	5.184569
0.556144	5.184569
0.556144	5.341598
0.817645	5.341598
0.817645	5.438629
1.013426	5.438629
1.013426	5.556982
1.668028	5.556982
1.668028	5.664963
2.324495	5.664963
2.324495	5.722041
2.809196	5.722041
2.809196	5.849760
3.994778	5.849760
3.994778	6.244532
4.628536	6.244532
4.628536	6.706555
4.978160	6.706555
4.978160	7.117032
5.974543	7.117032
5.974543	7.447440
6.884459	7.447440
6.884459	7.655305
7.611787	7.655305
7.611787	7.925232
9.840868	7.925232
9.840868	8.259874
11.666801	8.259874
11.666801	8.581404
12.972996	8.581404
12.972996	9.180131
16.158184	9.180131
16.158184	9.750982
18.328853	9.750982
18.328853	9.939356
19.982776	9.939356
19.982776	10.177852
23.958410	10.177852
23.958410	10.619560
26.196647	10.619560
26.196647	11.041996
27.538534	11.041996
27.538534	11.511152
30.023630	11.511152
30.023630	11.955468
31.382007	11.955468
31.382007	12.343277
32.238721	12.343277
32.238721	12.888724
34.006490	12.888724
34.006490	13.250075
35.320027	13.250075
35.320027	13.364414
36.420741	13.364414
36.420741	13.472605
39.045219	13.472605
39.045219	13.596534
40.967261	13.596534
40.967261	13.719224
42.427352	13.719224
42.427352	13.964027
45.100828	13.964027
45.100828	14.374055
46.775322	14.374055
46.775322	14.721736
48.005971	14.721736
48.005971	15.067934
50.383469	15.067934
50.383469	15.323641
52.294625	15.323641
52.294625	15.467547
53.960153	15.467547
53.960153	15.623932
57.247475	15.623932
57.247475	15.774498
60.025239	15.774498
60.025239	15.871437
62.475217	15.871437
& cycle # 3, chisq = 148278.780223, e = 61.232554
0.000000	5.740025
0.047901	5.740025
0.047901	7.376529
0.213461	7.376529
0.213461	7.721393
0.306605	7.721393
0.306605	7.885408
0.556144	7.885408
0.556144	8.019673
0.817645	8.019673
0.817645	8.096276
1.013426	8.096276
1.013426	8.183779
1.668028	8.183779
1.668028	8.257935
2.324495	8.257935
2.324495	8.291849
2.809196	8.291849
2.809196	8.358502
3.994778	8.358502
3.994778	8.557841
4.628536	8.557841
4.628536	8.785051
4.978160	8.785051
4.978160	8.972991
5.974543	8.972991
5.974543	9.111617
6.884459	9.111617
6.884459	9.195101
7.611787	9.195101
7.611787	9.300199
9.840868	9.300199
9.840868	9.428090
11.666801	9.428090
11.666801	9.551339
12.972996	9.551339
12.972996	9.786944
16.158184	9.786944
16.158184	10.028694
18.328853	10.028694
18.328853	10.130560
19.982776	10.130560
19.982776	10.300465
23.958410	10.300465
23.958410	10.641762
26.196647	10.641762
26.196647	10.984856
27.538534	10.984856
27.538534	11.405176
30.023630	11.405176
30.023630	11.874013
31.382007	11.874013
31.382007	12.311209
32.238721	12.311209
32.238721	12.919100
34.006490	12.919100
34.006490	13.306403
35.320027	13.306403
35.320027	13.416881
36.420741	13.416881
36.420741	13.508074
39.045219	13.508074
39.045219	13.599504
40.967261	13.599504
40.967261	13.684259
42.427352	13.684259
42.427352	13.849451
45.100828	13.849451
45.100828	14.122158
46.775322	14.122158
46.775322	14.349787
48.005971	14.349787
48.005971	14.570399
50.383469	14.570399
50.383469	14.726500
52.294625	14.726500
52.294625	14.810672
53.960153	14.810672
53.960153	14.900150
57.247475	14.900150
57.247475	14.985063
60.025239	14.985063
60.025239	15.039102
62.475217	15.039102
& cycle # 6, chisq = 140653.905786, e = 61.232554
0.000000	4.469255
0.047901	4.469255
0.047901	5.049363
0.213461	5.049363
0.213461	5.305692
0.306605	5.305692
0.306605	5.462304
0.556144	5.462304
0.556144	5.605986
0.817645	5.605986
0.817645	5.695219
1.013426	5.695219
1.013426	5.804622
1.668028	5.804622
1.668028	5.905055
2.324495	5.905055
2.324495	5.958748
2.809196	5.958748
2.809196	6.079935
3.994778	6.079935
3.994778	6.455174
4.628536	6.455174
4.628536	6.894784
4.978160	6.894784
4.978160	7.286064
5.974543	7.286064
5.974543	7.601108
6.884459	7.601108
6.884459	7.798765
7.611787	7.798765
7.611787	8.053696
9.840868	8.053696
9.840868	8.367010
11.666801	8.367010
11.666801	8.666557
12.972996	8.666557
12.972996	9.223267
16.158184	9.223267
16.158184	9.753321
18.328853	9.753321
18.328853	9.927715
19.982776	9.927715
19.982776	10.148235
23.958410	10.148235
23.958410	10.557625
26.196647	10.557625
26.196647	10.950745
27.538534	10.950745
27.538534	11.392477
30.023630	11.392477
30.023630	11.821084
31.382007	11.821084
31.382007	12.200396
32.238721	12.200396
32.238721	12.736615
34.006490	12.736615
34.006490	13.095517
35.320027	13.095517
35.320027	13.211795
36.420741	13.211795
36.420741	13.324758
39.045219	13.324758
39.045219	13.457150
40.967261	13.457150
40.967261	13.589663
42.427352	13.589663
42.427352	13.855280
45.100828	13.855280
45.100828	14.301674
46.775322	14.301674
46.775322	14.681727
48.005971	14.681727
48.005971	15.062882
50.383469	15.062882
50.383469	15.347593
52.294625	15.347593
52.294625	15.509603
53.960153	15.509603
53.960153	15.686706
57.247475	15.686706
57.247475	15.857903
60.025239	15.857903
60.025239	15.968492
62.475217	15.968492
& cycle # 11, chisq = 150246.760279, e = 61.232554
0.000000	5.107235
0.047901	5.107235
0.047901	5.705068
0.213461	5.705068
0.213461	5.957898
0.306605	5.957898
0.306605	6.107048
0.556144	6.107048
0.556144	6.240329
0.817645	6.240329
0.817645	6.321473
1.013426	6.321473
1.013426	6.419031
1.668028	6.419031
1.668028	6.506368
2.324495	6.506368
2.324495	6.550814
2.809196	6.550814
2.809196	6.647180
3.994778	6.647180
3.994778	6.942806
4.628536	6.942806
4.628536	7.286875
4.978160	7.286875
4.978160	7.588640
5.974543	7.588640
5.974543	7.829162
6.884459	7.829162
6.884459	7.981163
7.611787	7.981163
7.611787	8.182671
9.840868	8.182671
9.840868	8.440156
11.666801	8.440156
11.666801	8.692875
12.972996	8.692875
12.972996	9.172525
16.158184	9.172525
16.158184	9.647876
18.328853	9.647876
18.328853	9.826442
19.982776	9.826442
19.982776	10.089690
23.958410	10.089690
23.958410	10.595539
26.196647	10.595539
26.196647	11.085455
27.538534	11.085455
27.538534	11.636747
30.023630	11.636747
30.023630	12.168304
31.382007	12.168304
31.382007	12.633159
32.238721	12.633159
32.238721	13.277513
34.006490	13.277513
34.006490	13.689501
35.320027	13.689501
35.320027	13.809059
36.420741	13.809059
36.420741	13.911220
39.045219	13.911220
39.045219	14.017628
40.967261	14.017628
40.967261	14.118157
42.427352	14.118157
42.427352	14.315225
45.100828	14.315225
45.100828	14.641447
46.775322	14.641447
46.775322	14.914398
48.005971	14.914398
48.005971	15.179928
50.383469	15.179928
50.383469	15.368911
52.294625	15.368911
52.294625	15.471399
53.960153	15.471399
53.960153	15.580657
57.247475	15.580657
57.247475	15.684541
60.025239	15.684541
60.025239	15.750768
62.475217	15.750768
& cycle # 13, chisq = 141680.782820, e = 61.232554
0.000000	5.860090
0.067774	5.860090
0.067774	6.364026
0.260094	6.364026
0.260094	6.525324
0.370858	6.525324
0.370858	6.615856
0.641320	6.615856
0.641320	6.703734
0.921360	6.703734
0.921360	6.758859
1.133834	6.758859
1.133834	6.822235
1.776063	6.822235
1.776063	6.881432
2.410272	6.881432
2.410272	6.923801
2.870487	6.923801
2.870487	7.028315
3.881226	7.028315
3.881226	7.286562
4.493347	7.286562
4.493347	7.511614
4.887249	7.511614
4.887249	7.706597
5.966462	7.706597
5.966462	7.888755
6.961795	7.888755
6.961795	8.016498
7.761667	8.016498
7.761667	8.221527
9.916860	8.221527
9.916860	8.533152
11.637705	8.533152
11.637705	8.802135
12.912882	8.802135
12.912882	9.142452
16.088581	9.142452
16.088581	9.482758
18.414865	9.482758
18.414865	9.749193
20.130724	9.749193
20.130724	10.182042
23.833626	10.182042
23.833626	10.680657
26.164524	10.680657
26.164524	10.978931
27.691106	10.978931
27.691106	11.454741
30.183703	11.454741
30.183703	12.415723
31.392934	12.415723
31.392934	13.216497
32.173540	13.216497
32.173540	13.777391
33.892522	13.777391
33.892522	14.016455
35.295138	14.016455
35.295138	14.103691
36.483381	14.103691
36.483381	14.183006
39.082928	14.183006
39.082928	14.268680
41.002357	14.268680
41.002357	14.349846
42.471118	14.349846
42.471118	14.493318
45.035280	14.493318
45.035280	14.707459
46.741233	14.707459
46.741233	14.877425
48.041493	14.877425
48.041493	15.035765
50.434519	15.035765
50.434519	15.147916
52.391907	15.147916
52.391907	15.207931
54.110519	15.207931
54.110519	15.268085
57.311717	15.268085
57.311717	15.324013
60.054294	15.324013
60.054294	15.359976
62.492386	15.359976
& cycle # 2, chisq = 98702.788546, e = 56.064469
0.000000	4.268862
0.067774	4.268862
0.067774	4.824900
0.260094	4.824900
0.260094	5.014576
0.370858	5.014576
0.370858	5.127142
0.641320	5.127142
0.641320	5.238052
0.921360	5.238052
0.921360	5.308695
1.133834	5.308695
1.133834	5.391535
1.776063	5.391535
1.776063	5.471662
2.410272	5.471662
2.410272	5.531897
2.870487	5.531897
2.870487	5.683853
3.881226	5.683853
3.881226	6.063110
4.493347	6.063110
4.493347	6.397994
4.887249	6.397994
4.887249	6.696723
5.966462	6.696723
5.966462	6.982828
6.961795	6.982828
6.961795	7.186045
7.761667	7.186045
7.761667	7.513213
9.916860	7.513213
9.916860	8.006129
11.637705	8.006129
11.637705	8.423110
12.912882	8.423110
12.912882	8.923868
16.088581	8.923868
16.088581	9.381758
18.414865	9.381758
18.414865	9.715539
20.130724	9.715539
20.130724	10.235279
23.833626	10.235279
23.833626	10.799939
26.164524	10.799939
26.164524	11.097895
27.691106	11.097895
27.691106	11.512031
30.183703	11.512031
30.183703	12.323533
31.392934	12.323533
31.392934	12.999829
32.173540	12.999829
32.173540	13.478757
33.892522	13.478757
33.892522	13.690898
35.295138	13.690898
35.295138	13.774451
36.483381	13.774451
36.483381	13.858835
39.082928	13.858835
39.082928	13.959251
41.002357	13.959251
41.002357	14.058944
42.471118	14.058944
42.471118	14.238746
45.035280	14.238746
45.035280	14.510868
46.741233	14.510868
46.741233	14.730241
48.041493	14.730241
48.041493	14.939858
50.434519	14.939858
50.434519	15.094260
52.391907	15.094260
52.391907	15.180337
54.110519	15.180337
54.110519	15.268479
57.311717	15.268479
57.311717	15.351385
60.054294	15.351385
60.054294	15.405073
62.492386	15.405073
& cycle # 3, chisq = 103662.479901, e = 56.064469
0.000000	2.557069
0.067774	2.557069
0.067774	4.130514
0.260094	4.130514
0.260094	5.076009
0.370858	5.076009
0.370858	5.677673
0.641320	5.677673
0.641320	6.156709
0.921360	6.156709
0.921360	6.395124
1.133834	6.395124
1.133834	6.613449
1.776063	6.613449
1.776063	6.769638
2.410272	6.769638
2.410272	6.844254
2.870487	6.844254
2.870487	6.996378
3.881226	6.996378
3.881226	7.353598
4.493347	7.353598
4.493347	7.649664
4.887249	7.649664
4.887249	7.879415
5.966462	7.879415
5.966462	8.073436
6.961795	8.073436
6.961795	8.201163
7.761667	8.201163
7.761667	8.396412
9.916860	8.396412
9.916860	8.686218
11.637705	8.686218
11.637705	8.933774
12.912882	8.933774
12.912882	9.244725
16.088581	9.244725
16.088581	9.554629
18.414865	9.554629
18.414865	9.798836
20.130724	9.798836
20.130724	10.203149
23.833626	10.203149
23.833626	10.688658
26.164524	10.688658
26.164524	11.006427
27.691106	11.006427
27.691106	11.558224
30.183703	11.558224
30.183703	12.694969
31.392934	12.694969
31.392934	13.647361
32.173540	13.647361
32.173540	14.319702
33.892522	14.319702
33.892522	14.609010
35.295138	14.609010
35.295138	14.713460
36.483381	14.713460
36.483381	14.804810
39.082928	14.804810
39.082928	14.899400
41.002357	14.899400
41.002357	14.987040
42.471118	14.987040
42.471118	15.140554
45.035280	15.140554
45.035280	15.368456
46.741233	15.368456
46.741233	15.548406
48.041493	15.548406
48.041493	15.714759
50.434519	15.714759
50.434519	15.831252
52.391907	15.831252
52.391907	15.892903
54.110519	15.892903
54.110519	15.954416
57.311717	15.954416
57.311717	16.011507
60.054294	16.011507
60.054294	16.048184
62.492386	16.048184
& cycle # 6, chisq = 104970.760811, e = 56.064469
0.000000	5.385747
0.067774	5.385747
0.067774	6.379560
0.260094	6.379560
0.260094	6.790705
0.370858	6.790705
0.370858	7.053811
0.641320	7.053811
0.641320	7.302110
0.921360	7.302110
0.921360	7.451914
1.133834	7.451914
1.133834	7.613910
1.776063	7.613910
1.776063	7.747400
2.410272	7.747400
2.410272	7.824235
2.870487	7.824235
2.870487	7.992478
3.881226	7.992478
3.881226	8.385799
4.493347	8.385799
4.493347	8.703403
4.887249	8.703403
4.887249	8.928584
5.966462	8.928584
5.966462	9.093918
6.961795	9.093918
6.961795	9.187394
7.761667	9.187394
7.761667	9.308078
9.916860	9.308078
9.916860	9.467527
11.637705	9.467527
11.637705	9.592575
12.912882	9.592575
12.912882	9.729189
16.088581	9.729189
16.088581	9.837586
18.414865	9.837586
18.414865	9.910288
20.130724	9.910288
20.130724	10.026316
23.833626	10.026316
23.833626	10.166309
26.164524	10.166309
26.164524	10.262381
27.691106	10.262381
27.691106	10.440638
30.183703	10.440638
30.183703	10.826125
31.392934	10.826125
31.392934	11.171030
32.173540	11.171030
32.173540	11.460001
33.892522	11.460001
33.892522	11.641428
35.295138	11.641428
35.295138	11.745274
36.483381	11.745274
36.483381	11.889085
39.082928	11.889085
39.082928	12.101700
41.002357	12.101700
41.002357	12.334158
42.471118	12.334158
42.471118	12.775014
45.035280	12.775014
45.035280	13.472051
46.741233	13.472051
46.741233	14.065867
48.041493	14.065867
48.041493	14.687277
50.434519	14.687277
50.434519	15.208926
52.391907	15.208926
52.391907	15.538785
54.110519	15.538785
54.110519	15.900275
57.311717	15.900275
57.311717	16.253857
60.054294	16.253857
60.054294	16.488393
62.492386	16.488393
& cycle # 8, chisq = 139705.999595, e = 56.064469
0.000000	4.818940
0.067774	4.818940
0.067774	5.344698
0.260094	5.344698
0.260094	5.526096
0.370858	5.526096
0.370858	5.635526
0.641320	5.635526
0.641320	5.745130
0.921360	5.745130
0.921360	5.815924
1.133834	5.815924
1.133834	5.900081
1.776063	5.900081
1.776063	5.982946
2.410272	5.982946
2.410272	6.046552
2.870487	6.046552
2.870487	6.208050
3.881226	6.208050
3.881226	6.610897
4.493347	6.610897
4.493347	6.965268
4.887249	6.965268
4.887249	7.276391
5.966462	7.276391
5.966462	7.565447
6.961795	7.565447
6.961795	7.762787
7.761667	7.762787
7.761667	8.066195
9.916860	8.066195
9.916860	8.507159
11.637705	8.507159
11.637705	8.867673
12.912882	8.867673
12.912882	9.272570
16.088581	9.272570
16.088581	9.602244
18.414865	9.602244
18.414865	9.822396
20.130724	9.822396
20.130724	10.157725
23.833626	10.157725
23.833626	10.522579
26.164524	10.522579
26.164524	10.721483
27.691106	10.721483
27.691106	11.013515
30.183703	11.013515
30.183703	11.601584
31.392934	11.601584
31.392934	12.104504
32.173540	12.104504
32.173540	12.485083
33.892522	12.485083
33.892522	12.682129
35.295138	12.682129
35.295138	12.776269
36.483381	12.776269
36.483381	12.890373
39.082928	12.890373
39.082928	13.046013
41.002357	13.046013
41.002357	13.210403
42.471118	13.210403
42.471118	13.516166
45.035280	13.516166
45.035280	13.990923
46.741233	13.990923
46.741233	14.386032
48.041493	14.386032
48.041493	14.784111
50.434519	14.784111
50.434519	15.101317
52.391907	15.101317
52.391907	15.292572
54.110519	15.292572
54.110519	15.496947
57.311717	15.496947
57.311717	15.693971
60.054294	15.693971
60.054294	15.823511
62.492386	15.823511
& cycle # 9, chisq = 116386.650525, e = 56.064469
0.000000	7.820027
0.059060	7.820027
0.059060	8.448391
0.224419	8.448391
0.224419	8.627801
0.319835	8.627801
0.319835	8.724746
0.551256	8.724746
0.551256	8.816310
0.790664	8.816310
0.790664	8.873202
0.972491	8.873202
0.972491	8.940437
1.518384	8.940437
1.518384	9.008060
2.068532	9.008060
2.068532	9.046171
2.500516	9.046171
2.500516	9.082415
3.711109	9.082415
3.711109	9.128508
4.699694	9.128508
4.699694	9.188815
5.309428	9.188815
5.309428	9.333842
6.454885	9.333842
6.454885	9.514991
7.258970	9.514991
7.258970	9.583970
7.892909	9.583970
7.892909	9.653592
9.673936	9.653592
9.673936	9.721330
11.271396	9.721330
11.271396	9.759289
12.577807	9.759289
12.577807	9.797639
16.067302	9.797639
16.067302	9.840469
18.626700	9.840469
18.626700	9.883468
20.436257	9.883468
20.436257	9.973909
23.982100	9.973909
23.982100	10.110124
26.054412	10.110124
26.054412	10.197049
27.447596	10.197049
27.447596	10.317113
29.965988	10.317113
29.965988	10.550318
31.332655	10.550318
31.332655	10.799049
32.205578	10.799049
32.205578	11.095402
33.970924	11.095402
33.970924	11.307405
35.357937	11.307405
35.357937	11.418506
36.530737	11.418506
36.530737	11.575729
39.087125	11.575729
39.087125	11.813236
40.985767	11.813236
40.985767	12.074442
42.446644	12.074442
42.446644	12.568765
45.003245	12.568765
45.003245	13.351708
46.718072	13.351708
46.718072	14.029547
48.027827	14.029547
48.027827	14.755579
50.423308	14.755579
50.423308	15.377081
52.381289	15.377081
52.381289	15.772756
54.100609	15.772756
54.100609	16.205688
57.289421	16.205688
57.289421	16.629480
60.024054	16.629480
60.024054	16.911443
62.456326	16.911443
& cycle # 1, chisq = 184824.887806, e = 55.690055
0.000000	5.598034
0.059060	5.598034
0.059060	6.187173
0.224419	6.187173
0.224419	6.366418
0.319835	6.366418
0.319835	6.470432
0.551256	6.470432
0.551256	6.573737
0.790664	6.573737
0.790664	6.641041
0.972491	6.641041
0.972491	6.724738
1.518384	6.724738
1.518384	6.813926
2.068532	6.813926
2.068532	6.868236
2.500516	6.868236
2.500516	6.928981
3.711109	6.928981
3.711109	7.022593
4.699694	7.022593
4.699694	7.154234
5.309428	7.154234
5.309428	7.485505
6.454885	7.485505
6.454885	7.931973
7.258970	7.931973
7.258970	8.133910
7.892909	8.133910
7.892909	8.371986
9.673936	8.371986
9.673936	8.629488
11.271396	8.629488
11.271396	8.791287
12.577807	8.791287
12.577807	8.986336
16.067302	8.986336
16.067302	9.242584
18.626700	9.242584
18.626700	9.512530
20.436257	9.512530
20.436257	10.070221
23.982100	10.070221
23.982100	10.854956
26.054412	10.854956
26.054412	11.268251
27.447596	11.268251
27.447596	11.669852
29.965988	11.669852
29.965988	12.328224
31.332655	12.328224
31.332655	12.972532
32.205578	12.972532
32.205578	13.633399
33.970924	13.633399
33.970924	13.972763
35.357937	13.972763
35.357937	14.071126
36.530737	14.071126
36.530737	14.153729
39.087125	14.153729
39.087125	14.242118
40.985767	14.242118
40.985767	14.325185
42.446644	14.325185
42.446644	14.470557
45.003245	14.470557
45.003245	14.686632
46.718072	14.686632
46.718072	14.859932
48.027827	14.859932
48.027827	15.024101
50.423308	15.024101
50.423308	15.141728
52.381289	15.141728
52.381289	15.204422
54.100609	15.204422
54.100609	15.266705
57.289421	15.266705
57.289421	15.324463
60.024054	15.324463
60.024054	15.361617
62.456326	15.361617
& cycle # 2, chisq = 134513.679558, e = 55.690055
0.000000	4.651251
0.059060	4.651251
0.059060	5.280065
0.224419	5.280065
0.224419	5.483232
0.319835	5.483232
0.319835	5.606560
0.551256	5.606560
0.551256	5.730589
0.790664	5.730589
0.790664	5.812319
0.972491	5.812319
0.972491	5.915176
1.518384	5.915176
1.518384	6.026211
2.068532	6.026211
2.068532	6.094931
2.500516	6.094931
2.500516	6.174106
3.711109	6.174106
3.711109	6.299624
4.699694	6.299624
4.699694	6.477678
5.309428	6.477678
5.309428	6.927612
6.454885	6.927612
6.454885	7.537250
7.258970	7.537250
7.258970	7.815197
7.892909	7.815197
7.892909	8.142356
9.673936	8.142356
9.673936	8.491398
11.271396	8.491398
11.271396	8.704167
12.577807	8.704167
12.577807	8.944215
16.067302	8.944215
16.067302	9.238540
18.626700	9.238540
18.626700	9.538748
20.436257	9.538748
20.436257	10.148477
23.982100	10.148477
23.982100	10.988567
26.054412	10.988567
26.054412	11.408762
27.447596	11.408762
27.447596	11.773861
29.965988	11.773861
29.965988	12.343893
31.332655	12.343893
31.332655	12.900457
32.205578	12.900457
32.205578	13.475717
33.970924	13.475717
33.970924	13.778402
35.357937	13.778402
35.357937	13.872275
36.530737	13.872275
36.530737	13.958636
39.087125	13.958636
39.087125	14.058632
40.985767	14.058632
40.985767	14.156324
42.446644	14.156324
42.446644	14.330190
45.003245	14.330190
45.003245	14.591599
46.718072	14.591599
46.718072	14.803910
48.027827	14.803910
48.027827	15.009127
50.423308	15.009127
50.423308	15.160843
52.381289	15.160843
52.381289	15.244503
54.100609	15.244503
54.100609	15.329166
57.289421	15.329166
57.289421	15.408466
60.024054	15.408466
60.024054	15.459798
62.456326	15.459798
& cycle # 3, chisq = 138384.380051, e = 55.690055
0.000000	4.755711
0.059060	4.755711
0.059060	5.655670
0.224419	5.655670
0.224419	5.949871
0.319835	5.949871
0.319835	6.124381
0.551256	6.124381
0.551256	6.291130
0.790664	6.291130
0.790664	6.396252
0.972491	6.396252
0.972491	6.522935
1.518384	6.522935
1.518384	6.653715
2.068532	6.653715
2.068532	6.730387
2.500516	6.730387
2.500516	6.810301
3.711109	6.810301
3.711109	6.924634
4.699694	6.924634
4.699694	7.081386
5.309428	7.081386
5.309428	7.469910
6.454885	7.469910
6.454885	7.980918
7.258970	7.980918
7.258970	8.200604
7.892909	8.200604
7.892909	8.449225
9.673936	8.449225
9.673936	8.711524
11.271396	8.711524
11.271396	8.872516
12.577807	8.872516
12.577807	9.060866
16.067302	9.060866
16.067302	9.302794
18.626700	9.302794
18.626700	9.556246
20.436257	9.556246
20.436257	10.080758
23.982100	10.080758
23.982100	10.823025
26.054412	10.823025
26.054412	11.220558
27.447596	11.220558
27.447596	11.620963
29.965988	11.620963
29.965988	12.288585
31.332655	12.288585
31.332655	12.944812
32.205578	12.944812
32.205578	13.621095
33.970924	13.621095
33.970924	13.971348
35.357937	13.971348
35.357937	14.074096
36.530737	14.074096
36.530737	14.160641
39.087125	14.160641
39.087125	14.253150
40.985767	14.253150
40.985767	14.339937
42.446644	14.339937
42.446644	14.491600
45.003245	14.491600
45.003245	14.716725
46.718072	14.716725
46.718072	14.896982
48.027827	14.896982
48.027827	15.067256
50.423308	15.067256
50.423308	15.188699
52.381289	15.188699
52.381289	15.253094
54.100609	15.253094
54.100609	15.316884
57.289421	15.316884
57.289421	15.375945
60.024054	15.375945
60.024054	15.413902
62.456326	15.413902
& cycle # 6, chisq = 135664.220459, e = 55.690055
0.000000	6.065576
0.059060	6.065576
0.059060	7.763348
0.224419	7.763348
0.224419	8.173732
0.319835	8.173732
0.319835	8.382109
0.551256	8.382109
0.551256	8.564106
0.790664	8.564106
0.790664	8.671107
0.972491	8.671107
0.972491	8.792370
1.518384	8.792370
1.518384	8.910344
2.068532	8.910344
2.068532	8.974879
2.500516	8.974879
2.500516	9.033519
3.711109	9.033519
3.711109	9.103842
4.699694	9.103842
4.699694	9.193893
5.309428	9.193893
5.309428	9.408546
6.454885	9.408546
6.454885	9.673275
7.258970	9.673275
7.258970	9.771118
7.892909	9.771118
7.892909	9.867304
9.673936	9.867304
9.673936	9.959433
11.271396	9.959433
11.271396	10.010214
12.577807	10.010214
12.577807	10.060051
16.067302	10.060051
16.067302	10.113746
18.626700	10.113746
18.626700	10.166656
20.436257	10.166656
20.436257	10.276567
23.982100	10.276567
23.982100	10.438757
26.054412	10.438757
26.054412	10.537561
27.447596	10.537561
27.447596	10.665216
29.965988	10.665216
29.965988	10.906806
31.332655	10.906806
31.332655	11.161120
32.205578	11.161120
32.205578	11.456839
33.970924	11.456839
33.970924	11.657634
35.357937	11.657634
35.357937	11.754986
36.530737	11.754986
36.530737	11.885313
39.087125	11.885313
39.087125	12.076582
40.985767	12.076582
40.985767	12.284341
42.446644	12.284341
42.446644	12.674750
45.003245	12.674750
45.003245	13.289252
46.718072	13.289252
46.718072	13.817243
48.027827	13.817243
48.027827	14.376338
50.423308	14.376338
50.423308	14.848017
52.381289	14.848017
52.381289	15.144628
54.100609	15.144628
54.100609	15.467305
57.289421	15.467305
57.289421	15.782295
60.024054	15.782295
60.024054	15.991592
62.456326	15.991592
& cycle # 8, chisq = 169635.359918, e = 55.690055
