15.000000	379.925929
14.970000	375.907116
14.800500	371.897517
14.688000	367.857751
14.640000	363.710249
14.604000	359.581694
14.574000	355.514552
14.547000	351.403020
14.521500	347.159112
14.499000	343.150614
14.476500	338.922790
14.455500	334.805180
14.434500	330.547411
14.415000	326.489554
14.395500	322.350201
14.376000	318.146606
14.356500	313.895276
14.337000	309.612474
14.317500	305.314598
14.298000	301.018245
14.278500	296.739947
14.259000	292.495677
14.239500	288.300303
14.220000	284.167187
14.200500	280.108022
14.179500	275.830913
14.158500	271.662356
14.137500	267.612257
14.115000	263.414762
14.092500	259.374488
14.068500	255.249278
14.043000	251.086219
14.016000	246.935788
13.987500	242.849803
13.956000	238.689684
13.921500	234.559593
13.882500	230.417052
13.837500	226.310072
13.783500	222.288119
13.710000	218.258579
13.572000	214.243545
12.999000	210.216229
12.855000	206.187019
12.748500	202.151239
12.655500	198.114139
12.568500	194.084808
12.483000	190.041590
12.396000	186.015304
12.303000	181.998202
12.198000	177.992109
12.067500	173.979444
11.851500	169.972294
11.064000	165.969443
10.894500	161.933442
10.780500	157.885039
10.689000	153.815074
10.611000	149.795971
10.540500	145.765027
10.474500	141.674361
10.413000	137.602737
10.354500	133.512469
10.299000	129.456431
10.245000	125.372070
10.192500	121.299180
10.141500	117.272386
10.090500	113.197546
10.039500	109.090234
9.990000	105.083493
9.940500	101.066511
0.000000	0.000000
& cycle # 1, chisq = 2170.051162, e = 33.192634
15.000000	381.345955
14.995500	376.966826
14.991000	372.817938
14.985000	367.630795
14.979000	362.815734
14.973000	358.350885
14.967000	354.217365
14.959500	349.490144
14.952000	345.220767
14.943000	340.655660
14.934000	336.647245
14.923500	332.605451
14.910000	328.299566
14.893500	324.207808
14.869500	320.112127
14.812500	316.076349
14.619000	312.008836
14.569500	307.868583
14.532000	303.746957
14.500500	299.738659
14.470500	295.558594
14.442000	291.352767
14.415000	287.236905
14.388000	283.062669
14.361000	278.891437
14.334000	274.778802
14.307000	270.775924
14.278500	266.721308
14.248500	262.693899
14.215500	258.599388
14.179500	254.576924
14.137500	250.502394
14.086500	246.461850
14.016000	242.452826
13.801500	238.452680
13.434000	234.447576
13.338000	230.404879
13.264500	226.367457
13.201500	222.349888
13.143000	218.250196
13.089000	214.240216
13.036500	210.218995
12.984000	206.153056
12.931500	202.108046
12.877500	198.030567
12.822000	193.990434
12.763500	189.965455
12.699000	185.877510
12.627000	181.808544
12.543000	177.753816
12.438000	173.731277
12.280500	169.724858
11.065500	165.724054
10.756500	161.701919
10.633500	157.695148
10.548000	153.619316
10.482000	149.594661
10.426500	145.551947
10.378500	141.536555
10.335000	137.459343
10.296000	133.433091
10.260000	129.392376
10.225500	125.217338
10.194000	121.138855
10.164000	117.012717
10.135500	112.871064
10.108500	108.746522
10.083000	104.671523
10.057500	100.422943
0.000000	0.000000
& cycle # 2, chisq = 1889.498776, e = 33.192634
15.000000	414.283760
14.994000	409.461534
14.988000	405.027548
14.982000	400.958588
14.974500	396.355668
14.967000	392.251682
14.958000	387.927856
14.947500	383.629706
14.935500	379.589266
14.919000	375.333286
14.895000	371.275611
14.748000	367.245840
14.674500	363.184389
14.637000	358.996168
14.608500	354.860773
14.584500	350.789966
14.562000	346.537090
14.541000	342.236813
14.521500	338.001953
14.503500	333.922173
14.485500	329.710684
14.467500	325.397729
14.451000	321.380069
14.434500	317.323758
14.418000	313.250405
14.401500	309.181195
14.385000	305.136691
14.368500	301.136487
14.350500	296.844552
14.332500	292.648413
14.314500	288.566776
14.295000	284.292691
14.275500	280.188708
14.254500	275.975339
14.232000	271.714346
14.208000	267.473796
14.182500	263.326858
14.154000	259.140902
14.122500	255.069271
14.085000	250.966434
14.038500	246.937813
13.971000	242.933615
13.593000	238.925753
13.429500	234.867470
13.344000	230.789338
13.278000	226.769797
13.219500	222.678934
13.165500	218.564049
13.114500	214.464441
13.065000	210.360257
13.017000	206.329354
12.969000	202.314675
12.919500	198.260783
12.868500	194.243368
12.814500	190.227975
12.756000	186.208944
12.690000	182.138885
12.613500	178.090606
12.517500	174.068820
12.372000	170.056163
10.942500	166.047398
10.728000	162.044525
10.629000	157.989344
10.560000	153.989206
10.504500	149.941417
10.458000	145.905718
10.417500	141.864303
10.381500	137.828763
10.348500	133.741256
10.318500	129.688262
10.290000	125.529937
10.263000	121.305905
10.237500	117.056611
10.213500	112.822404
10.191000	108.642832
10.170000	104.556126
10.149000	100.287907
0.000000	0.000000
& cycle # 3, chisq = 1842.106373, e = 33.192634
15.000000	389.922768
14.772000	385.849241
14.718000	381.751306
14.679000	377.576173
14.647500	373.485010
14.619000	369.260535
14.593500	365.085195
14.569500	360.840432
14.547000	356.610359
14.526000	352.468144
14.505000	348.161541
14.485500	344.034135
14.466000	339.799683
14.446500	335.473882
14.428500	331.413495
14.410500	327.301831
14.392500	323.152457
14.374500	318.979230
14.356500	314.795837
14.338500	310.615312
14.320500	306.449667
14.302500	302.309741
14.284500	298.205289
14.266500	294.145233
14.248500	290.137979
14.229000	285.865851
14.209500	281.675553
14.190000	277.577199
14.169000	273.277526
14.148000	269.106816
14.127000	265.074597
14.104500	260.916719
14.080500	256.674457
14.056500	252.637007
14.031000	248.576149
14.004000	244.537309
13.974000	240.368203
13.942500	236.354341
13.906500	232.222880
13.866000	228.145662
13.818000	224.060809
13.758000	220.004965
13.672500	215.990440
13.213500	211.989769
12.933000	207.963343
12.805500	203.942838
12.703500	199.918114
12.612000	195.886961
12.523500	191.819476
12.435000	187.780226
12.342000	183.736322
12.240000	179.731808
12.115500	175.720598
11.925000	171.707337
11.151000	167.686405
10.972500	163.677205
10.857000	159.642849
10.764000	155.595261
10.683000	151.542266
10.609500	147.479680
10.542000	143.467571
10.477500	139.434658
10.414500	135.369338
10.353000	131.342034
10.291500	127.311482
10.228500	123.227087
10.164000	119.137531
10.098000	115.100887
10.027500	111.023191
9.951000	106.960481
9.864000	102.895865
0.000000	0.000000
& cycle # 4, chisq = 2218.460053, e = 33.192634
15.000000	328.538126
14.989500	324.025183
14.977500	319.661759
14.964000	315.634786
14.946000	311.505454
14.919000	307.409288
14.757000	303.399700
14.650500	299.312792
14.599500	295.182556
14.559000	291.095860
14.523000	287.028582
14.488500	282.882941
14.455500	278.812431
14.422500	274.751181
14.388000	270.618769
14.352000	266.523009
14.313000	262.424241
14.269500	258.360275
14.217000	254.264635
14.146500	250.199136
13.995000	246.197133
13.573500	242.155616
13.477500	238.092494
13.407000	234.074821
13.347000	230.056238
13.293000	226.054456
13.242000	222.011603
13.192500	217.908309
13.144500	213.825644
13.096500	209.708765
13.048500	205.624541
12.999000	201.510010
12.948000	197.430009
12.894000	193.337640
12.837000	189.323272
12.774000	185.308881
12.700500	181.247464
12.610500	177.217225
12.484500	173.209274
12.073500	169.208453
10.797000	165.187946
10.684500	161.161612
10.609500	157.066933
10.552500	153.007831
10.506000	149.000671
10.465500	144.950927
10.429500	140.881957
10.396500	136.741417
10.366500	132.619408
10.339500	128.605348
10.314000	124.539131
10.290000	120.459083
10.267500	116.403770
10.245000	112.118708
10.224000	107.906153
10.204500	103.805503
0.000000	0.000000
& cycle # 5, chisq = 1830.692947, e = 33.192634
15.000000	379.925929
14.776500	375.863379
14.724000	371.799994
14.686500	367.768889
14.655000	363.671017
14.628000	359.670131
14.602500	355.512023
14.578500	351.293759
14.556000	347.096963
14.535000	342.989448
14.514000	338.718021
14.494500	334.623500
14.475000	330.424460
14.455500	326.140195
14.437500	322.126435
14.419500	318.070727
14.401500	313.986318
14.383500	309.885359
14.365500	305.779165
14.347500	301.678596
14.329500	297.594412
14.311500	293.537451
14.293500	289.518594
14.274000	285.220226
14.254500	280.991999
14.235000	276.845567
14.215500	272.791042
14.194500	268.537138
14.173500	264.408465
14.151000	260.132239
14.128500	256.016278
14.104500	251.810916
14.080500	247.804729
14.055000	243.774656
14.028000	239.769247
13.998000	235.639796
13.965000	231.487918
13.929000	227.417450
13.888500	223.392392
13.840500	219.348214
13.780500	215.330457
13.693500	211.310372
13.219500	207.307980
12.939000	203.270102
12.808500	199.262420
12.703500	195.252211
12.607500	191.209279
12.516000	187.203459
12.423000	183.167532
12.324000	179.132497
12.211500	175.094281
12.070500	171.078524
11.809500	167.075863
11.059500	163.056379
10.909500	159.030077
10.804500	154.984851
10.720500	150.966745
10.647000	146.888135
10.581000	142.804019
10.521000	138.766706
10.464000	134.659053
10.411500	130.650414
10.360500	126.559719
10.312500	122.546115
10.266000	118.523718
10.219500	114.389239
10.174500	110.301308
10.131000	106.285529
10.087500	102.220478
0.000000	0.000000
& cycle # 1, chisq = 2162.378430, e = 32.689073
15.000000	381.345955
14.994000	376.286108
14.988000	371.563765
14.982000	367.162304
14.976000	363.062992
14.968500	358.339486
14.961000	354.035913
14.952000	349.389447
14.943000	345.265165
14.932500	341.054080
14.920500	336.952867
14.905500	332.765442
14.886000	328.647750
14.856000	324.599889
14.667000	320.585410
14.589000	316.484932
14.545500	312.450648
14.511000	308.417689
14.481000	304.382874
14.452500	300.166772
14.427000	296.138279
14.401500	291.921840
14.377500	287.826117
14.353500	283.646989
14.329500	279.422450
14.305500	275.189894
14.281500	270.985839
14.257500	266.844798
14.233500	262.797844
14.208000	258.630693
14.182500	254.625748
14.155500	250.585042
14.127000	246.564237
14.095500	242.434566
14.061000	238.313156
14.022000	234.179547
13.977000	230.107512
13.921500	226.075071
13.843500	222.074214
13.470000	218.072714
13.167000	214.051191
13.050000	210.030769
12.957000	205.981325
12.874500	201.915754
12.798000	197.886381
12.723000	193.838210
12.648000	189.826628
12.570000	185.804172
12.486000	181.748445
12.393000	177.721938
12.282000	173.700905
12.132000	169.691100
11.712000	165.690912
11.008500	161.674020
10.851000	157.659644
10.740000	153.648044
10.651500	149.640173
10.576500	145.638679
10.510500	141.624097
10.450500	137.536234
10.396500	133.465304
10.347000	129.379680
10.302000	125.352407
10.260000	121.311339
10.221000	117.305214
10.183500	113.214249
10.147500	109.057841
10.114500	105.041950
10.083000	101.015979
0.000000	0.000000
& cycle # 2, chisq = 2059.848765, e = 32.689073
15.000000	414.283760
14.994000	410.042092
14.986500	405.257794
14.979000	401.007200
14.970000	396.554298
14.959500	392.161497
14.947500	388.068288
14.931000	383.809680
14.905500	379.671916
14.751000	375.633305
14.694000	371.511852
14.661000	367.373200
14.635500	363.311832
14.613000	359.146390
14.593500	355.133441
14.575500	351.131530
14.557500	346.878757
14.541000	342.791225
14.524500	338.552596
14.508000	334.191604
14.493000	330.144328
14.478000	326.038982
14.463000	321.894770
14.448000	317.730166
14.433000	313.563047
14.418000	309.410777
14.403000	305.290179
14.388000	301.217417
14.373000	297.207782
14.356500	292.886991
14.340000	288.676745
14.323500	284.591912
14.305500	280.293566
14.287500	276.173039
14.268000	271.922393
14.248500	267.904134
14.227500	263.846261
14.205000	259.817057
14.179500	255.655901
14.151000	251.516946
14.118000	247.388930
14.079000	243.388670
14.026500	239.370649
13.932000	235.352322
13.522500	231.307248
13.422000	227.281966
13.350000	223.225439
13.290000	219.198094
13.236000	215.180267
13.185000	211.146244
13.135500	207.098669
13.086000	203.001765
13.036500	198.931285
12.985500	194.843285
12.933000	190.828410
12.876000	186.776476
12.813000	182.750087
12.739500	178.718517
12.646500	174.686561
12.501000	170.684000
11.628000	166.676621
10.860000	162.672610
10.750500	158.606551
10.683000	154.526171
10.632000	150.440747
10.590000	146.331928
10.554000	142.217198
10.522500	138.129213
10.494000	134.010212
10.468500	129.965604
10.444500	125.832587
10.422000	121.657178
10.401000	117.486854
10.381500	113.369735
10.363500	109.353744
10.345500	105.125176
10.329000	101.057790
0.000000	0.000000
& cycle # 3, chisq = 1838.056723, e = 32.689073
15.000000	389.922768
14.626500	385.911946
14.541000	381.819822
14.484000	377.706601
14.439000	373.636147
14.400000	369.511891
14.365500	365.412206
14.334000	361.316242
14.304000	357.118287
14.277000	353.104034
14.250000	348.876757
14.224500	344.699671
14.200500	340.616093
14.176500	336.397915
14.154000	332.333590
14.131500	328.175044
14.109000	323.933557
14.088000	319.909261
14.067000	315.829802
14.046000	311.702875
14.025000	307.536297
14.004000	303.338327
13.983000	299.117825
13.962000	294.884192
13.941000	290.647115
13.920000	286.416203
13.899000	282.200608
13.878000	278.008744
13.857000	273.848169
13.836000	269.725635
13.815000	265.647284
13.794000	261.618916
13.771500	257.364768
13.749000	253.181711
13.726500	249.077081
13.704000	245.058274
13.680000	240.874217
13.656000	236.803960
13.630500	232.611650
13.605000	228.562062
13.578000	224.435103
13.549500	220.262536
13.519500	216.077529
13.488000	211.915055
13.455000	207.812358
13.420500	203.808897
13.383000	199.791140
13.341000	195.702641
13.294500	191.671750
13.240500	187.613829
13.176000	183.582456
13.092000	179.537122
12.961500	175.532805
12.001500	171.530235
11.052000	167.501754
10.914000	163.451588
10.824000	159.428776
10.753500	155.393884
10.693500	151.287964
10.642500	147.274724
10.596000	143.172505
10.554000	139.090461
10.515000	134.973412
10.479000	130.892327
10.444500	126.729403
10.413000	122.715245
10.383000	118.705285
10.353000	114.515164
10.324500	110.369561
10.297500	106.295331
10.270500	102.079536
0.000000	0.000000
& cycle # 4, chisq = 1812.074267, e = 32.689073
15.000000	328.538126
14.991000	324.139261
14.980500	319.686384
14.968500	315.391578
14.953500	311.063713
14.934000	306.887340
14.902500	302.756263
14.706000	298.724539
14.635500	294.723549
14.589000	290.581558
14.551500	286.560526
14.517000	282.472067
14.484000	278.338139
14.452500	274.301039
14.421000	270.277060
14.388000	266.170095
14.353500	262.081260
14.316000	257.958471
14.274000	253.828045
14.226000	249.825399
14.163000	245.786438
14.053500	241.753930
13.609500	237.714902
13.504500	233.682237
13.431000	229.652867
13.369500	225.601079
13.314000	221.508049
13.263000	217.460889
13.213500	213.340037
13.165500	209.229063
13.119000	205.204160
13.072500	201.202471
13.024500	197.159495
12.975000	193.141664
12.922500	189.101500
12.865500	185.025475
12.802500	180.955036
12.730500	176.926644
12.640500	172.872202
12.511500	168.852591
11.680500	164.849433
10.771500	160.835147
10.654500	156.785193
10.581000	152.785105
10.524000	148.711597
10.477500	144.671290
10.437000	140.577762
10.401000	136.458449
10.368000	132.262155
10.338000	128.081176
10.311000	124.007031
10.285500	119.877822
10.261500	115.732956
10.239000	111.612165
10.218000	107.555115
10.197000	103.289219
0.000000	0.000000
& cycle # 5, chisq = 1824.276501, e = 32.689073
15.000000	379.925929
14.956500	375.889061
14.737500	371.837771
14.680500	367.760761
14.641500	363.663544
14.610000	359.605186
14.581500	355.402759
14.556000	351.254105
14.532000	347.046266
14.509500	342.862692
14.488500	338.775556
14.467500	334.538549
14.448000	330.493417
14.428500	326.363375
14.409000	322.168526
14.389500	317.927520
14.370000	313.657705
14.350500	309.375590
14.331000	305.097354
14.311500	300.839150
14.292000	296.617070
14.272500	292.446800
14.253000	288.343105
14.233500	284.319340
14.212500	280.088743
14.191500	275.976547
14.169000	271.713526
14.146500	267.608612
14.122500	263.414677
14.097000	259.178496
14.070000	254.951742
14.041500	250.789873
14.011500	246.749728
13.978500	242.711985
13.941000	238.633335
13.897500	234.557864
13.845000	230.525627
13.774500	226.505044
13.645500	222.502345
13.090500	218.499462
12.949500	214.455470
12.847500	210.426498
12.760500	206.420740
12.679500	202.395143
12.600000	198.317995
12.520500	194.245158
12.439500	190.235634
12.351000	186.179500
12.250500	182.149131
12.126000	178.146025
11.923500	174.129097
11.130000	170.117150
10.951500	166.073891
10.831500	162.031147
10.735500	158.008029
10.651500	153.949423
10.575000	149.875025
10.504500	145.849004
10.437000	141.782315
10.372500	137.726987
10.309500	133.634686
10.248000	129.551514
10.188000	125.524767
10.128000	121.493758
10.068000	117.488054
10.006500	113.428676
9.943500	109.334226
9.880500	105.322157
9.814500	101.235318
0.000000	0.000000
& cycle # 1, chisq = 2153.066001, e = 33.649346
15.000000	381.345955
14.994000	376.187065
14.988000	371.405798
14.982000	366.981654
14.976000	362.892239
14.968500	358.221696
14.961000	354.010333
14.952000	349.518098
14.941500	344.982415
14.929500	340.626767
14.914500	336.258994
14.895000	332.073990
14.863500	328.018259
14.673000	323.975842
14.611500	319.964284
14.571000	315.885375
14.538000	311.828935
14.508000	307.668471
14.481000	303.621792
14.455500	299.609507
14.430000	295.479736
14.404500	291.294987
14.379000	287.111700
14.353500	282.980217
14.328000	278.946015
14.301000	274.826670
14.272500	270.696046
14.242500	266.636139
14.209500	262.555005
14.172000	258.442393
14.128500	254.391038
14.073000	250.328788
13.987500	246.299843
13.548000	242.297430
13.419000	238.269621
13.338000	234.259533
13.272000	230.233305
13.213500	226.180413
13.159500	222.114745
13.108500	218.068051
13.059000	214.025296
13.009500	209.941115
12.960000	205.878628
12.909000	201.773334
12.856500	197.688941
12.801000	193.589103
12.742500	189.575231
12.676500	185.490331
12.601500	181.464929
12.510000	177.450436
12.382500	173.428643
12.069000	169.425843
10.692000	165.411077
10.563000	161.403497
10.477500	157.365395
10.411500	153.346963
10.356000	149.296885
10.308000	145.262856
10.264500	141.154903
10.225500	137.087380
10.189500	132.996552
10.156500	128.954381
10.125000	124.829870
10.095000	120.657542
10.066500	116.472591
10.039500	112.309927
10.014000	108.203343
9.990000	104.184888
9.966000	100.019917
0.000000	0.000000
& cycle # 2, chisq = 1895.843730, e = 33.649346
15.000000	414.283760
14.871000	410.177071
14.835000	406.133229
14.808000	402.103353
14.784000	397.841298
14.763000	393.625272
14.743500	389.335749
14.725500	385.084610
14.709000	380.967832
14.692500	376.666927
14.677500	372.619617
14.662500	368.461888
14.647500	364.212661
14.632500	359.889844
14.617500	355.510560
14.602500	351.091534
14.587500	346.649434
14.574000	342.645640
14.559000	338.205715
14.544000	333.790692
14.529000	329.416005
14.514000	325.095880
14.499000	320.843099
14.484000	316.668966
14.469000	312.583446
14.452500	308.202280
14.436000	303.949705
14.419500	299.835476
14.401500	295.515555
14.383500	291.381502
14.364000	287.123133
14.344500	283.102458
14.323500	279.045107
14.301000	275.015381
14.275500	270.844659
14.247000	266.673979
14.215500	262.649948
14.178000	258.626641
14.130000	254.608631
14.056500	250.582211
13.645500	246.564648
13.506000	242.550180
13.423500	238.536084
13.357500	234.508733
13.299000	230.415268
13.246500	226.407181
13.195500	222.293983
13.146000	218.168838
13.098000	214.105693
13.050000	210.036074
13.002000	206.014219
12.952500	201.974394
12.900000	197.871361
12.844500	193.797083
12.784500	189.747420
12.717000	185.672445
12.639000	181.632141
12.541500	177.613831
12.396000	173.598157
10.986000	169.595846
10.740000	165.590067
10.636500	161.578552
10.564500	157.563771
10.507500	153.523842
10.459500	149.443772
10.417500	145.306734
10.381500	141.301710
10.348500	137.231977
10.318500	133.183109
10.290000	129.014779
10.264500	125.009544
10.240500	120.994716
10.216500	116.735737
10.194000	112.515813
10.173000	108.374444
10.153500	104.349962
10.134000	100.149801
0.000000	0.000000
& cycle # 3, chisq = 1826.603722, e = 33.649346
15.000000	389.922768
14.794500	385.865490
14.745000	381.784902
14.707500	377.608789
14.676000	373.406935
14.649000	369.339136
14.623500	365.133064
14.599500	360.876887
14.577000	356.649188
14.556000	352.519544
14.535000	348.236514
14.515500	344.142938
14.496000	339.955859
14.476500	335.692074
14.457000	331.367257
14.439000	327.334115
14.421000	323.274073
14.403000	319.199648
14.385000	315.123665
14.367000	311.058906
14.349000	307.017640
14.331000	303.011194
14.311500	298.721891
14.292000	294.496588
14.272500	290.345152
14.253000	286.276509
14.232000	281.997148
14.211000	277.833842
14.190000	273.796598
14.167500	269.621583
14.145000	265.612374
14.121000	261.527877
14.095500	257.412865
14.068500	253.313415
14.040000	249.276179
14.008500	245.160691
13.974000	241.069281
13.935000	236.962790
13.890000	232.891969
13.834500	228.802272
13.761000	224.801069
13.626000	220.801049
13.045500	216.772466
12.900000	212.731034
12.793500	208.694414
12.702000	204.667796
12.618000	200.667678
12.535500	196.622840
12.453000	192.617928
12.366000	188.572895
12.271500	184.532679
12.162000	180.509794
12.018000	176.509131
11.659500	172.506736
11.020500	168.499182
10.881000	164.448127
10.780500	160.439110
10.696500	156.395372
10.623000	152.347481
10.557000	148.319653
10.495500	144.255969
10.438500	140.254310
10.383000	136.175009
10.329000	132.063943
10.276500	127.957759
10.225500	123.885032
10.176000	119.869918
10.126500	115.812225
10.077000	111.734972
10.027500	107.665769
9.978000	103.634572
0.000000	0.000000
& cycle # 4, chisq = 2176.422386, e = 33.649346
15.000000	328.538126
14.887500	324.486354
14.806500	320.473657
14.737500	316.466873
14.674500	312.444146
14.614500	308.352890
14.557500	304.303036
14.502000	300.249761
14.448000	296.231197
14.394000	292.182863
14.340000	288.126569
14.286000	284.071679
14.232000	280.042113
14.176500	275.948090
14.121000	271.902481
14.064000	267.798533
14.007000	263.760954
13.948500	259.695279
13.888500	255.598799
13.828500	251.569996
13.767000	247.519367
13.704000	243.459241
13.639500	239.385491
13.575000	235.385442
13.509000	231.375801
13.441500	227.373314
13.371000	223.294224
13.299000	219.226238
13.225500	215.187133
13.149000	211.128132
13.069500	207.073288
12.987000	203.041440
12.900000	199.011921
12.807000	195.001114
12.705000	190.973184
12.591000	186.957632
12.456000	182.956388
12.277500	178.951399
11.883000	174.949787
11.071500	170.930342
10.914000	166.909032
10.803000	162.889365
10.713000	158.878592
10.635000	154.838348
10.566000	150.814821
10.503000	146.776132
10.444500	142.730292
10.389000	138.649893
10.336500	134.591838
10.285500	130.479054
10.237500	126.463676
10.191000	122.447535
10.144500	118.316077
10.099500	114.220134
10.056000	110.184419
10.012500	106.091485
9.969000	101.960453
0.000000	0.000000
& cycle # 5, chisq = 1934.182349, e = 33.649346
15.000000	379.925929
14.979000	375.639593
14.956500	371.442064
14.932500	367.347147
14.905500	363.152573
14.877000	359.117910
14.845500	355.042002
14.811000	350.959984
14.773500	346.866531
14.733000	342.745618
14.691000	338.714322
14.647500	334.698613
14.602500	330.634835
14.557500	326.607048
14.512500	322.553772
14.467500	318.423479
14.424000	314.332714
14.382000	310.273716
14.341500	306.237057
14.302500	302.221640
14.263500	298.078214
14.226000	293.978352
14.190000	289.939262
14.154000	285.799710
14.119500	281.739839
14.085000	277.595312
14.052000	273.562327
14.019000	269.474813
13.986000	265.344524
13.953000	261.181041
13.920000	256.992540
13.888500	252.979281
13.857000	248.961362
13.825500	244.951210
13.792500	240.773392
13.759500	236.634384
13.726500	232.547155
13.693500	228.522083
13.659000	224.390094
13.624500	220.345878
13.588500	216.232016
13.551000	212.077849
13.513500	208.073854
13.473000	203.934044
13.431000	199.855270
13.386000	195.735211
13.338000	191.631550
13.287000	187.608675
13.230000	183.535276
13.165500	179.469881
13.090500	175.445367
12.997500	171.421661
12.868500	167.416505
12.598500	163.413904
11.095500	159.401447
10.923000	155.398756
10.812000	151.344307
10.728000	147.313219
10.657500	143.219533
10.597500	139.200458
10.543500	135.149956
10.494000	131.065858
10.449000	127.035983
10.407000	122.995824
10.366500	118.841520
10.329000	114.768813
10.293000	110.657453
10.258500	106.537128
10.225500	102.436882
0.000000	0.000000
& cycle # 1, chisq = 1889.434009, e = 31.628518
15.000000	381.345955
14.994000	377.249003
14.986500	372.515288
14.979000	368.186508
14.970000	363.486759
14.961000	359.289377
14.950500	354.978680
14.938500	350.753284
14.923500	346.398765
14.905500	342.338981
14.878500	338.178549
14.809500	334.172237
14.616000	330.088839
14.569500	326.057574
14.533500	321.892410
14.503500	317.773222
14.476500	313.613170
14.452500	309.600595
14.428500	305.335515
14.406000	301.145409
14.385000	297.097921
14.364000	292.945602
14.343000	288.714475
14.322000	284.430537
14.302500	280.428132
14.283000	276.423448
14.262000	272.131166
14.241000	267.882939
14.220000	263.699850
14.199000	259.600332
14.178000	255.600280
14.155500	251.440504
14.133000	247.425641
14.109000	243.317939
14.083500	239.167220
14.056500	235.028765
14.028000	230.961547
13.996500	226.837904
13.962000	222.773995
13.923000	218.742139
13.876500	214.686579
13.818000	210.674247
13.729500	206.640858
13.224000	202.627215
13.033500	198.620751
12.919500	194.588618
12.826500	190.576593
12.741000	186.511371
12.658500	182.441465
12.576000	178.389603
12.490500	174.355945
12.397500	170.332184
12.288000	166.286877
12.144000	162.277305
11.782500	158.275833
11.085000	154.267877
10.923000	150.252712
10.801500	146.233278
10.699500	142.222071
10.608000	138.204509
10.522500	134.170699
10.441500	130.149954
10.363500	126.125762
10.287000	122.069696
10.212000	118.038701
10.137000	114.008962
10.060500	109.942277
9.984000	105.939571
9.906000	101.933731
0.000000	0.000000
& cycle # 2, chisq = 2193.078160, e = 31.628518
15.000000	414.283760
14.995500	409.854561
14.991000	405.691660
14.985000	400.532725
14.979000	395.799446
14.973000	391.467762
14.965500	386.579598
14.958000	382.231415
14.949000	377.663696
14.938500	373.143489
14.926500	368.921013
14.911500	364.853763
14.889000	360.765640
14.763000	356.763749
14.677500	352.652996
14.641500	348.549735
14.614500	344.517641
14.590500	340.293176
14.569500	336.149532
14.550000	331.972424
14.532000	327.873576
14.514000	323.577998
14.497500	319.497942
14.481000	315.309186
14.464500	311.037619
14.448000	306.708362
14.431500	302.345915
14.415000	297.974242
14.398500	293.616691
14.382000	289.295742
14.365500	285.032633
14.349000	280.846961
14.332500	276.756351
14.314500	272.420411
14.296500	268.233141
14.278500	264.208875
14.259000	260.046915
14.238000	255.808417
14.215500	251.561075
14.191500	247.378092
14.166000	243.336121
14.137500	239.313033
14.104500	235.297413
14.064000	231.269197
14.008500	227.210294
13.902000	223.192994
13.494000	219.182378
13.395000	215.110189
13.323000	211.059303
13.261500	206.997533
13.206000	202.981956
13.152000	198.871781
13.099500	194.783447
13.047000	190.694673
12.994500	186.692551
12.939000	182.649344
12.879000	178.594749
12.811500	174.524146
12.732000	170.477008
12.628500	166.465313
12.433500	162.449470
11.095500	158.443674
10.870500	154.442260
10.786500	150.365035
10.729500	146.316095
10.684500	142.230709
10.647000	138.146500
10.614000	133.990218
10.585500	129.943439
10.560000	125.939468
10.536000	121.821413
10.513500	117.636984
10.492500	113.435609
10.473000	109.267693
10.455000	105.183859
10.437000	100.865106
0.000000	0.000000
& cycle # 3, chisq = 1982.604291, e = 31.628518
15.000000	389.922768
14.991000	385.151863
14.982000	380.673036
14.973000	376.478259
14.962500	371.927639
14.952000	367.724466
14.940000	363.321808
14.926500	358.852693
14.911500	354.448517
14.895000	350.228430
14.875500	345.999459
14.851500	341.794303
14.820000	337.704332
14.767500	333.648575
14.481000	329.600872
14.401500	325.595570
14.350500	321.584183
14.308500	317.441153
14.272500	313.314952
14.241000	309.294227
14.211000	305.134943
14.182500	300.913280
14.155500	296.698635
14.130000	292.550866
14.106000	288.519313
14.082000	284.382201
14.058000	280.156646
14.035500	276.129769
14.013000	272.053894
13.990500	267.943521
13.968000	263.813669
13.945500	259.679600
13.923000	255.556323
13.900500	251.458061
13.878000	247.397823
13.855500	243.387212
13.831500	239.175458
13.807500	235.042920
13.783500	230.999797
13.758000	226.812837
13.732500	222.749198
13.705500	218.593176
13.677000	214.383031
13.648500	210.366379
13.618500	206.357521
13.585500	202.215449
13.551000	198.189302
13.513500	194.166340
13.471500	190.094544
13.423500	185.994987
13.368000	181.972366
13.297500	177.907131
13.197000	173.876304
12.852000	169.875727
12.181500	165.861550
11.817000	161.856418
11.007000	157.845196
10.861500	153.792112
10.762500	149.734282
10.683000	145.665034
10.615500	141.626452
10.555500	137.587254
10.500000	133.489815
10.449000	129.442481
10.401000	125.412786
10.354500	121.330720
10.309500	117.236021
10.266000	113.162411
10.224000	109.138741
10.182000	105.043359
10.140000	100.895522
0.000000	0.000000
& cycle # 4, chisq = 1914.300874, e = 31.628518
15.000000	347.794316
14.995500	343.782247
14.989500	338.785454
14.983500	334.168942
14.977500	329.913411
14.970000	325.070923
14.962500	320.720141
14.953500	316.093183
14.944500	312.056641
14.934000	308.020505
14.920500	303.772982
14.902500	299.501544
14.875500	295.402832
14.703000	291.375030
14.625000	287.304362
14.581500	283.301688
14.545500	279.203927
14.514000	275.178451
14.484000	271.083178
14.455500	267.052987
14.427000	262.972210
14.398500	258.920590
14.368500	254.769214
14.337000	250.617814
14.304000	246.572035
14.266500	242.421417
14.224500	238.395805
14.172000	234.335340
14.095500	230.304081
13.689000	226.300103
13.546500	222.277814
13.464000	218.231525
13.398000	214.183581
13.339500	210.099469
13.285500	206.019400
13.234500	201.993993
13.183500	197.899996
13.132500	193.826856
13.080000	189.737722
13.026000	185.719617
12.967500	181.666975
12.903000	177.655586
12.826500	173.615544
12.727500	169.595146
12.555000	165.578684
11.685000	161.573513
10.981500	157.561201
10.879500	153.532818
10.816500	149.468006
10.768500	145.327814
10.729500	141.187988
10.696500	137.078284
10.668000	133.042000
10.642500	129.021033
10.618500	124.862167
10.596000	120.616076
10.575000	116.335444
10.555500	112.074049
10.537500	107.885912
10.521000	103.824484
0.000000	0.000000
& cycle # 6, chisq = 2066.149243, e = 31.628518
15.000000	379.925929
14.787000	375.873935
14.737500	371.837890
14.700000	367.679599
14.668500	363.476164
14.641500	359.385079
14.616000	355.141797
14.593500	351.121909
14.571000	346.870738
14.550000	342.716313
14.530500	338.715016
14.511000	334.592333
14.491500	330.366003
14.472000	326.054965
14.454000	322.017212
14.436000	317.938918
14.418000	313.834243
14.400000	309.716167
14.382000	305.596518
14.364000	301.486257
14.346000	297.395871
14.328000	293.335724
14.310000	289.316219
14.290500	285.019664
14.271000	280.795853
14.251500	276.656786
14.232000	272.613139
14.211000	268.375537
14.190000	264.268379
14.167500	260.021046
14.145000	255.939549
14.121000	251.776142
14.095500	247.575615
14.068500	243.387069
14.040000	239.262875
14.010000	235.256415
13.977000	231.245746
13.939500	227.182533
13.896000	223.102772
13.843500	219.034156
13.774500	214.991483
13.659000	210.984107
13.083000	206.962707
12.924000	202.926904
12.814500	198.911254
12.721500	194.892877
12.636000	190.892042
12.552000	186.825936
12.468000	182.767815
12.381000	178.738692
12.286500	174.738676
12.175500	170.701531
12.030000	166.676969
11.653500	162.675759
11.010000	158.654925
10.864500	154.647195
10.758000	150.645850
10.669500	146.639548
10.590000	142.566257
10.518000	138.540323
10.450500	134.509715
10.386000	130.452501
10.324500	126.424812
10.264500	122.381554
10.206000	118.372674
10.147500	114.339970
10.089000	110.319612
10.029000	106.237413
9.969000	102.218683
0.000000	0.000000
& cycle # 1, chisq = 2154.076412, e = 32.410969
15.000000	414.283760
14.995500	408.476194
14.991000	402.983395
14.986500	397.790596
14.982000	392.886724
14.977500	388.260966
14.973000	383.901949
14.968500	379.797933
14.962500	374.702450
14.956500	370.013114
14.950500	365.705302
14.943000	360.822400
14.935500	356.458358
14.926500	351.850890
14.916000	347.260931
14.904000	342.930872
14.889000	338.694657
14.868000	334.546986
14.824500	330.501122
14.647500	326.417684
14.604000	322.375355
14.571000	318.193405
14.544000	314.139307
14.520000	310.132437
14.497500	306.093905
14.475000	301.840197
14.454000	297.725105
14.433000	293.515661
14.412000	289.255797
14.391000	284.988558
14.370000	280.755226
14.349000	276.594074
14.328000	272.539207
14.305500	268.345774
14.283000	264.337593
14.259000	260.293290
14.233500	256.282704
14.205000	252.175032
14.173500	248.118854
14.136000	243.969468
14.091000	239.951653
14.026500	235.877383
13.723500	231.874858
13.497000	227.833536
13.410000	223.814675
13.342500	219.775385
13.284000	215.735831
13.230000	211.679427
13.179000	207.666419
13.128000	203.573624
13.077000	199.488585
13.024500	195.377714
12.970500	191.338261
12.912000	187.275994
12.847500	183.274163
12.771000	179.263454
12.670500	175.252628
12.480000	171.238813
11.659500	167.227042
10.983000	163.226920
10.881000	159.198037
10.821000	155.177784
10.776000	151.104766
10.740000	147.076461
10.708500	142.919559
10.681500	138.841691
10.657500	134.786763
10.635000	130.593321
10.614000	126.317355
10.594500	122.017385
10.576500	117.753307
10.560000	113.585300
10.545000	109.572771
10.530000	105.339954
10.516500	101.335976
0.000000	0.000000
& cycle # 3, chisq = 1986.845609, e = 32.410969
15.000000	389.922768
14.991000	385.757604
14.980500	381.199763
14.970000	376.958322
14.958000	372.478304
14.946000	368.365163
14.932500	364.152730
14.917500	359.959215
14.901000	355.894565
14.881500	351.761824
14.857500	347.567665
14.827500	343.532984
14.782500	339.510489
14.515500	335.506590
14.391000	331.473434
14.329500	327.404732
14.283000	323.371555
14.242500	319.206868
14.208000	315.204932
14.175000	311.016263
14.145000	306.932198
14.116500	302.835546
14.089500	298.781827
14.062500	294.579956
14.037000	290.492727
14.011500	286.307051
13.987500	282.293541
13.963500	278.224293
13.939500	274.115611
13.915500	269.983679
13.891500	265.843865
13.867500	261.710218
13.843500	257.595307
13.819500	253.510412
13.795500	249.465947
13.770000	245.224206
13.744500	241.051380
13.719000	236.959487
13.692000	232.728231
13.665000	228.614069
13.636500	224.410998
13.608000	220.361925
13.578000	216.274771
13.546500	212.183179
13.513500	208.121654
13.477500	203.958326
13.440000	199.923309
13.399500	195.916045
13.354500	191.891576
13.303500	187.864746
13.243500	183.817293
13.170000	179.790505
13.069500	175.747965
12.885000	171.736749
11.235000	167.717565
11.037000	163.712414
10.914000	159.658918
10.819500	155.629808
10.738500	151.549462
10.668000	147.538129
10.603500	143.503805
10.543500	139.456741
10.486500	135.378501
10.432500	131.340795
10.380000	127.290317
10.329000	123.272021
10.278000	119.202044
10.227000	115.108112
10.176000	111.017688
10.125000	106.961214
10.072500	102.858418
0.000000	0.000000
& cycle # 4, chisq = 1875.244023, e = 32.410969
15.000000	328.538126
14.991000	323.798747
14.982000	319.637834
14.971500	315.439354
14.959500	311.412438
14.944500	307.388954
14.923500	303.308441
14.886000	299.288640
14.680500	295.227129
14.620500	291.103628
14.578500	287.078832
14.542500	283.061359
14.509500	279.052649
14.478000	275.050459
14.446500	270.986511
14.415000	266.961862
14.382000	262.880987
14.347500	258.846662
14.310000	254.812196
14.268000	250.812055
14.217000	246.776657
14.146500	242.708136
13.965000	238.700986
13.588500	234.648757
13.498500	230.598876
13.431000	226.576125
13.372500	222.498656
13.320000	218.464848
13.270500	214.415786
13.222500	210.330316
13.176000	206.287457
13.129500	202.226879
13.083000	198.215405
13.035000	194.192355
12.984000	190.113018
12.930000	186.071091
12.871500	182.068886
12.804000	177.998327
12.723000	173.954233
12.613500	169.954217
12.366000	165.947218
11.443500	161.941385
10.746000	157.920377
10.641000	153.852392
10.573500	149.805181
10.521000	145.698015
10.477500	141.572634
10.440000	137.442110
10.407000	133.336731
10.377000	129.200625
10.350000	125.133325
10.324500	120.979222
10.300500	116.781231
10.278000	112.582807
10.257000	108.427484
10.237500	104.358405
10.218000	100.081319
0.000000	0.000000
& cycle # 5, chisq = 1834.367459, e = 32.410969
15.000000	347.794316
14.994000	342.878214
14.988000	338.349951
14.982000	334.186179
14.974500	329.463917
14.967000	325.239639
14.958000	320.770269
14.947500	316.301023
14.935500	312.064341
14.920500	307.896155
14.899500	303.775815
14.859000	299.765528
14.667000	295.725837
14.614500	291.591977
14.575500	287.430925
14.542500	283.350106
14.512500	279.331797
14.482500	275.140306
14.454000	271.096267
14.425500	267.077344
14.395500	262.958858
14.364000	258.844932
14.329500	254.676426
14.292000	250.626390
14.248500	246.620934
14.191500	242.534143
14.098500	238.516604
13.681500	234.496612
13.576500	230.492383
13.503000	226.417909
13.441500	222.335081
13.386000	218.243027
13.333500	214.122949
13.284000	210.116555
13.234500	206.092511
13.183500	202.028771
13.131000	198.026779
13.074000	193.980297
13.011000	189.961455
12.936000	185.906336
12.837000	181.877874
12.634500	177.867186
11.962500	173.861751
11.716500	169.861249
11.137500	165.832150
11.043000	161.804410
10.987500	157.795950
10.945500	153.709942
10.911000	149.553909
10.882500	145.506120
10.857000	141.365258
10.834500	137.270872
10.813500	133.050604
10.794000	128.766105
10.776000	124.481957
10.759500	120.264143
10.744500	116.178568
10.729500	111.844883
10.716000	107.725341
10.702500	103.391635
0.000000	0.000000
& cycle # 6, chisq = 2367.180565, e = 32.410969
15.000000	379.925929
14.880000	375.905447
14.829000	371.802886
14.790000	367.644871
14.757000	363.463704
14.728500	359.407419
14.701500	355.222933
14.676000	350.994589
14.652000	346.795710
14.629500	342.692227
14.607000	338.454324
14.586000	334.400980
14.565000	330.272979
14.544000	326.087654
14.523000	321.861354
14.502000	317.610790
14.481000	313.353676
14.460000	309.108338
14.439000	304.892618
14.418000	300.722715
14.397000	296.612560
14.376000	292.573920
14.353500	288.337835
14.331000	284.207481
14.308500	280.194592
14.284500	276.056809
14.259000	271.836318
14.233500	267.810261
14.206500	263.770161
14.178000	259.761732
14.146500	255.641965
14.112000	251.506415
14.074500	247.458945
14.031000	243.345428
13.980000	239.296668
13.915500	235.287424
13.818000	231.259191
13.272000	227.249506
13.077000	223.225808
12.963000	219.216033
12.870000	215.156537
12.787500	211.087337
12.711000	207.058116
12.636000	202.994862
12.561000	198.923667
12.484500	194.864038
12.405000	190.863123
12.316500	186.807660
12.214500	182.778671
12.084000	178.742394
11.851500	174.733360
11.085000	170.727424
10.924500	166.688177
10.813500	162.665030
10.723500	158.634362
10.645500	154.613027
10.575000	150.602177
10.509000	146.561987
10.446000	142.474878
10.386000	138.394381
10.329000	134.371214
10.273500	130.345606
10.218000	126.248147
10.164000	122.227727
10.110000	118.205366
10.054500	114.094955
9.999000	110.028106
9.943500	106.021700
9.886500	101.990101
0.000000	0.000000
& cycle # 1, chisq = 2185.439562, e = 33.850840
15.000000	381.345955
14.995500	377.335611
14.989500	372.331892
14.983500	367.702475
14.977500	363.423768
14.970000	358.536802
14.962500	354.129519
14.953500	349.427285
14.944500	345.311423
14.934000	341.177071
14.920500	336.792935
14.904000	332.650974
14.880000	328.545823
14.818500	324.525267
14.634000	320.438210
14.587500	316.398003
14.551500	312.337868
14.520000	308.233112
14.491500	304.170649
14.464500	300.101486
14.437500	295.898975
14.412000	291.876227
14.386500	287.860472
14.359500	283.672898
14.332500	279.604300
14.304000	275.491862
14.274000	271.418700
14.241000	267.296161
14.205000	263.275247
14.163000	259.247289
14.110500	255.218729
14.032500	251.170356
13.617000	247.163681
13.474500	243.123255
13.392000	239.051902
13.327500	235.051048
13.270500	231.010082
13.218000	226.946283
13.168500	222.886196
13.120500	218.809623
13.074000	214.799633
13.027500	210.795629
12.979500	206.729917
12.930000	202.664878
12.879000	198.664727
12.823500	194.585678
12.763500	190.560641
12.694500	186.492207
12.612000	182.457288
12.502500	178.453217
12.294000	174.451580
10.836000	170.441098
10.702500	166.404257
10.623000	162.337774
10.564500	158.301772
10.516500	154.216246
10.476000	150.166138
10.440000	146.065333
10.407000	141.865885
10.377000	137.663025
10.350000	133.552109
10.324500	129.372004
10.300500	125.163680
10.278000	120.968528
10.257000	116.827955
10.237500	112.782964
10.218000	108.540210
10.200000	104.444213
10.182000	100.172160
0.000000	0.000000
& cycle # 2, chisq = 1815.286175, e = 33.850840
15.000000	389.922768
14.788500	385.825660
14.739000	381.802612
14.701500	377.691369
14.670000	373.558791
14.641500	369.324918
14.616000	365.168071
14.592000	360.962999
14.569500	356.787509
14.548500	352.710413
14.527500	348.483184
14.508000	344.443522
14.488500	340.311425
14.469000	336.102871
14.449500	331.833022
14.430000	327.516939
14.412000	323.505228
14.394000	319.479971
14.376000	315.454003
14.358000	311.439929
14.338500	307.118552
14.319000	302.838806
14.299500	298.612756
14.280000	294.450968
14.260500	290.362913
14.241000	286.357431
14.220000	282.146011
14.199000	278.050818
14.176500	273.803604
14.154000	269.712882
14.130000	265.532768
14.104500	261.308358
14.077500	257.086516
14.049000	252.914872
14.019000	248.841671
13.986000	244.738240
13.950000	240.710751
13.908000	236.596288
13.858500	232.525848
13.795500	228.469837
13.702500	224.460159
13.171500	220.453049
12.964500	216.449526
12.846000	212.424899
12.750000	208.412820
12.663000	204.349553
12.580500	200.283207
12.499500	196.254942
12.415500	192.188401
12.327000	188.161247
12.228000	184.136004
12.106500	180.109663
11.922000	176.091682
11.149500	172.079490
10.968000	168.078319
10.852500	164.037344
10.761000	160.008837
10.681500	155.948982
10.611000	151.937922
10.545000	147.861424
10.483500	143.821664
10.425000	139.808206
10.368000	135.782906
10.311000	131.685817
10.255500	127.661179
10.200000	123.630284
10.144500	119.621674
10.087500	115.562687
10.029000	111.501855
9.969000	107.497912
9.904500	103.429315
0.000000	0.000000
& cycle # 4, chisq = 2206.053563, e = 33.850840
15.000000	328.538126
14.965500	324.484610
14.917500	320.411468
14.824500	316.407973
14.461500	312.392588
14.377500	308.326684
14.319000	304.321755
14.269500	300.195643
14.226000	296.058146
14.187000	291.983380
14.151000	287.946703
14.116500	283.858305
14.083500	279.775557
14.052000	275.751277
14.020500	271.632829
13.989000	267.448550
13.959000	263.425768
13.929000	259.386545
13.899000	255.350171
13.869000	251.336462
13.837500	247.169218
13.806000	243.074288
13.773000	238.886968
13.740000	234.827074
13.705500	230.738628
13.669500	226.659694
13.632000	222.630466
13.591500	218.548899
13.548000	214.498355
13.500000	210.450912
13.446000	206.439671
13.381500	202.388850
13.300500	198.381481
13.177500	194.360406
12.469500	190.348356
12.178500	186.342867
11.938500	182.324875
11.188500	178.323466
10.999500	174.305545
10.908000	170.298030
10.842000	166.273518
10.788000	162.153371
10.743000	158.090212
10.704000	154.072558
10.668000	149.934154
10.635000	145.764034
10.605000	141.650417
10.576500	137.449944
10.551000	133.443953
10.525500	129.198529
10.501500	124.979289
10.479000	120.822791
10.458000	116.764658
10.437000	112.531078
10.417500	108.440530
10.398000	104.194624
10.380000	100.136070
0.000000	0.000000
& cycle # 5, chisq = 2024.603393, e = 33.850840
15.000000	347.794316
14.265000	343.764968
14.167500	339.708301
14.104500	335.674292
14.055000	331.658327
14.011500	327.515430
13.974000	323.496564
13.939500	319.446782
13.906500	315.271335
13.876500	311.234860
13.848000	307.204850
13.819500	303.003607
13.792500	298.884554
13.765500	294.649232
13.740000	290.558986
13.714500	286.396326
13.689000	282.175743
13.665000	278.163421
13.641000	274.124858
13.617000	270.072890
13.593000	266.020938
13.569000	261.982833
13.545000	257.972453
13.519500	253.756862
13.494000	249.602891
13.468500	245.524199
13.441500	241.301027
13.414500	237.188333
13.386000	232.979338
13.357500	228.917932
13.327500	224.814738
13.296000	220.709791
13.263000	216.647168
13.227000	212.507446
13.188000	208.379597
13.146000	204.356093
13.098000	200.290145
13.042500	196.276753
12.973500	192.264001
12.874500	188.224942
12.373500	184.224898
11.904000	180.208216
11.185500	176.207142
11.013000	172.196876
10.933500	168.154369
10.876500	164.041717
10.831500	159.937081
10.794000	155.862624
10.761000	151.738612
10.731000	147.519992
10.704000	143.318394
10.680000	139.246116
10.657500	135.128146
10.636500	131.013408
10.617000	126.950715
10.597500	122.648443
10.579500	118.458843
10.563000	114.429789
10.546500	110.216249
10.530000	105.814226
10.515000	101.645457
0.000000	0.000000
& cycle # 6, chisq = 2143.818147, e = 33.850840
15.000000	379.925929
14.779500	375.875705
14.725500	371.782774
14.688000	367.751773
14.656500	363.630902
14.629500	359.596841
14.604000	355.399393
14.580000	351.140341
14.557500	346.904939
14.536500	342.763413
14.515500	338.461932
14.496000	334.344643
14.476500	330.129213
14.457000	325.836280
14.439000	321.822493
14.421000	317.775397
14.403000	313.709111
14.385000	309.636546
14.367000	305.569643
14.349000	301.519756
14.331000	297.498009
14.311500	293.185731
14.292000	288.933505
14.272500	284.754934
14.253000	280.662710
14.232000	276.365199
14.211000	272.192872
14.190000	268.155416
14.167500	263.988018
14.143500	259.731994
14.119500	255.679163
14.094000	251.603701
14.067000	247.555683
14.037000	243.388029
14.004000	239.209570
13.968000	235.132641
13.927500	231.128701
13.878000	227.029060
13.815000	222.977396
13.717500	218.932957
13.174500	214.913151
12.994500	210.892981
12.882000	206.873065
12.789000	202.823737
12.705000	198.779664
12.625500	194.773097
12.546000	190.722350
12.465000	186.679007
12.379500	182.656160
12.283500	178.607301
12.169500	174.589796
12.010500	170.579913
11.244000	166.570952
11.001000	162.533991
10.867500	158.481601
10.765500	154.435540
10.680000	150.423521
10.603500	146.404380
10.533000	142.390815
10.465500	138.305480
10.402500	134.302864
10.341000	130.243447
10.281000	126.169632
10.222500	122.127748
10.164000	118.056951
10.105500	113.992879
10.047000	109.962238
9.987000	105.882273
9.927000	101.873727
0.000000	0.000000
& cycle # 1, chisq = 2177.156477, e = 33.002341
15.000000	381.345955
14.994000	376.666955
14.988000	372.262973
14.982000	368.122109
14.974500	363.294706
14.967000	358.833938
14.959500	354.720868
14.950500	350.217931
14.941500	346.155498
14.931000	341.928304
14.919000	337.712684
14.905500	333.676794
14.889000	329.642497
14.866500	325.491669
14.832000	321.469713
14.614500	317.438263
14.532000	313.394829
14.484000	309.365240
14.445000	305.236814
14.412000	301.219134
14.382000	297.208149
14.353500	293.129057
14.326500	289.064861
14.299500	284.847985
14.274000	280.763852
14.248500	276.617841
14.223000	272.443867
14.197500	268.272399
14.172000	264.130276
14.146500	260.041473
14.121000	256.028187
14.094000	251.884618
14.067000	247.873188
14.038500	243.806002
14.008500	239.732820
13.977000	235.705073
13.942500	231.601950
13.905000	227.518130
13.863000	223.415985
13.815000	219.339828
13.758000	215.331136
13.681500	211.270380
13.552500	207.250343
12.913500	203.240597
12.733500	199.212775
12.603000	195.184799
12.489000	191.179560
12.379500	187.169036
12.267000	183.168898
12.142500	179.145870
11.989500	175.135667
11.704500	171.134579
11.052000	167.125510
10.941000	163.073795
10.867500	159.029269
10.810500	154.964355
10.764000	150.954669
10.723500	146.898892
10.687500	142.816627
10.654500	138.653116
10.624500	134.497714
10.597500	130.440419
10.572000	126.319111
10.548000	122.171830
10.525500	118.037234
10.504500	113.954309
10.483500	109.646736
10.464000	105.438278
10.446000	101.369106
0.000000	0.000000
& cycle # 2, chisq = 2320.763089, e = 33.002341
15.000000	389.922768
14.767500	385.870642
14.709000	381.848522
14.668500	377.740976
14.635500	373.609994
14.607000	369.500377
14.581500	365.421167
14.557500	361.260936
14.535000	357.104451
14.514000	353.024774
14.493000	348.773089
14.473500	344.688431
14.454000	340.487886
14.434500	336.186863
14.416500	332.141413
14.398500	328.037411
14.380500	323.888713
14.362500	319.709270
14.344500	315.512629
14.326500	311.311497
14.308500	307.117504
14.290500	302.941205
14.272500	298.792275
14.254500	294.679819
14.236500	290.612667
14.218500	286.599570
14.199000	282.323153
14.179500	278.131264
14.160000	274.034205
14.139000	269.738735
14.118000	265.574091
14.097000	261.548386
14.074500	257.396444
14.050500	253.158087
14.026500	249.121652
14.001000	245.059286
13.974000	241.017282
13.944000	236.844313
13.912500	232.826563
13.876500	228.689451
13.836000	224.600880
13.788000	220.492779
13.729500	216.486491
13.645500	212.436378
13.405500	208.436154
12.901500	204.424445
12.768000	200.398160
12.663000	196.397417
12.568500	192.389750
12.477000	188.370534
12.384000	184.342788
12.285000	180.312350
12.172500	176.307743
12.025500	172.307686
11.613000	168.307481
11.037000	164.302380
10.899000	160.282610
10.797000	156.262350
10.711500	152.254793
10.635000	148.218107
10.564500	144.160170
10.498500	140.116954
10.435500	136.096571
10.374000	132.082444
10.312500	128.038135
10.251000	124.013543
10.188000	119.956486
10.123500	115.919899
10.056000	111.883591
9.984000	107.869465
9.903000	103.808968
0.000000	0.000000
& cycle # 4, chisq = 2192.172237, e = 33.002341
15.000000	328.538126
14.991000	324.467464
14.980500	320.354167
14.967000	315.951991
14.950500	311.740280
14.928000	307.685073
14.883000	303.621014
14.673000	299.569016
14.616000	295.462127
14.574000	291.413133
14.536500	287.249302
14.502000	283.104342
14.469000	278.982890
14.436000	274.826054
14.403000	270.738951
14.368500	266.634290
14.332500	262.617448
14.292000	258.509973
14.245500	254.424148
14.188500	250.412622
14.103000	246.390150
13.666500	242.389078
13.531500	238.333813
13.450500	234.304711
13.386000	230.293268
13.329000	226.248704
13.276500	222.190369
13.227000	218.139306
13.179000	214.065827
13.132500	210.045709
13.086000	206.016402
13.038000	201.911873
12.988500	197.798187
12.937500	193.740025
12.883500	189.692122
12.825000	185.648147
12.759000	181.572356
12.682500	177.551447
12.585000	173.528772
12.435000	169.513649
10.954500	165.511230
10.746000	161.501297
10.650000	157.476224
10.582500	153.438308
10.528500	149.342180
10.483500	145.267205
10.444500	141.207194
10.410000	137.180209
10.378500	133.127554
10.348500	128.918960
10.321500	124.828101
10.296000	120.690819
10.272000	116.545671
10.249500	112.431397
10.228500	108.386571
10.207500	104.138982
10.188000	100.009201
0.000000	0.000000
& cycle # 5, chisq = 1795.429237, e = 33.002341
15.000000	347.794316
14.985000	343.707952
14.962500	339.489861
14.911500	335.477322
14.736000	331.403005
14.692500	327.313548
14.659500	323.195290
14.631000	319.036066
14.605500	314.922262
14.581500	310.781028
14.559000	306.722208
14.536500	302.551142
14.514000	298.323607
14.491500	294.091044
14.469000	289.899254
14.446500	285.788747
14.422500	281.534696
14.398500	277.454381
14.373000	273.348945
14.346000	269.298429
14.316000	265.191554
14.283000	261.179999
14.244000	257.134748
14.194500	253.063832
14.121000	249.038070
13.726500	245.031994
13.596000	241.014882
13.518000	236.925259
13.456500	232.888033
13.402500	228.846062
13.353000	224.812741
13.305000	220.681212
13.258500	216.552645
13.213500	212.515955
13.168500	208.508890
13.122000	204.464122
13.074000	200.451138
13.023000	196.428648
12.967500	192.400880
12.904500	188.347009
12.829500	184.311898
12.729000	180.264152
12.534000	176.261929
11.769000	172.251412
11.121000	168.249517
10.858500	164.237743
10.776000	160.190437
10.719000	156.087256
10.674000	151.939217
10.636500	147.790895
10.605000	143.774501
10.576500	139.690743
10.551000	135.651826
10.527000	131.499975
10.504500	127.283714
10.483500	123.053110
10.464000	118.859027
10.446000	114.752365
10.428000	110.412556
10.411500	106.223567
10.395000	101.827442
0.000000	0.000000
& cycle # 6, chisq = 1870.561573, e = 33.002341
15.000000	379.925929
14.784000	375.848241
14.733000	371.701207
14.695500	367.517466
14.665500	363.499105
14.638500	359.401011
14.613000	355.146820
14.590500	351.114490
14.568000	346.848575
14.547000	342.678647
14.527500	338.661907
14.508000	334.523344
14.488500	330.281309
14.469000	325.955284
14.451000	321.904682
14.433000	317.814690
14.415000	313.699575
14.397000	309.572395
14.379000	305.445068
14.361000	301.328688
14.343000	297.233923
14.325000	293.171337
14.307000	289.151520
14.287500	284.857190
14.268000	280.638338
14.248500	276.506937
14.229000	272.473546
14.208000	268.249698
14.187000	264.158904
14.164500	259.931804
14.142000	255.873195
14.118000	251.737014
14.092500	247.568451
14.065500	243.416884
14.037000	239.334709
14.005500	235.186103
13.971000	231.078330
13.932000	226.970380
13.887000	222.906097
13.831500	218.828521
13.756500	214.803114
13.609500	210.788242
13.036500	206.762225
12.894000	202.715019
12.787500	198.658730
12.694500	194.604603
12.607500	190.569170
12.522000	186.525467
12.435000	182.488137
12.342000	178.445085
12.237000	174.406747
12.108000	170.382532
11.904000	166.380363
11.107500	162.368363
10.932000	158.344380
10.816500	154.316363
10.725000	150.289052
10.647000	146.286780
10.576500	142.255027
10.512000	138.251853
10.450500	134.174640
10.392000	130.075355
10.336500	126.003825
10.282500	121.894186
10.230000	117.785757
10.179000	113.716000
10.128000	109.594294
10.078500	105.563843
10.029000	101.518187
0.000000	0.000000
& cycle # 1, chisq = 2191.431354, e = 32.576580
15.000000	381.345955
14.985000	377.281903
14.970000	373.077054
14.955000	368.750803
14.940000	364.331514
14.926500	360.289087
14.913000	356.198069
14.899500	352.075283
14.886000	347.938481
14.872500	343.802729
14.859000	339.679975
14.845500	335.580886
14.832000	331.516684
14.818500	327.499620
14.803500	323.106644
14.788500	318.802820
14.773500	314.600938
14.758500	310.511040
14.742000	306.151389
14.725500	301.947543
14.709000	297.909726
14.691000	293.705761
14.671500	289.400226
14.652000	285.362464
14.631000	281.318440
14.607000	277.083414
14.581500	273.031529
14.551500	268.845737
14.517000	264.785819
14.473500	260.743402
14.409000	256.672081
14.050500	252.656867
13.899000	248.643348
13.819500	244.591734
13.758000	240.585529
13.704000	236.536412
13.654500	232.467995
13.608000	228.407342
13.563000	224.329887
13.519500	220.320859
13.476000	216.312051
13.431000	212.227606
13.384500	208.132039
13.336500	204.093908
13.285500	200.074593
13.228500	195.982803
13.164000	191.932732
13.086000	187.904423
12.979500	183.904245
12.693000	179.901232
11.896500	175.890161
11.272500	171.845869
11.182500	167.767550
11.125500	163.689927
11.082000	159.593058
11.046000	155.454754
11.016000	151.428550
10.989000	147.314193
10.965000	143.236380
10.942500	139.029476
10.921500	134.747539
10.902000	130.447328
10.884000	126.187260
10.867500	122.026331
10.852500	118.023025
10.837500	113.802144
10.822500	109.356481
10.809000	105.157244
10.795500	100.764871
0.000000	0.000000
& cycle # 2, chisq = 2626.998303, e = 32.576580
15.000000	414.283760
14.995500	408.921170
14.991000	403.851791
14.986500	399.061765
14.982000	394.540778
14.977500	390.278750
14.973000	386.265052
14.967000	381.280751
14.961000	376.692640
14.955000	372.476332
14.947500	367.694517
14.940000	363.417704
14.931000	358.898666
14.920500	354.393004
14.908500	350.139046
14.893500	345.973374
14.872500	341.887992
14.829000	337.887269
14.652000	333.842309
14.608500	329.813216
14.575500	325.626841
14.548500	321.553495
14.524500	317.514668
14.502000	313.432075
14.481000	309.413375
14.460000	305.239481
14.439000	300.954498
14.419500	296.914221
14.400000	292.850189
14.380500	288.795940
14.361000	284.783309
14.340000	280.542035
14.319000	276.415163
14.296500	272.151547
14.274000	268.078577
14.250000	263.969638
14.224500	259.894404
14.196000	255.718622
14.164500	251.591428
14.128500	247.516707
14.085000	243.493630
14.025000	239.445165
13.899000	235.430362
13.500000	231.422484
13.407000	227.370124
13.338000	223.311896
13.279500	219.264899
13.227000	215.260754
13.177500	211.255929
13.129500	207.240718
13.081500	203.169157
13.033500	199.111309
12.984000	195.014687
12.933000	190.965068
12.879000	186.945787
12.819000	182.881220
12.751500	178.879415
12.669000	174.861144
12.553500	170.858925
11.916000	166.855589
11.511000	162.849488
10.774500	158.838453
10.632000	154.802761
10.557000	150.797425
10.501500	146.722139
10.456500	142.601689
10.419000	138.540634
10.386000	134.451333
10.356000	130.284636
10.329000	126.147665
10.303500	121.887895
10.281000	117.833701
10.260000	113.791620
10.239000	109.493282
10.219500	105.266800
10.201500	101.159948
0.000000	0.000000
& cycle # 3, chisq = 1854.096031, e = 32.576580
15.000000	389.922768
14.986500	385.912379
14.971500	381.842665
14.955000	377.814389
14.935500	373.611455
14.913000	369.463314
14.886000	365.379265
14.850000	361.243528
14.793000	357.170311
14.479500	353.161269
14.385000	349.097917
14.328000	345.003553
14.283000	340.867780
14.245500	336.820653
14.211000	332.631789
14.179500	328.440391
14.151000	324.369974
14.124000	320.291439
14.098500	316.258894
14.073000	312.067293
14.049000	307.991110
14.025000	303.801572
14.002500	299.783795
13.980000	295.692016
13.957500	291.539982
13.935000	287.341891
13.912500	283.111860
13.890000	278.863395
13.867500	274.609037
13.845000	270.360249
13.822500	266.127552
13.800000	261.920837
13.777500	257.749716
13.755000	253.623800
13.732500	249.552815
13.710000	245.546515
13.686000	241.355152
13.662000	237.259070
13.636500	233.022169
13.611000	228.913481
13.584000	224.711460
13.557000	220.668962
13.528500	216.580968
13.498500	212.482203
13.467000	208.409981
13.434000	204.404299
13.398000	200.344439
13.359000	196.314934
13.315500	192.269763
13.266000	188.225752
13.207500	184.171276
13.134000	180.100746
13.030500	176.070597
12.777000	172.062572
11.169000	168.051188
10.974000	164.009910
10.864500	160.005864
10.780500	155.943686
10.711500	151.928054
10.651500	147.920550
10.597500	143.895836
10.548000	139.860550
10.501500	135.778236
10.458000	131.718242
10.416000	127.594162
10.375500	123.444599
10.336500	119.304083
10.299000	115.202550
10.263000	111.165733
10.227000	107.042630
10.192500	103.021019
0.000000	0.000000
& cycle # 4, chisq = 1834.598169, e = 32.576580
15.000000	328.538126
14.991000	323.971123
14.982000	319.961765
14.971500	315.916479
14.958000	311.603236
14.941500	307.501858
14.917500	303.377588
14.863500	299.341304
14.661000	295.306025
14.608500	291.269125
14.568000	287.224903
14.532000	283.119574
14.499000	279.065543
14.467500	275.050376
14.436000	270.999807
14.403000	266.821916
14.370000	262.800151
14.334000	258.675294
14.295000	254.599967
14.250000	250.496895
14.194500	246.402451
14.115000	242.363406
13.698000	238.358203
13.548000	234.336076
13.464000	230.290261
13.398000	226.250441
13.341000	222.248557
13.288500	218.228900
13.239000	214.217642
13.191000	210.187935
13.143000	206.087584
13.095000	201.987092
13.047000	197.955280
12.997500	193.933186
12.945000	189.876133
12.889500	185.874163
12.828000	181.840074
12.757500	177.798330
12.672000	173.789901
12.552000	169.764908
12.196500	165.762576
10.842000	161.730125
10.719000	157.692419
10.644000	153.657669
10.587000	149.560713
10.540500	145.449622
10.501500	141.410022
10.467000	137.350778
10.435500	133.221643
10.407000	129.120220
10.380000	124.900160
10.356000	120.865128
10.333500	116.831116
10.311000	112.546164
10.290000	108.313589
10.270500	104.175943
10.252500	100.174791
0.000000	0.000000
& cycle # 5, chisq = 1814.364099, e = 32.576580
15.000000	379.925929
14.968500	375.901080
14.773500	371.888545
14.691000	367.805934
14.647500	363.786498
14.613000	359.670440
14.583000	355.471372
14.556000	351.242874
14.532000	347.160244
14.509500	343.084471
14.487000	338.797865
14.466000	334.634890
14.445000	330.343065
14.425500	326.265783
14.406000	322.120667
14.386500	317.926538
14.367000	313.700998
14.347500	309.460910
14.328000	305.222875
14.308500	301.003484
14.289000	296.819222
14.269500	292.686087
14.250000	288.619058
14.229000	284.328544
14.208000	280.144867
14.187000	276.080212
14.164500	271.868831
14.142000	267.816400
14.118000	263.679583
14.092500	259.505602
14.065500	255.346506
14.037000	251.257880
14.005500	247.107499
13.971000	243.007688
13.932000	238.924327
13.887000	234.911096
13.830000	230.835747
13.749000	226.781906
13.407000	222.781704
13.048500	218.757924
12.927000	214.710394
12.832500	210.680668
12.748500	206.616672
12.670500	202.602360
12.594000	198.578023
12.516000	194.507670
12.435000	190.450797
12.348000	186.443290
12.247500	182.422460
12.120000	178.394521
11.901000	174.387870
11.125500	170.382071
10.959000	166.374002
10.843500	162.371749
10.749000	158.339787
10.666500	154.297510
10.591500	150.257839
10.521000	146.195323
10.455000	142.193821
10.390500	138.123598
10.329000	134.121761
10.267500	130.036099
10.207500	126.009404
10.147500	121.982766
10.086000	117.889958
10.024500	113.855750
9.961500	109.799947
9.897000	105.744479
9.831000	101.721118
0.000000	0.000000
& cycle # 1, chisq = 2180.010150, e = 33.674546
15.000000	381.345955
14.995500	376.885988
14.991000	372.659145
14.986500	368.657824
14.980500	363.655890
14.974500	359.013878
14.968500	354.712056
14.961000	349.786265
14.953500	345.331085
14.946000	341.313329
14.937000	337.023445
14.926500	332.683850
14.914500	328.507150
14.899500	324.310237
14.880000	320.278150
14.847000	316.212632
14.649000	312.176650
14.584500	308.070725
14.542500	304.041593
14.506500	299.877179
14.475000	295.813367
14.445000	291.685061
14.416500	287.620561
14.388000	283.496460
14.359500	279.382402
14.331000	275.340861
14.301000	271.227476
14.269500	267.127794
14.235000	262.961712
14.197500	258.877655
14.154000	254.767731
14.101500	250.727612
14.028000	246.706426
13.648500	242.702097
13.440000	238.660976
13.345500	234.606842
13.272000	230.556295
13.207500	226.460265
13.149000	222.402663
13.093500	218.346991
13.039500	214.299341
12.985500	210.233176
12.931500	206.217489
12.876000	202.205534
12.817500	198.169114
12.754500	194.117189
12.685500	190.104603
12.606000	186.087595
12.508500	182.057986
12.373500	178.034347
12.075000	174.031785
10.953000	170.014931
10.801500	165.965706
10.708500	161.944440
10.638000	157.879967
10.581000	153.835607
10.531500	149.707420
10.488000	145.569067
10.449000	141.430051
10.414500	137.416796
10.381500	133.258710
10.351500	129.199912
10.323000	125.091679
10.296000	120.967275
10.270500	116.859657
10.246500	112.801359
10.222500	108.553211
10.200000	104.395536
10.179000	100.360401
0.000000	0.000000
& cycle # 2, chisq = 1876.120867, e = 33.674546
15.000000	414.283760
14.952000	410.240713
14.920500	406.163901
14.895000	402.046942
14.872500	397.852567
14.853000	393.824879
14.835000	389.809093
14.817000	385.536476
14.800500	381.422928
14.784000	377.148138
14.769000	373.142777
14.754000	369.041634
14.739000	364.861431
14.724000	360.619373
14.709000	356.333481
14.694000	352.022240
14.679000	347.703802
14.664000	343.395177
14.649000	339.111730
14.634000	334.867145
14.619000	330.673755
14.604000	326.543019
14.589000	322.485945
14.572500	318.121050
14.556000	313.872062
14.539500	309.751808
14.521500	305.417046
14.503500	301.260949
14.484000	296.970628
14.464500	292.908769
14.443500	288.796127
14.421000	284.695719
14.397000	280.674528
14.370000	276.587267
14.340000	272.583178
14.304000	268.501496
14.259000	264.435183
14.194500	260.370921
13.864500	256.365646
13.657500	252.314002
13.572000	248.296029
13.506000	244.235034
13.449000	240.139968
13.398000	236.085468
13.350000	231.993879
13.305000	227.972719
13.261500	223.971992
13.218000	219.916363
13.174500	215.859389
13.131000	211.848375
13.086000	207.790667
13.039500	203.737645
12.990000	199.625683
12.937500	195.544213
12.880500	191.492187
12.816000	187.429051
12.741000	183.423087
12.645000	179.400541
12.495000	175.393183
11.341500	171.392156
10.731000	167.349854
10.629000	163.274337
10.560000	159.205613
10.506000	155.123236
10.461000	151.030029
10.422000	146.917180
10.387500	142.802591
10.356000	138.627670
10.327500	134.486821
10.302000	130.475550
10.278000	126.425901
10.255500	122.379989
10.233000	118.085869
10.212000	113.848334
10.192500	109.710251
10.173000	105.372219
10.155000	101.186809
0.000000	0.000000
& cycle # 3, chisq = 1810.972412, e = 33.674546
15.000000	389.922768
14.788500	385.895250
14.739000	381.865548
14.701500	377.698166
14.670000	373.486231
14.643000	369.397774
14.617500	365.162407
14.595000	361.147743
14.572500	356.897870
14.551500	352.743798
14.530500	348.433964
14.511000	344.314156
14.491500	340.100134
14.472000	335.809277
14.454000	331.794467
14.436000	327.740799
14.418000	323.661124
14.400000	319.568669
14.382000	315.476892
14.364000	311.399104
14.346000	307.347987
14.328000	303.335179
14.308500	299.043207
14.289000	294.819897
14.269500	290.675394
14.250000	286.618912
14.229000	282.358822
14.208000	278.221479
14.187000	274.217082
14.164500	270.084943
14.140500	265.868891
14.116500	261.859856
14.091000	257.834125
14.062500	253.624606
14.032500	249.525624
13.999500	245.408913
13.963500	241.382465
13.921500	237.286914
13.872000	233.260737
13.807500	229.210065
13.707000	225.173325
13.156500	221.154488
12.982500	217.154202
12.871500	213.118713
12.780000	209.096420
12.697500	205.071673
12.619500	201.053344
12.541500	196.977175
12.462000	192.906898
12.379500	188.895418
12.289500	184.891943
12.184500	180.883314
12.045000	176.858232
11.725500	172.855100
11.055000	168.832266
10.912500	164.807867
10.809000	160.798830
10.722000	156.758170
10.645500	152.729954
10.575000	148.650197
10.510500	144.642999
10.449000	140.621785
10.389000	136.558561
10.330500	132.508449
10.272000	128.408610
10.215000	124.395697
10.158000	120.392202
10.099500	116.325621
10.039500	112.241337
9.978000	108.196266
9.913500	104.160503
9.844500	100.124351
0.000000	0.000000
& cycle # 4, chisq = 2198.647621, e = 33.674546
15.000000	328.538126
14.950500	324.537003
14.854500	320.536245
14.451000	316.524093
14.355000	312.484874
14.287500	308.441667
14.232000	304.400826
14.182500	300.299183
14.137500	296.196282
14.095500	292.074958
14.056500	288.028243
14.019000	283.970840
13.983000	279.950682
13.947000	275.831360
13.912500	271.809461
13.878000	267.733460
13.843500	263.623966
13.809000	259.503676
13.774500	255.395220
13.740000	251.318639
13.705500	247.290140
13.669500	243.151813
13.633500	239.093330
13.596000	234.965675
13.558500	230.956850
13.519500	226.931871
13.479000	222.924362
13.435500	218.828510
13.390500	214.826035
13.342500	210.823970
13.290000	206.768417
13.233000	202.754882
13.168500	198.706595
13.093500	194.634644
13.003500	190.576567
12.888000	186.558331
12.711000	182.546470
12.045000	178.545843
11.148000	174.540386
10.957500	170.499545
10.836000	166.486781
10.743000	162.422877
10.668000	158.418253
10.603500	154.411759
10.545000	150.300505
10.492500	146.200214
10.444500	142.089837
10.401000	138.049608
10.360500	134.006710
10.321500	129.849474
10.285500	125.778140
10.251000	121.664269
10.218000	117.534802
10.186500	113.415991
10.156500	109.332746
10.128000	105.308385
10.099500	101.141798
0.000000	0.000000
& cycle # 5, chisq = 1843.541167, e = 33.674546
15.000000	379.925929
14.839500	375.915159
14.790000	371.768539
14.754000	367.731913
14.722500	363.529486
14.695500	359.464321
14.670000	355.259566
14.646000	351.004534
14.623500	346.781366
14.602500	342.661230
14.581500	338.392475
14.562000	334.314337
14.542500	330.142463
14.523000	325.892367
14.503500	321.580099
14.485500	317.559054
14.467500	313.513427
14.449500	309.457100
14.431500	305.403299
14.413500	301.364112
14.395500	297.350310
14.376000	293.041770
14.356500	288.785377
14.337000	284.591707
14.317500	280.471232
14.298000	276.434422
14.277000	272.192396
14.256000	268.071189
14.233500	263.801417
14.211000	259.692421
14.187000	255.495167
14.161500	251.252572
14.136000	247.238901
14.107500	243.029278
14.077500	238.918523
14.044500	234.781002
14.008500	230.726693
13.966500	226.589789
13.917000	222.493526
13.855500	218.483945
13.764000	214.453159
13.240500	210.440033
13.023000	206.421212
12.901500	202.366784
12.804000	198.317695
12.717000	194.285170
12.634500	190.264096
12.553500	186.262887
12.471000	182.261178
12.382500	178.208569
12.285000	174.204395
12.168000	170.190747
12.003000	166.170536
11.220000	162.164384
10.986000	158.160423
10.852500	154.111862
10.750500	150.090466
10.663500	146.049755
10.585500	142.008228
10.513500	137.979520
10.446000	133.979026
10.380000	129.887118
10.317000	125.846698
10.255500	121.815980
10.194000	117.747012
10.132500	113.686603
10.071000	109.673221
10.008000	105.639386
9.943500	101.614058
0.000000	0.000000
& cycle # 1, chisq = 2202.625867, e = 32.436442
15.000000	414.283760
14.995500	408.452085
14.991000	402.940321
14.986500	397.733331
14.982000	392.819697
14.977500	388.188275
14.973000	383.827369
14.968500	379.724933
14.962500	374.636454
14.956500	369.959118
14.950500	365.667690
14.943000	360.810560
14.935500	356.477196
14.926500	351.911663
14.916000	347.375791
14.904000	343.111777
14.889000	338.960514
14.868000	334.928504
14.820000	330.906500
14.649000	326.875509
14.607000	322.828880
14.575500	318.749411
14.548500	314.622712
14.524500	310.542365
14.502000	306.429866
14.481000	302.394015
14.460000	298.215685
14.439000	293.940879
14.419500	289.924460
14.400000	285.899071
14.380500	281.898812
14.359500	277.655677
14.338500	273.515121
14.317500	269.508600
14.295000	265.394406
14.271000	261.238060
14.245500	257.111494
14.218500	253.091826
14.188500	249.069757
14.154000	245.039851
14.112000	240.991583
14.055000	236.917659
13.948500	232.908734
13.540500	228.895276
13.443000	224.857893
13.371000	220.766664
13.311000	216.751335
13.255500	212.667855
13.203000	208.595761
13.152000	204.550497
13.101000	200.509917
13.048500	196.443066
12.993000	192.338502
12.934500	188.327910
12.868500	184.299339
12.789000	180.245582
12.682500	176.225889
12.435000	172.223826
11.626500	168.212057
11.011500	164.182858
10.923000	160.135796
10.867500	156.115051
10.825500	152.099887
10.791000	148.068334
10.761000	143.958994
10.734000	139.734304
10.710000	135.527452
10.689000	131.474900
10.669500	127.383961
10.651500	123.313896
10.633500	118.949234
10.617000	114.678938
10.602000	110.564892
10.587000	106.222316
10.573500	102.112422
0.000000	0.000000
& cycle # 3, chisq = 2082.438739, e = 32.436442
15.000000	389.922768
14.986500	385.472760
14.973000	381.449807
14.956500	377.078299
14.938500	372.931149
14.917500	368.842560
14.892000	364.841438
14.856000	360.701815
14.793000	356.685573
14.488500	352.652899
14.412000	348.566245
14.361000	344.505716
14.319000	340.363319
14.283000	336.262494
14.250000	332.078655
14.220000	327.943378
14.191500	323.744728
14.164500	319.547405
14.139000	315.408503
14.115000	311.376081
14.091000	307.226928
14.067000	302.975930
14.044500	298.910925
14.022000	294.781021
13.999500	290.598691
13.977000	286.377088
13.954500	282.129896
13.932000	277.870919
13.909500	273.613550
13.887000	269.370281
13.864500	265.152403
13.842000	260.969963
13.819500	256.831955
13.797000	252.746668
13.774500	248.722046
13.750500	244.504854
13.726500	240.375229
13.702500	236.342642
13.677000	232.174395
13.651500	228.135501
13.624500	224.008865
13.596000	219.827856
13.566000	215.626872
13.534500	211.440944
13.501500	207.305957
13.467000	203.259250
13.429500	199.183276
13.389000	195.159740
13.344000	191.145755
13.291500	187.050500
13.230000	183.006845
13.153500	179.002265
13.044000	174.978348
12.783000	170.971334
11.148000	166.952497
10.978500	162.948150
10.864500	158.900007
10.774500	154.889477
10.696500	150.839151
10.627500	146.818267
10.564500	142.800755
10.506000	138.798180
10.450500	134.791785
10.396500	130.735799
10.344000	126.679574
10.293000	122.664183
10.242000	118.602508
10.191000	114.520967
10.140000	110.448189
10.089000	106.417690
10.036500	102.353795
0.000000	0.000000
& cycle # 4, chisq = 1854.732197, e = 32.436442
15.000000	328.538126
14.992500	324.227114
14.983500	319.613013
14.974500	315.554546
14.964000	311.453158
14.950500	307.075457
14.934000	302.900652
14.911500	298.888115
14.865000	294.834921
14.655000	290.758629
14.599500	286.744539
14.557500	282.742808
14.520000	278.652252
14.485500	274.604302
14.451000	270.423487
14.418000	266.421516
14.383500	262.344101
14.347500	258.302590
14.308500	254.264306
14.263500	250.148246
14.209500	246.082577
14.134500	242.049381
13.752000	238.039802
13.569000	233.999094
13.482000	229.943496
13.414500	225.854638
13.356000	221.743582
13.303500	217.698013
13.254000	213.651519
13.206000	209.580274
13.159500	205.562899
13.113000	201.540227
13.065000	197.452656
13.015500	193.375823
12.963000	189.271215
12.907500	185.236881
12.846000	181.192339
12.775500	177.174717
12.687000	173.135591
12.555000	169.119504
11.842500	165.106604
11.569500	161.092287
11.347500	157.074292
10.657500	153.073130
10.408500	149.044946
10.309500	145.020939
10.239000	140.981566
10.182000	136.892189
10.134000	132.823907
10.092000	128.768962
10.054500	124.745134
10.020000	120.701417
9.987000	116.524767
9.957000	112.465424
9.928500	108.377898
9.901500	104.298290
9.876000	100.260759
0.000000	0.000000
& cycle # 5, chisq = 1958.225565, e = 32.436442
15.000000	347.794316
14.992500	343.229394
14.985000	339.151889
14.976000	334.850763
14.965500	330.572610
14.953500	326.540831
14.937000	322.266284
14.913000	318.142590
14.778000	314.131971
14.679000	310.071414
14.635500	305.910973
14.602500	301.873250
14.572500	297.659128
14.545500	293.525567
14.520000	289.413810
14.494500	285.180276
14.470500	281.149599
14.446500	277.130277
14.421000	272.928481
14.395500	268.852099
14.368500	264.728429
14.340000	260.645021
14.308500	256.506312
14.274000	252.468240
14.233500	248.418320
14.182500	244.381475
14.104500	240.345393
13.699500	236.322525
13.576500	232.262016
13.500000	228.203723
13.438500	224.193005
13.383000	220.107417
13.332000	216.056809
13.282500	211.947757
13.234500	207.888837
13.186500	203.845418
13.137000	199.775038
13.086000	195.762534
13.030500	191.681677
12.969000	187.593308
12.898500	183.564210
12.808500	179.526516
12.664500	175.513991
11.938500	171.509334
11.628000	167.506015
11.011500	163.481283
10.915500	159.443466
10.855500	155.339051
10.810500	151.238223
10.774500	147.222635
10.743000	143.111496
10.716000	139.105297
10.690500	134.883928
10.668000	130.785332
10.647000	126.627649
10.627500	122.466901
10.609500	118.359606
10.591500	113.987050
10.575000	109.738033
10.560000	105.669208
10.545000	101.398536
0.000000	0.000000
& cycle # 6, chisq = 2080.817667, e = 32.436442
