0.000000	7.994309
0.375698	7.994309
0.375698	10.072882
0.782203	10.072882
0.782203	10.254715
1.054461	10.254715
1.054461	10.352405
1.495271	10.352405
1.495271	10.436917
1.927180	10.436917
1.927180	10.495734
2.278661	10.495734
2.278661	10.557489
2.947167	10.557489
2.947167	10.623834
3.613756	10.623834
3.613756	10.674346
4.173559	10.674346
4.173559	10.731070
5.247409	10.731070
5.247409	10.795693
6.257889	10.795693
6.257889	10.850557
7.105791	10.850557
7.105791	10.919940
8.642917	10.919940
8.642917	11.002134
10.049521	11.002134
10.049521	11.066263
11.231064	11.066263
11.231064	11.130529
13.378233	11.130529
13.378233	11.188481
15.343123	11.188481
15.343123	11.230010
17.016050	11.230010
17.016050	11.285452
19.884516	11.285452
19.884516	11.368345
22.155069	11.368345
22.155069	11.463032
23.899798	11.463032
23.899798	11.620806
26.491258	11.620806
26.491258	11.859382
28.353951	11.859382
28.353951	12.077390
29.751898	12.077390
29.751898	12.288804
31.866733	12.288804
31.866733	12.440948
33.641204	12.440948
33.641204	12.512012
35.193397	12.512012
35.193397	12.568513
37.786599	12.568513
37.786599	12.625596
40.003084	12.625596
40.003084	12.678523
41.883094	12.678523
41.883094	12.753123
44.665725	12.753123
44.665725	12.856723
46.833045	12.856723
46.833045	12.964872
48.568248	12.964872
48.568248	13.109899
50.923836	13.109899
50.923836	13.284135
52.767403	13.284135
52.767403	13.427217
54.299525	13.427217
54.299525	13.560265
56.450963	13.560265
56.450963	13.665959
58.313578	13.665959
58.313578	13.727681
59.992749	13.727681
59.992749	13.774556
62.397012	13.774556
62.397012	13.810283
64.576293	13.810283
64.576293	13.832645
66.585614	13.832645
& cycle # 1, chisq = 2170.051162, e = 33.192634
0.000000	8.094185
0.375698	8.094185
0.375698	10.120780
0.782203	10.120780
0.782203	10.274737
1.054461	10.274737
1.054461	10.353237
1.495271	10.353237
1.495271	10.420858
1.927180	10.420858
1.927180	10.468517
2.278661	10.468517
2.278661	10.519652
2.947167	10.519652
2.947167	10.576039
3.613756	10.576039
3.613756	10.620242
4.173559	10.620242
4.173559	10.671500
5.247409	10.671500
5.247409	10.731684
6.257889	10.731684
6.257889	10.784036
7.105791	10.784036
7.105791	10.851472
8.642917	10.851472
8.642917	10.932570
10.049521	10.932570
10.049521	10.996791
11.231064	10.996791
11.231064	11.062445
13.378233	11.062445
13.378233	11.123440
15.343123	11.123440
15.343123	11.168726
17.016050	11.168726
17.016050	11.230587
19.884516	11.230587
19.884516	11.323871
22.155069	11.323871
22.155069	11.430702
23.899798	11.430702
23.899798	11.608740
26.491258	11.608740
26.491258	11.877627
28.353951	11.877627
28.353951	12.122626
29.751898	12.122626
29.751898	12.358617
31.866733	12.358617
31.866733	12.525686
33.641204	12.525686
33.641204	12.600631
35.193397	12.600631
35.193397	12.656207
37.786599	12.656207
37.786599	12.708659
40.003084	12.708659
40.003084	12.755243
41.883094	12.755243
41.883094	12.819453
44.665725	12.819453
44.665725	12.907556
46.833045	12.907556
46.833045	12.998912
48.568248	12.998912
48.568248	13.120966
50.923836	13.120966
50.923836	13.267277
52.767403	13.267277
52.767403	13.387252
54.299525	13.387252
54.299525	13.498706
56.450963	13.498706
56.450963	13.587198
58.313578	13.587198
58.313578	13.638883
59.992749	13.638883
59.992749	13.678184
62.397012	13.678184
62.397012	13.708213
64.576293	13.708213
64.576293	13.727079
66.585614	13.727079
& cycle # 2, chisq = 1889.498776, e = 33.192634
0.000000	8.160686
0.375698	8.160686
0.375698	10.189290
0.782203	10.189290
0.782203	10.335676
1.054461	10.335676
1.054461	10.407814
1.495271	10.407814
1.495271	10.469086
1.927180	10.469086
1.927180	10.512025
2.278661	10.512025
2.278661	10.558060
2.947167	10.558060
2.947167	10.608927
3.613756	10.608927
3.613756	10.648948
4.173559	10.648948
4.173559	10.695591
5.247409	10.695591
5.247409	10.750650
6.257889	10.750650
6.257889	10.798780
7.105791	10.798780
7.105791	10.861065
8.642917	10.861065
8.642917	10.936342
10.049521	10.936342
10.049521	10.996334
11.231064	10.996334
11.231064	11.058315
13.378233	11.058315
13.378233	11.116889
15.343123	11.116889
15.343123	11.161291
17.016050	11.161291
17.016050	11.222821
19.884516	11.222821
19.884516	11.316201
22.155069	11.316201
22.155069	11.423452
23.899798	11.423452
23.899798	11.602487
26.491258	11.602487
26.491258	11.873200
28.353951	11.873200
28.353951	12.120115
29.751898	12.120115
29.751898	12.358195
31.866733	12.358195
31.866733	12.526882
33.641204	12.526882
33.641204	12.602522
35.193397	12.602522
35.193397	12.658368
37.786599	12.658368
37.786599	12.710681
40.003084	12.710681
40.003084	12.756830
41.883094	12.756830
41.883094	12.820142
44.665725	12.820142
44.665725	12.906727
46.833045	12.906727
46.833045	12.996285
48.568248	12.996285
48.568248	13.115672
50.923836	13.115672
50.923836	13.258455
52.767403	13.258455
52.767403	13.375206
54.299525	13.375206
54.299525	13.483248
56.450963	13.483248
56.450963	13.568579
58.313578	13.568579
58.313578	13.618072
59.992749	13.618072
59.992749	13.655450
62.397012	13.655450
62.397012	13.683865
64.576293	13.683865
64.576293	13.701662
66.585614	13.701662
& cycle # 3, chisq = 1842.106373, e = 33.192634
0.000000	7.823878
0.375698	7.823878
0.375698	10.013504
0.782203	10.013504
0.782203	10.222428
1.054461	10.222428
1.054461	10.334429
1.495271	10.334429
1.495271	10.430013
1.927180	10.430013
1.927180	10.495433
2.278661	10.495433
2.278661	10.562918
2.947167	10.562918
2.947167	10.634155
3.613756	10.634155
3.613756	10.687448
4.173559	10.687448
4.173559	10.746241
5.247409	10.746241
5.247409	10.812176
6.257889	10.812176
6.257889	10.867493
7.105791	10.867493
7.105791	10.936896
8.642917	10.936896
8.642917	11.018677
10.049521	11.018677
10.049521	11.082231
11.231064	11.082231
11.231064	11.145697
13.378233	11.145697
13.378233	11.202705
15.343123	11.202705
15.343123	11.243411
17.016050	11.243411
17.016050	11.297690
19.884516	11.297690
19.884516	11.378879
22.155069	11.378879
22.155069	11.471696
23.899798	11.471696
23.899798	11.626494
26.491258	11.626494
26.491258	11.860808
28.353951	11.860808
28.353951	12.075193
29.751898	12.075193
29.751898	12.283503
31.866733	12.283503
31.866733	12.433928
33.641204	12.433928
33.641204	12.504632
35.193397	12.504632
35.193397	12.561277
37.786599	12.561277
37.786599	12.618794
40.003084	12.618794
40.003084	12.672228
41.883094	12.672228
41.883094	12.747579
44.665725	12.747579
44.665725	12.852223
46.833045	12.852223
46.833045	12.961444
48.568248	12.961444
48.568248	13.107872
50.923836	13.107872
50.923836	13.283731
52.767403	13.283731
52.767403	13.428081
54.299525	13.428081
54.299525	13.562221
56.450963	13.562221
56.450963	13.668688
58.313578	13.668688
58.313578	13.730788
59.992749	13.730788
59.992749	13.777896
62.397012	13.777896
62.397012	13.813770
64.576293	13.813770
64.576293	13.836213
66.585614	13.836213
& cycle # 4, chisq = 2218.460053, e = 33.192634
0.000000	7.932828
0.375698	7.932828
0.375698	10.179249
0.782203	10.179249
0.782203	10.348978
1.054461	10.348978
1.054461	10.425852
1.495271	10.425852
1.495271	10.488157
1.927180	10.488157
1.927180	10.530629
2.278661	10.530629
2.278661	10.575491
2.947167	10.575491
2.947167	10.624668
3.613756	10.624668
3.613756	10.663208
4.173559	10.663208
4.173559	10.708069
5.247409	10.708069
5.247409	10.761048
6.257889	10.761048
6.257889	10.807424
7.105791	10.807424
7.105791	10.867565
8.642917	10.867565
8.642917	10.940444
10.049521	10.940444
10.049521	10.998742
11.231064	10.998742
11.231064	11.059346
13.378233	11.059346
13.378233	11.117183
15.343123	11.117183
15.343123	11.161523
17.016050	11.161523
17.016050	11.223413
19.884516	11.223413
19.884516	11.317610
22.155069	11.317610
22.155069	11.425914
23.899798	11.425914
23.899798	11.606783
26.491258	11.606783
26.491258	11.880312
28.353951	11.880312
28.353951	12.129806
29.751898	12.129806
29.751898	12.370338
31.866733	12.370338
31.866733	12.540674
33.641204	12.540674
33.641204	12.616929
35.193397	12.616929
35.193397	12.673032
37.786599	12.673032
37.786599	12.725363
40.003084	12.725363
40.003084	12.771372
41.883094	12.771372
41.883094	12.834348
44.665725	12.834348
44.665725	12.920335
46.833045	12.920335
46.833045	13.009161
48.568248	13.009161
48.568248	13.127436
50.923836	13.127436
50.923836	13.268710
52.767403	13.268710
52.767403	13.384049
54.299525	13.384049
54.299525	13.490561
56.450963	13.490561
56.450963	13.574441
58.313578	13.574441
58.313578	13.622911
59.992749	13.622911
59.992749	13.659385
62.397012	13.659385
62.397012	13.687047
64.576293	13.687047
64.576293	13.704358
66.585614	13.704358
& cycle # 5, chisq = 1830.692947, e = 33.192634
0.000000	7.597407
0.389519	7.597407
0.389519	10.075012
0.801394	10.075012
0.801394	10.302635
1.078353	10.302635
1.078353	10.409265
1.522738	10.409265
1.522738	10.495234
1.957699	10.495234
1.957699	10.552977
2.312255	10.552977
2.312255	10.612227
2.979578	10.612227
2.979578	10.675183
3.644591	10.675183
3.644591	10.723273
4.203615	10.723273
4.203615	10.778000
5.262644	10.778000
5.262644	10.841452
6.256898	10.841452
6.256898	10.895423
7.092482	10.895423
7.092482	10.961587
8.600069	10.961587
8.600069	11.036330
9.996293	11.036330
9.996293	11.092129
11.184338	11.092129
11.184338	11.146930
13.344927	11.146930
13.344927	11.198052
15.333527	11.198052
15.333527	11.237505
17.028359	11.237505
17.028359	11.292430
19.900841	11.292430
19.900841	11.375492
22.173562	11.375492
22.173562	11.470620
23.920976	11.470620
23.920976	11.627666
26.497310	11.627666
26.497310	11.862632
28.360011	11.862632
28.360011	12.076105
29.765176	12.076105
29.765176	12.282099
31.879977	12.282099
31.879977	12.431245
33.659061	12.431245
33.659061	12.502364
35.216692	12.502364
35.216692	12.559826
37.796581	12.559826
37.796581	12.618483
40.005535	12.618483
40.005535	12.673127
41.882826	12.673127
41.882826	12.749638
44.646271	12.749638
44.646271	12.855061
46.809953	12.855061
46.809953	12.964625
48.549911	12.964625
48.549911	13.110370
50.905193	13.110370
50.905193	13.284642
52.757960	13.284642
52.757960	13.428187
54.301468	13.428187
54.301468	13.561795
56.455061	13.561795
56.455061	13.667715
58.320280	13.667715
58.320280	13.728774
60.001236	13.728774
60.001236	13.773572
62.389896	13.773572
62.389896	13.806668
64.551035	13.806668
64.551035	13.827492
66.536772	13.827492
& cycle # 1, chisq = 2162.378430, e = 32.689073
0.000000	7.686497
0.389519	7.686497
0.389519	10.077734
0.801394	10.077734
0.801394	10.287439
1.078353	10.287439
1.078353	10.386708
1.522738	10.386708
1.522738	10.467907
1.957699	10.467907
1.957699	10.523269
2.312255	10.523269
2.312255	10.580902
2.979578	10.580902
2.979578	10.642990
3.644591	10.642990
3.644591	10.691054
4.203615	10.691054
4.203615	10.746441
5.262644	10.746441
5.262644	10.811308
6.256898	10.811308
6.256898	10.866882
7.092482	10.866882
7.092482	10.935341
8.600069	10.935341
8.600069	11.012933
9.996293	11.012933
9.996293	11.070990
11.184338	11.070990
11.184338	11.128092
13.344927	11.128092
13.344927	11.181389
15.333527	11.181389
15.333527	11.222495
17.028359	11.222495
17.028359	11.279643
19.900841	11.279643
19.900841	11.365942
22.173562	11.365942
22.173562	11.464656
23.920976	11.464656
23.920976	11.627409
26.497310	11.627409
26.497310	11.870532
28.360011	11.870532
28.360011	12.090923
29.765176	12.090923
29.765176	12.302737
31.879977	12.302737
31.879977	12.454834
33.659061	12.454834
33.659061	12.526093
35.216692	12.526093
35.216692	12.582201
37.796581	12.582201
37.796581	12.638265
40.005535	12.638265
40.005535	12.689897
41.882826	12.689897
41.882826	12.761843
44.646271	12.761843
44.646271	12.860796
46.809953	12.860796
46.809953	12.963612
48.549911	12.963612
48.549911	13.100504
50.905193	13.100504
50.905193	13.264485
52.757960	13.264485
52.757960	13.399940
54.301468	13.399940
54.301468	13.526584
56.455061	13.526584
56.455061	13.627688
58.320280	13.627688
58.320280	13.686602
60.001236	13.686602
60.001236	13.730450
62.389896	13.730450
62.389896	13.763390
64.551035	13.763390
64.551035	13.784499
66.536772	13.784499
& cycle # 2, chisq = 2059.848765, e = 32.689073
0.000000	7.819743
0.389519	7.819743
0.389519	10.245916
0.801394	10.245916
0.801394	10.436820
1.078353	10.436820
1.078353	10.517581
1.522738	10.517581
1.522738	10.579792
1.957699	10.579792
1.957699	10.620952
2.312255	10.620952
2.312255	10.663466
2.979578	10.663466
2.979578	10.709529
3.644591	10.709529
3.644591	10.745699
4.203615	10.745699
4.203615	10.788223
5.262644	10.788223
5.262644	10.839084
6.256898	10.839084
6.256898	10.883514
7.092482	10.883514
7.092482	10.939282
8.600069	10.939282
8.600069	11.003786
9.996293	11.003786
9.996293	11.053315
11.184338	11.053315
11.184338	11.104002
13.344927	11.104002
13.344927	11.154101
15.333527	11.154101
15.333527	11.195143
17.028359	11.195143
17.028359	11.254380
19.900841	11.254380
19.900841	11.345305
22.173562	11.345305
22.173562	11.450065
23.920976	11.450065
23.920976	11.623457
26.497310	11.623457
26.497310	11.883097
28.360011	11.883097
28.360011	12.118833
29.765176	12.118833
29.765176	12.345474
31.879977	12.345474
31.879977	12.507695
33.659061	12.507695
33.659061	12.582648
35.216692	12.582648
35.216692	12.639786
37.796581	12.639786
37.796581	12.694716
40.005535	12.694716
40.005535	12.743846
41.882826	12.743846
41.882826	12.811042
44.646271	12.811042
44.646271	12.902330
46.809953	12.902330
46.809953	12.996354
48.549911	12.996354
48.549911	13.120653
50.905193	13.120653
50.905193	13.268543
52.757960	13.268543
52.757960	13.389780
54.301468	13.389780
54.301468	13.502065
56.455061	13.502065
56.455061	13.590630
58.320280	13.590630
58.320280	13.641480
60.001236	13.641480
60.001236	13.678814
62.389896	13.678814
62.389896	13.706628
64.551035	13.706628
64.551035	13.724433
66.536772	13.724433
& cycle # 3, chisq = 1838.056723, e = 32.689073
0.000000	7.707936
0.389519	7.707936
0.389519	10.199725
0.801394	10.199725
0.801394	10.410058
1.078353	10.410058
1.078353	10.500996
1.522738	10.500996
1.522738	10.571211
1.957699	10.571211
1.957699	10.617302
2.312255	10.617302
2.312255	10.664213
2.979578	10.664213
2.979578	10.714101
3.644591	10.714101
3.644591	10.752459
4.203615	10.752459
4.203615	10.796583
5.262644	10.796583
5.262644	10.848374
6.256898	10.848374
6.256898	10.892972
7.092482	10.892972
7.092482	10.948376
8.600069	10.948376
8.600069	11.011991
9.996293	11.011991
9.996293	11.060582
11.184338	11.060582
11.184338	11.110155
13.344927	11.110155
13.344927	11.159136
15.333527	11.159136
15.333527	11.199373
17.028359	11.199373
17.028359	11.257712
19.900841	11.257712
19.900841	11.347627
22.173562	11.347627
22.173562	11.451573
23.920976	11.451573
23.920976	11.624168
26.497310	11.624168
26.497310	11.883477
28.360011	11.883477
28.360011	12.119842
29.765176	12.119842
29.765176	12.348356
31.879977	12.348356
31.879977	12.513314
33.659061	12.513314
33.659061	12.590496
35.216692	12.590496
35.216692	12.649883
37.796581	12.649883
37.796581	12.706843
40.005535	12.706843
40.005535	12.757274
41.882826	12.757274
41.882826	12.825422
44.646271	12.825422
44.646271	12.916953
46.809953	12.916953
46.809953	13.010212
48.549911	13.010212
48.549911	13.132103
50.905193	13.132103
50.905193	13.275215
52.757960	13.275215
52.757960	13.390545
54.301468	13.390545
54.301468	13.494809
56.455061	13.494809
56.455061	13.574184
58.320280	13.574184
58.320280	13.617445
60.001236	13.617445
60.001236	13.647212
62.389896	13.647212
62.389896	13.667903
64.551035	13.667903
64.551035	13.680292
66.536772	13.680292
& cycle # 4, chisq = 1812.074267, e = 32.689073
0.000000	7.551561
0.389519	7.551561
0.389519	10.088085
0.801394	10.088085
0.801394	10.305245
1.078353	10.305245
1.078353	10.397158
1.522738	10.397158
1.522738	10.467798
1.957699	10.467798
1.957699	10.514436
2.312255	10.514436
2.312255	10.562523
2.979578	10.562523
2.979578	10.614540
3.644591	10.614540
3.644591	10.655316
4.203615	10.655316
4.203615	10.703173
5.262644	10.703173
5.262644	10.760310
6.256898	10.760310
6.256898	10.810134
7.092482	10.810134
7.092482	10.872541
8.600069	10.872541
8.600069	10.944516
9.996293	10.944516
9.996293	10.999542
11.184338	10.999542
11.184338	11.055433
13.344927	11.055433
13.344927	11.110053
15.333527	11.110053
15.333527	11.154254
17.028359	11.154254
17.028359	11.217529
19.900841	11.217529
19.900841	11.314236
22.173562	11.314236
22.173562	11.425373
23.920976	11.425373
23.920976	11.608932
26.497310	11.608932
26.497310	11.883192
28.360011	11.883192
28.360011	12.131506
29.765176	12.131506
29.765176	12.369151
31.879977	12.369151
31.879977	12.537778
33.659061	12.537778
33.659061	12.614312
35.216692	12.614312
35.216692	12.671127
37.796581	12.671127
37.796581	12.724491
40.005535	12.724491
40.005535	12.771588
41.882826	12.771588
41.882826	12.835598
44.646271	12.835598
44.646271	12.922273
46.809953	12.922273
46.809953	13.011382
48.549911	13.011382
48.549911	13.129052
50.905193	13.129052
50.905193	13.268947
52.757960	13.268947
52.757960	13.383558
54.301468	13.383558
54.301468	13.489651
56.455061	13.489651
56.455061	13.573311
58.320280	13.573311
58.320280	13.621368
60.001236	13.621368
60.001236	13.656728
62.389896	13.656728
62.389896	13.683197
64.551035	13.683197
64.551035	13.700276
66.536772	13.700276
& cycle # 5, chisq = 1824.276501, e = 32.689073
0.000000	8.214728
0.366603	8.214728
0.366603	10.048324
0.771596	10.048324
0.771596	10.217800
1.041863	10.217800
1.041863	10.317501
1.483058	10.317501
1.483058	10.406275
1.915751	10.406275
1.915751	10.468335
2.267339	10.468335
2.267339	10.533381
2.942422	10.533381
2.942422	10.602527
3.615652	10.602527
3.615652	10.654528
4.179346	10.654528
4.179346	10.713933
5.264544	10.713933
5.264544	10.784247
6.273612	10.784247
6.273612	10.845543
7.109999	10.845543
7.109999	10.923096
8.625196	10.923096
8.625196	11.011731
10.007475	11.011731
10.007475	11.076382
11.172561	11.076382
11.172561	11.137682
13.325886	11.137682
13.325886	11.192081
15.306503	11.192081
15.306503	11.231800
16.992453	11.231800
16.992453	11.286099
19.902398	11.286099
19.902398	11.368364
22.191405	11.368364
22.191405	11.463106
23.938460	11.463106
23.938460	11.623080
26.532507	11.623080
26.532507	11.867335
28.377186	11.867335
28.377186	12.089444
29.754507	12.089444
29.754507	12.301861
31.854208	12.301861
31.854208	12.451438
33.618190	12.451438
33.618190	12.520060
35.162493	12.520060
35.162493	12.574732
37.765014	12.574732
37.765014	12.629896
39.987322	12.629896
39.987322	12.680792
41.869915	12.680792
41.869915	12.752844
44.671875	12.752844
44.671875	12.853523
46.845067	12.853523
46.845067	12.959034
48.578497	12.959034
48.578497	13.101635
50.937714	13.101635
50.937714	13.273801
52.774775	13.273801
52.774775	13.414742
54.297217	13.414742
54.297217	13.545036
56.445895	13.545036
56.445895	13.647088
58.303949	13.647088
58.303949	13.705158
59.977938	13.705158
59.977938	13.747924
62.386031	13.747924
62.386031	13.779378
64.561683	13.779378
64.561683	13.798549
66.558394	13.798549
& cycle # 1, chisq = 2153.066001, e = 33.649346
0.000000	8.356029
0.366603	8.356029
0.366603	10.086866
0.771596	10.086866
0.771596	10.212113
1.041863	10.212113
1.041863	10.282312
1.483058	10.282312
1.483058	10.345675
1.915751	10.345675
1.915751	10.391379
2.267339	10.391379
2.267339	10.441253
2.942422	10.441253
2.942422	10.496749
3.615652	10.496749
3.615652	10.540642
4.179346	10.540642
4.179346	10.593474
5.264544	10.593474
5.264544	10.658819
6.273612	10.658819
6.273612	10.717687
7.109999	10.717687
7.109999	10.794073
8.625196	10.794073
8.625196	10.883367
10.007475	10.883367
10.007475	10.950127
11.172561	10.950127
11.172561	11.015544
13.325886	11.015544
13.325886	11.076219
15.306503	11.076219
15.306503	11.122594
16.992453	11.122594
16.992453	11.187687
19.902398	11.187687
19.902398	11.287152
22.191405	11.287152
22.191405	11.401853
23.938460	11.401853
23.938460	11.595218
26.532507	11.595218
26.532507	11.889446
28.377186	11.889446
28.377186	12.155464
29.754507	12.155464
29.754507	12.406992
31.854208	12.406992
31.854208	12.579716
33.618190	12.579716
33.618190	12.654487
35.162493	12.654487
35.162493	12.708685
37.765014	12.708685
37.765014	12.758639
39.987322	12.758639
39.987322	12.802162
41.869915	12.802162
41.869915	12.861984
44.671875	12.861984
44.671875	12.944245
46.845067	12.944245
46.845067	13.029644
48.578497	13.029644
48.578497	13.144362
50.937714	13.144362
50.937714	13.282214
52.774775	13.282214
52.774775	13.394563
54.297217	13.394563
54.297217	13.497944
56.445895	13.497944
56.445895	13.578545
58.303949	13.578545
58.303949	13.624283
59.977938	13.624283
59.977938	13.658101
62.386031	13.658101
62.386031	13.683353
64.561683	13.683353
64.561683	13.699214
66.558394	13.699214
& cycle # 2, chisq = 1895.843730, e = 33.649346
0.000000	8.465359
0.366603	8.465359
0.366603	10.224630
0.771596	10.224630
0.771596	10.343331
1.041863	10.343331
1.041863	10.407014
1.483058	10.407014
1.483058	10.463534
1.915751	10.463534
1.915751	10.503977
2.267339	10.503977
2.267339	10.547952
2.942422	10.547952
2.942422	10.596806
3.615652	10.596806
3.615652	10.635418
4.179346	10.635418
4.179346	10.681886
5.264544	10.681886
5.264544	10.739374
6.273612	10.739374
6.273612	10.791193
7.109999	10.791193
7.109999	10.858513
8.625196	10.858513
8.625196	10.937386
10.007475	10.937386
10.007475	10.996604
11.172561	10.996604
11.172561	11.055133
13.325886	11.055133
13.325886	11.110235
15.306503	11.110235
15.306503	11.153129
16.992453	11.153129
16.992453	11.214179
19.902398	11.214179
19.902398	11.308193
22.191405	11.308193
22.191405	11.417118
23.938460	11.417118
23.938460	11.601437
26.532507	11.601437
26.532507	11.882929
28.377186	11.882929
28.377186	12.138523
29.754507	12.138523
29.754507	12.381696
31.854208	12.381696
31.854208	12.550382
33.618190	12.550382
33.618190	12.624685
35.162493	12.624685
35.162493	12.679615
37.765014	12.679615
37.765014	12.730848
39.987322	12.730848
39.987322	12.775624
41.869915	12.775624
41.869915	12.837099
44.671875	12.837099
44.671875	12.921459
46.845067	12.921459
46.845067	13.008849
48.578497	13.008849
48.578497	13.125974
50.937714	13.125974
50.937714	13.266346
52.774775	13.266346
52.774775	13.380367
54.297217	13.380367
54.297217	13.484804
56.445895	13.484804
56.445895	13.565713
58.303949	13.565713
58.303949	13.611244
59.977938	13.611244
59.977938	13.644626
62.386031	13.644626
62.386031	13.669388
64.561683	13.669388
64.561683	13.684870
66.558394	13.684870
& cycle # 3, chisq = 1826.603722, e = 33.649346
0.000000	8.157232
0.366603	8.157232
0.366603	10.124656
0.771596	10.124656
0.771596	10.291371
1.041863	10.291371
1.041863	10.382991
1.483058	10.382991
1.483058	10.463124
1.915751	10.463124
1.915751	10.518954
2.267339	10.518954
2.267339	10.577688
2.942422	10.577688
2.942422	10.640576
3.615652	10.640576
3.615652	10.688320
4.179346	10.688320
4.179346	10.743444
5.264544	10.743444
5.264544	10.809304
6.273612	10.809304
6.273612	10.867131
7.109999	10.867131
7.109999	10.940693
8.625196	10.940693
8.625196	11.025166
10.007475	11.025166
10.007475	11.087090
11.172561	11.087090
11.172561	11.146180
13.325886	11.146180
13.325886	11.199059
15.306503	11.199059
15.306503	11.238004
16.992453	11.238004
16.992453	11.291508
19.902398	11.291508
19.902398	11.372702
22.191405	11.372702
22.191405	11.466249
23.938460	11.466249
23.938460	11.624220
26.532507	11.624220
26.532507	11.865436
28.377186	11.865436
28.377186	12.084821
29.754507	12.084821
29.754507	12.294750
31.854208	12.294750
31.854208	12.442812
33.618190	12.442812
33.618190	12.511032
35.162493	12.511032
35.162493	12.565792
37.765014	12.565792
37.765014	12.621445
39.987322	12.621445
39.987322	12.673030
41.869915	12.673030
41.869915	12.746232
44.671875	12.746232
44.671875	12.848651
46.845067	12.848651
46.845067	12.956062
48.578497	12.956062
48.578497	13.101292
50.937714	13.101292
50.937714	13.276682
52.774775	13.276682
52.774775	13.420292
54.297217	13.420292
54.297217	13.553078
56.445895	13.553078
56.445895	13.657096
58.303949	13.657096
58.303949	13.716287
59.977938	13.716287
59.977938	13.759863
62.386031	13.759863
62.386031	13.791887
64.561683	13.791887
64.561683	13.811376
66.558394	13.811376
& cycle # 4, chisq = 2176.422386, e = 33.649346
0.000000	8.259264
0.366603	8.259264
0.366603	10.128371
0.771596	10.128371
0.771596	10.282290
1.041863	10.282290
1.041863	10.368526
1.483058	10.368526
1.483058	10.444717
1.915751	10.444717
1.915751	10.498178
2.267339	10.498178
2.267339	10.554729
2.942422	10.554729
2.942422	10.615561
3.615652	10.615561
3.615652	10.661945
4.179346	10.661945
4.179346	10.715723
5.264544	10.715723
5.264544	10.780200
6.273612	10.780200
6.273612	10.836975
7.109999	10.836975
7.109999	10.909413
8.625196	10.909413
8.625196	10.992924
10.007475	10.992924
10.007475	11.054528
11.172561	11.054528
11.172561	11.114012
13.325886	11.114012
13.325886	11.168329
15.306503	11.168329
15.306503	11.209344
16.992453	11.209344
16.992453	11.266728
19.902398	11.266728
19.902398	11.354595
22.191405	11.354595
22.191405	11.456272
23.938460	11.456272
23.938460	11.628410
26.532507	11.628410
26.532507	11.891677
28.377186	11.891677
28.377186	12.131322
29.754507	12.131322
29.754507	12.360460
31.854208	12.360460
31.854208	12.521134
33.618190	12.521134
33.618190	12.593657
35.162493	12.593657
35.162493	12.649396
37.765014	12.649396
37.765014	12.703319
39.987322	12.703319
39.987322	12.751503
41.869915	12.751503
41.869915	12.818330
44.671875	12.818330
44.671875	12.910428
46.845067	12.910428
46.845067	13.005964
48.578497	13.005964
48.578497	13.133949
50.937714	13.133949
50.937714	13.287077
52.774775	13.287077
52.774775	13.411091
54.297217	13.411091
54.297217	13.524131
56.445895	13.524131
56.445895	13.611032
58.303949	13.611032
58.303949	13.659353
59.977938	13.659353
59.977938	13.694224
62.386031	13.694224
62.386031	13.719597
64.561683	13.719597
64.561683	13.735083
66.558394	13.735083
& cycle # 5, chisq = 1934.182349, e = 33.649346
0.000000	6.622419
0.416651	6.622419
0.416651	9.830450
0.836259	9.830450
0.836259	10.223936
1.120824	10.223936
1.120824	10.379062
1.568803	10.379062
1.568803	10.486255
2.006331	10.486255
2.006331	10.551092
2.364248	10.551092
2.364248	10.612818
3.023176	10.612818
3.023176	10.675802
3.679303	10.675802
3.679303	10.723217
4.233376	10.723217
4.233376	10.775580
5.264836	10.775580
5.264836	10.833799
6.243842	10.833799
6.243842	10.881424
7.079417	10.881424
7.079417	10.937577
8.579681	10.937577
8.579681	11.000388
9.991895	11.000388
9.991895	11.048977
11.206336	11.048977
11.206336	11.099665
13.375593	11.099665
13.375593	11.151249
15.372298	11.151249
15.372298	11.194727
17.075145	11.194727
17.075145	11.257284
19.901341	11.257284
19.901341	11.352279
22.149842	11.352279
22.149842	11.460745
23.891770	11.460745
23.891770	11.635440
26.439058	11.635440
26.439058	11.890162
28.315758	11.890162
28.315758	12.119533
29.750309	12.119533
29.750309	12.340179
31.884619	12.340179
31.884619	12.501870
33.686557	12.501870
33.686557	12.579892
35.265169	12.579892
35.265169	12.640498
37.829910	12.640498
37.829910	12.699201
40.031596	12.699201
40.031596	12.751825
41.908565	12.751825
41.908565	12.822416
44.636125	12.822416
44.636125	12.916272
46.791905	12.916272
46.791905	13.011518
48.539602	13.011518
48.539602	13.134499
50.888742	13.134499
50.888742	13.278207
52.756043	13.278207
52.756043	13.395640
54.320467	13.395640
54.320467	13.503829
56.476341	13.503829
56.476341	13.589069
58.347736	13.589069
58.347736	13.637974
60.036053	13.637974
60.036053	13.673007
62.406892	13.673007
62.406892	13.698011
64.562751	13.698011
64.562751	13.712937
66.555862	13.712937
& cycle # 1, chisq = 1889.434009, e = 31.628518
0.000000	6.532564
0.416651	6.532564
0.416651	9.642415
0.836259	9.642415
0.836259	10.042539
1.120824	10.042539
1.120824	10.217567
1.568803	10.217567
1.568803	10.348734
2.006331	10.348734
2.006331	10.432792
2.364248	10.432792
2.364248	10.515423
3.023176	10.515423
3.023176	10.600858
3.679303	10.600858
3.679303	10.665191
4.233376	10.665191
4.233376	10.735542
5.264836	10.735542
5.264836	10.812554
6.243842	10.812554
6.243842	10.874413
7.079417	10.874413
7.079417	10.945884
8.579681	10.945884
8.579681	11.023980
9.991895	11.023980
9.991895	11.082592
11.206336	11.082592
11.206336	11.140957
13.375593	11.140957
13.375593	11.196494
15.372298	11.196494
15.372298	11.240095
17.075145	11.240095
17.075145	11.300044
19.901341	11.300044
19.901341	11.389179
22.149842	11.389179
22.149842	11.489895
23.891770	11.489895
23.891770	11.651069
26.439058	11.651069
26.439058	11.884974
28.315758	11.884974
28.315758	12.094762
29.750309	12.094762
29.750309	12.295895
31.884619	12.295895
31.884619	12.443153
33.686557	12.443153
33.686557	12.514808
35.265169	12.514808
35.265169	12.572130
37.829910	12.572130
37.829910	12.630049
40.031596	12.630049
40.031596	12.683919
41.908565	12.683919
41.908565	12.758186
44.636125	12.758186
44.636125	12.859002
46.791905	12.859002
46.791905	12.963055
48.539602	12.963055
48.539602	13.099532
50.888742	13.099532
50.888742	13.261703
52.756043	13.261703
52.756043	13.396939
54.320467	13.396939
54.320467	13.524941
56.476341	13.524941
56.476341	13.629590
58.347736	13.629590
58.347736	13.692659
60.036053	13.692659
60.036053	13.740279
62.406892	13.740279
62.406892	13.775787
64.562751	13.775787
64.562751	13.797591
66.555862	13.797591
& cycle # 2, chisq = 2193.078160, e = 31.628518
0.000000	6.876295
0.416651	6.876295
0.416651	10.041302
0.836259	10.041302
0.836259	10.398200
1.120824	10.398200
1.120824	10.532546
1.568803	10.532546
1.568803	10.622421
2.006331	10.622421
2.006331	10.675606
2.364248	10.675606
2.364248	10.725777
3.023176	10.725777
3.023176	10.777011
3.679303	10.777011
3.679303	10.815885
4.233376	10.815885
4.233376	10.859382
5.264836	10.859382
5.264836	10.908467
6.243842	10.908467
6.243842	10.949202
7.079417	10.949202
7.079417	10.997860
8.579681	10.997860
8.579681	11.052936
9.991895	11.052936
9.991895	11.096053
11.206336	11.096053
11.206336	11.141696
13.375593	11.141696
13.375593	11.188974
15.372298	11.188974
15.372298	11.229449
17.075145	11.229449
17.075145	11.288137
19.901341	11.288137
19.901341	11.377476
22.149842	11.377476
22.149842	11.479542
23.891770	11.479542
23.891770	11.643934
26.439058	11.643934
26.439058	11.883619
28.315758	11.883619
28.315758	12.099461
29.750309	12.099461
29.750309	12.307230
31.884619	12.307230
31.884619	12.459877
33.686557	12.459877
33.686557	12.534130
35.265169	12.534130
35.265169	12.592812
37.829910	12.592812
37.829910	12.650876
40.031596	12.650876
40.031596	12.703867
41.908565	12.703867
41.908565	12.775929
44.636125	12.775929
44.636125	12.872810
46.791905	12.872810
46.791905	12.972086
48.539602	12.972086
48.539602	13.101523
50.888742	13.101523
50.888742	13.254440
52.756043	13.254440
52.756043	13.381125
54.320467	13.381125
54.320467	13.500041
56.476341	13.500041
56.476341	13.596203
58.347736	13.596203
58.347736	13.653352
60.036053	13.653352
60.036053	13.695889
62.406892	13.695889
62.406892	13.727252
64.562751	13.727252
64.562751	13.746380
66.555862	13.746380
& cycle # 3, chisq = 1982.604291, e = 31.628518
0.000000	6.736264
0.416651	6.736264
0.416651	9.831399
0.836259	9.831399
0.836259	10.196990
1.120824	10.196990
1.120824	10.345768
1.568803	10.345768
1.568803	10.451706
2.006331	10.451706
2.006331	10.517284
2.364248	10.517284
2.364248	10.580611
3.023176	10.580611
3.023176	10.645727
3.679303	10.645727
3.679303	10.694912
4.233376	10.694912
4.233376	10.749246
5.264836	10.749246
5.264836	10.809575
6.243842	10.809575
6.243842	10.858823
7.079417	10.858823
7.079417	10.916754
8.579681	10.916754
8.579681	10.981390
9.991895	10.981390
9.991895	11.031238
11.206336	11.031238
11.206336	11.083017
13.375593	11.083017
13.375593	11.135408
15.372298	11.135408
15.372298	11.179315
17.075145	11.179315
17.075145	11.242275
19.901341	11.242275
19.901341	11.337746
22.149842	11.337746
22.149842	11.446689
23.891770	11.446689
23.891770	11.622118
26.439058	11.622118
26.439058	11.877941
28.315758	11.877941
28.315758	12.108414
29.750309	12.108414
29.750309	12.330418
31.884619	12.330418
31.884619	12.493658
33.686557	12.493658
33.686557	12.573078
35.265169	12.573078
35.265169	12.635636
37.829910	12.635636
37.829910	12.697052
40.031596	12.697052
40.031596	12.752571
41.908565	12.752571
41.908565	12.827355
44.636125	12.827355
44.636125	12.926979
46.791905	12.926979
46.791905	13.028144
48.539602	13.028144
48.539602	13.158738
50.888742	13.158738
50.888742	13.311209
52.756043	13.311209
52.756043	13.435616
54.320467	13.435616
54.320467	13.549959
56.476341	13.549959
56.476341	13.639732
58.347736	13.639732
58.347736	13.690979
60.036053	13.690979
60.036053	13.727479
62.406892	13.727479
62.406892	13.753395
64.562751	13.753395
64.562751	13.768810
66.555862	13.768810
& cycle # 4, chisq = 1914.300874, e = 31.628518
0.000000	6.614550
0.416651	6.614550
0.416651	9.988457
0.836259	9.988457
0.836259	10.410980
1.120824	10.410980
1.120824	10.566444
1.568803	10.566444
1.568803	10.666429
2.006331	10.666429
2.006331	10.723212
2.364248	10.723212
2.364248	10.774947
3.023176	10.774947
3.023176	10.826373
3.679303	10.826373
3.679303	10.864611
4.233376	10.864611
4.233376	10.906791
5.264836	10.906791
5.264836	10.953957
6.243842	10.953957
6.243842	10.992889
7.079417	10.992889
7.079417	11.039281
8.579681	11.039281
8.579681	11.091766
9.991895	11.091766
9.991895	11.132899
11.206336	11.132899
11.206336	11.176565
13.375593	11.176565
13.375593	11.221995
15.372298	11.221995
15.372298	11.261062
17.075145	11.261062
17.075145	11.317871
19.901341	11.317871
19.901341	11.404472
22.149842	11.404472
22.149842	11.503493
23.891770	11.503493
23.891770	11.663090
26.439058	11.663090
26.439058	11.895953
28.315758	11.895953
28.315758	12.105859
29.750309	12.105859
29.750309	12.308259
31.884619	12.308259
31.884619	12.457458
33.686557	12.457458
33.686557	12.530524
35.265169	12.530524
35.265169	12.588820
37.829910	12.588820
37.829910	12.646935
40.031596	12.646935
40.031596	12.700163
41.908565	12.700163
41.908565	12.772635
44.636125	12.772635
44.636125	12.870088
46.791905	12.870088
46.791905	12.969922
48.539602	12.969922
48.539602	13.100008
50.888742	13.100008
50.888742	13.253553
52.756043	13.253553
52.756043	13.380602
54.320467	13.380602
54.320467	13.499650
56.476341	13.499650
56.476341	13.595686
58.347736	13.595686
58.347736	13.652578
60.036053	13.652578
60.036053	13.694784
62.406892	13.694784
62.406892	13.725818
64.562751	13.725818
64.562751	13.744715
66.555862	13.744715
& cycle # 6, chisq = 2066.149243, e = 31.628518
0.000000	7.288499
0.373670	7.288499
0.373670	9.932524
0.763813	9.932524
0.763813	10.204337
1.026742	10.204337
1.026742	10.332716
1.446514	10.332716
1.446514	10.436284
1.857150	10.436284
1.857150	10.506084
2.192187	10.506084
2.192187	10.577887
2.819137	10.577887
2.819137	10.654784
3.443900	10.654784
3.443900	10.714114
3.970288	10.714114
3.970288	10.780428
4.968341	10.780428
4.968341	10.852367
5.921777	10.852367
5.921777	10.907763
6.741707	10.907763
6.741707	10.968912
8.259911	10.968912
8.259911	11.032645
9.713974	11.032645
9.713974	11.079012
10.976119	11.079012
10.976119	11.126196
13.278718	11.126196
13.278718	11.174542
15.387797	11.174542
15.387797	11.216469
17.162690	11.216469
17.162690	11.279035
20.090226	11.279035
20.090226	11.376681
22.346584	11.376681
22.346584	11.489181
24.047777	11.489181
24.047777	11.669963
26.508851	11.669963
26.508851	11.924941
28.295262	11.924941
28.295262	12.135853
29.668237	12.135853
29.668237	12.319734
31.775678	12.319734
31.775678	12.445291
33.579496	12.445291
33.579496	12.506739
35.166174	12.506739
35.166174	12.559798
37.780129	12.559798
37.780129	12.616208
40.013856	12.616208
40.013856	12.669670
41.908058	12.669670
41.908058	12.744858
44.676313	12.744858
44.676313	12.848699
46.839854	12.848699
46.839854	12.956773
48.577862	12.956773
48.577862	13.099976
50.920486	13.099976
50.920486	13.270342
52.766777	13.270342
52.766777	13.410198
54.308434	13.410198
54.308434	13.540165
56.456571	13.540165
56.456571	13.644088
58.322186	13.644088
58.322186	13.705574
60.006533	13.705574
60.006533	13.752294
62.396299	13.752294
62.396299	13.787751
64.566039	13.787751
64.566039	13.809919
66.568608	13.809919
& cycle # 1, chisq = 2154.076412, e = 32.410969
0.000000	7.657214
0.373670	7.657214
0.373670	10.340954
0.763813	10.340954
0.763813	10.568479
1.026742	10.568479
1.026742	10.657601
1.446514	10.657601
1.446514	10.722015
1.857150	10.722015
1.857150	10.762861
2.192187	10.762861
2.192187	10.803977
2.819137	10.803977
2.819137	10.848093
3.443900	10.848093
3.443900	10.882668
3.970288	10.882668
3.970288	10.922309
4.968341	10.922309
4.968341	10.966639
5.921777	10.966639
5.921777	11.001930
6.741707	11.001930
6.741707	11.042334
8.259911	11.042334
8.259911	11.086230
9.713974	11.086230
9.713974	11.119851
10.976119	11.119851
10.976119	11.156631
13.278718	11.156631
13.278718	11.197815
15.387797	11.197815
15.387797	11.236344
17.162690	11.236344
17.162690	11.296298
20.090226	11.296298
20.090226	11.391725
22.346584	11.391725
22.346584	11.502874
24.047777	11.502874
24.047777	11.682945
26.508851	11.682945
26.508851	11.938796
28.295262	11.938796
28.295262	12.152075
29.668237	12.152075
29.668237	12.339638
31.775678	12.339638
31.775678	12.468773
33.579496	12.468773
33.579496	12.532093
35.166174	12.532093
35.166174	12.585966
37.780129	12.585966
37.780129	12.641857
40.013856	12.641857
40.013856	12.693683
41.908058	12.693683
41.908058	12.765430
44.676313	12.765430
44.676313	12.863420
46.839854	12.863420
46.839854	12.964555
48.577862	12.964555
48.577862	13.097610
50.920486	13.097610
50.920486	13.254777
52.766777	13.254777
52.766777	13.382727
54.308434	13.382727
54.308434	13.500353
56.456571	13.500353
56.456571	13.593070
58.322186	13.593070
58.322186	13.646947
60.006533	13.646947
60.006533	13.687195
62.396299	13.687195
62.396299	13.717385
64.566039	13.717385
64.566039	13.736167
66.568608	13.736167
& cycle # 3, chisq = 1986.845609, e = 32.410969
0.000000	7.286167
0.373670	7.286167
0.373670	9.986222
0.763813	9.986222
0.763813	10.257497
1.026742	10.257497
1.026742	10.379011
1.446514	10.379011
1.446514	10.473729
1.857150	10.473729
1.857150	10.536089
2.192187	10.536089
2.192187	10.599287
2.819137	10.599287
2.819137	10.666316
3.443900	10.666316
3.443900	10.717713
3.970288	10.717713
3.970288	10.774984
4.968341	10.774984
4.968341	10.837091
5.921777	10.837091
5.921777	10.885030
6.741707	10.885030
6.741707	10.938280
8.259911	10.938280
8.259911	10.994431
9.713974	10.994431
9.713974	11.036088
10.976119	11.036088
10.976119	11.079915
13.278718	11.079915
13.278718	11.126936
15.387797	11.126936
15.387797	11.169525
17.162690	11.169525
17.162690	11.234839
20.090226	11.234839
20.090226	11.338328
22.346584	11.338328
22.346584	11.458737
24.047777	11.458737
24.047777	11.653856
26.508851	11.653856
26.508851	11.931310
28.295262	11.931310
28.295262	12.162854
29.668237	12.162854
29.668237	12.366731
31.775678	12.366731
31.775678	12.507144
33.579496	12.507144
33.579496	12.575737
35.166174	12.575737
35.166174	12.633381
37.780129	12.633381
37.780129	12.692118
40.013856	12.692118
40.013856	12.745646
41.908058	12.745646
41.908058	12.818679
44.676313	12.818679
44.676313	12.917198
46.839854	12.917198
46.839854	13.017748
48.577862	13.017748
48.577862	13.148509
50.920486	13.148509
50.920486	13.300892
52.766777	13.300892
52.766777	13.422788
54.308434	13.422788
54.308434	13.532103
56.456571	13.532103
56.456571	13.615248
58.322186	13.615248
58.322186	13.661235
60.006533	13.661235
60.006533	13.693803
62.396299	13.693803
62.396299	13.717167
64.566039	13.717167
64.566039	13.731265
66.568608	13.731265
& cycle # 4, chisq = 1875.244023, e = 32.410969
0.000000	7.590906
0.373670	7.590906
0.373670	10.117552
0.763813	10.117552
0.763813	10.333177
1.026742	10.333177
1.026742	10.425811
1.446514	10.425811
1.446514	10.497809
1.857150	10.497809
1.857150	10.546008
2.192187	10.546008
2.192187	10.596294
2.819137	10.596294
2.819137	10.651519
3.443900	10.651519
3.443900	10.695456
3.970288	10.695456
3.970288	10.746272
4.968341	10.746272
4.968341	10.803349
5.921777	10.803349
5.921777	10.848840
6.741707	10.848840
6.741707	10.900803
8.259911	10.900803
8.259911	10.956914
9.713974	10.956914
9.713974	10.999429
10.976119	10.999429
10.976119	11.045113
13.278718	11.045113
13.278718	11.095105
15.387797	11.095105
15.387797	11.140938
17.162690	11.140938
17.162690	11.211365
20.090226	11.211365
20.090226	11.322642
22.346584	11.322642
22.346584	11.451573
24.047777	11.451573
24.047777	11.659386
26.508851	11.659386
26.508851	11.952933
28.295262	11.952933
28.295262	12.195723
29.668237	12.195723
29.668237	12.406499
31.775678	12.406499
31.775678	12.548231
33.579496	12.548231
33.579496	12.614803
35.166174	12.614803
35.166174	12.668473
37.780129	12.668473
37.780129	12.721822
40.013856	12.721822
40.013856	12.770113
41.908058	12.770113
41.908058	12.836207
44.676313	12.836207
44.676313	12.925942
46.839854	12.925942
46.839854	13.018250
48.577862	13.018250
48.577862	13.139449
50.920486	13.139449
50.920486	13.282399
52.766777	13.282399
52.766777	13.398612
54.308434	13.398612
54.308434	13.505280
56.456571	13.505280
56.456571	13.589195
58.322186	13.589195
58.322186	13.637843
60.006533	13.637843
60.006533	13.674110
62.396299	13.674110
62.396299	13.701288
64.566039	13.701288
64.566039	13.718201
66.568608	13.718201
& cycle # 5, chisq = 1834.367459, e = 32.410969
0.000000	7.575829
0.373670	7.575829
0.373670	10.452069
0.763813	10.452069
0.763813	10.710384
1.026742	10.710384
1.026742	10.806257
1.446514	10.806257
1.446514	10.871921
1.857150	10.871921
1.857150	10.911670
2.192187	10.911670
2.192187	10.950323
2.819137	10.950323
2.819137	10.990778
3.443900	10.990778
3.443900	11.021924
3.970288	11.021924
3.970288	11.057197
4.968341	11.057197
4.968341	11.096314
5.921777	11.096314
5.921777	11.127277
6.741707	11.127277
6.741707	11.162604
8.259911	11.162604
8.259911	11.200920
9.713974	11.200920
9.713974	11.230266
10.976119	11.230266
10.976119	11.262423
13.278718	11.262423
13.278718	11.298538
15.387797	11.298538
15.387797	11.332431
17.162690	11.332431
17.162690	11.385308
20.090226	11.385308
20.090226	11.469650
22.346584	11.469650
22.346584	11.568080
24.047777	11.568080
24.047777	11.727922
26.508851	11.727922
26.508851	11.955743
28.295262	11.955743
28.295262	12.146550
29.668237	12.146550
29.668237	12.315812
31.775678	12.315812
31.775678	12.434368
33.579496	12.434368
33.579496	12.494418
35.166174	12.494418
35.166174	12.547633
37.780129	12.547633
37.780129	12.604624
40.013856	12.604624
40.013856	12.658418
41.908058	12.658418
41.908058	12.733517
44.676313	12.733517
44.676313	12.836497
46.839854	12.836497
46.839854	12.942976
48.577862	12.942976
48.577862	13.083141
50.920486	13.083141
50.920486	13.248675
52.766777	13.248675
52.766777	13.383337
54.308434	13.383337
54.308434	13.506962
56.456571	13.506962
56.456571	13.604200
58.322186	13.604200
58.322186	13.660539
60.006533	13.660539
60.006533	13.702494
62.396299	13.702494
62.396299	13.733888
64.566039	13.733888
64.566039	13.753389
66.568608	13.753389
& cycle # 6, chisq = 2367.180565, e = 32.410969
0.000000	8.337452
0.361567	8.337452
0.361567	10.109130
0.764669	10.109130
0.764669	10.266030
1.033248	10.266030
1.033248	10.358587
1.473276	10.358587
1.473276	10.441409
1.905006	10.441409
1.905006	10.499519
2.255578	10.499519
2.255578	10.560809
2.931536	10.560809
2.931536	10.626310
3.605802	10.626310
3.605802	10.675666
4.170132	10.675666
4.170132	10.732122
5.261637	10.732122
5.261637	10.799127
6.276568	10.799127
6.276568	10.857986
7.116474	10.857986
7.116474	10.933669
8.639515	10.933669
8.639515	11.021754
10.022059	11.021754
10.022059	11.086855
11.182392	11.086855
11.182392	11.148854
13.329699	11.148854
13.329699	11.203374
15.302864	11.203374
15.302864	11.242511
16.982539	11.242511
16.982539	11.295590
19.895460	11.295590
19.895460	11.375858
22.187075	11.375858
22.187075	11.468301
23.935419	11.468301
23.935419	11.625137
26.537909	11.625137
26.537909	11.865976
28.382765	11.865976
28.382765	12.085845
29.756384	12.085845
29.756384	12.296801
31.853481	12.296801
31.853481	12.445094
33.612935	12.445094
33.612935	12.512592
35.152717	12.512592
35.152717	12.566055
37.756983	12.566055
37.756983	12.619801
39.979841	12.619801
39.979841	12.669327
41.861981	12.669327
41.861981	12.739712
44.670398	12.739712
44.670398	12.838523
46.844819	12.838523
46.844819	12.942470
48.576592	12.942470
48.576592	13.083812
50.936545	13.083812
50.936545	13.255462
52.770343	13.255462
52.770343	13.396597
54.288381	13.396597
54.288381	13.528075
56.435847	13.528075
56.435847	13.632374
58.292131	13.632374
58.292131	13.693111
59.964502	13.693111
59.964502	13.739604
62.377370	13.739604
62.377370	13.775421
64.559137	13.775421
64.559137	13.798223
66.565023	13.798223
& cycle # 1, chisq = 2185.439562, e = 33.850840
0.000000	8.618930
0.361567	8.618930
0.361567	10.277929
0.764669	10.277929
0.764669	10.384249
1.033248	10.384249
1.033248	10.442162
1.473276	10.442162
1.473276	10.493991
1.905006	10.493991
1.905006	10.531211
2.255578	10.531211
2.255578	10.571868
2.931536	10.571868
2.931536	10.617166
3.605802	10.617166
3.605802	10.652942
4.170132	10.652942
4.170132	10.695979
5.261637	10.695979
5.261637	10.749330
6.276568	10.749330
6.276568	10.797770
7.116474	10.797770
7.116474	10.861719
8.639515	10.861719
8.639515	10.938045
10.022059	10.938045
10.022059	10.996182
11.182392	10.996182
11.182392	11.054115
13.329699	11.054115
13.329699	11.108606
15.302864	11.108606
15.302864	11.150799
16.982539	11.150799
16.982539	11.210896
19.895460	11.210896
19.895460	11.303650
22.187075	11.303650
22.187075	11.411320
23.935419	11.411320
23.935419	11.594586
26.537909	11.594586
26.537909	11.876331
28.382765	11.876331
28.382765	12.133412
29.756384	12.133412
29.756384	12.379129
31.853481	12.379129
31.853481	12.549673
33.612935	12.549673
33.612935	12.624481
35.152717	12.624481
35.152717	12.679660
37.756983	12.679660
37.756983	12.731005
39.979841	12.731005
39.979841	12.775811
41.861981	12.775811
41.861981	12.837522
44.670398	12.837522
44.670398	12.922531
46.844819	12.922531
46.844819	13.010834
48.576592	13.010834
48.576592	13.129732
50.936545	13.129732
50.936545	13.272780
52.770343	13.272780
52.770343	13.389147
54.288381	13.389147
54.288381	13.496071
56.435847	13.496071
56.435847	13.579373
58.292131	13.579373
58.292131	13.626829
59.964502	13.626829
59.964502	13.662482
62.377370	13.662482
62.377370	13.689683
64.559137	13.689683
64.559137	13.707008
66.565023	13.707008
& cycle # 2, chisq = 1815.286175, e = 33.850840
0.000000	8.260627
0.361567	8.260627
0.361567	10.110717
0.764669	10.110717
0.764669	10.274895
1.033248	10.274895
1.033248	10.369577
1.473276	10.369577
1.473276	10.453375
1.905006	10.453375
1.905006	10.511721
2.255578	10.511721
2.255578	10.572898
2.931536	10.572898
2.931536	10.637952
3.605802	10.637952
3.605802	10.686744
4.170132	10.686744
4.170132	10.742316
5.261637	10.742316
5.261637	10.808060
6.276568	10.808060
6.276568	10.865692
7.116474	10.865692
7.116474	10.939715
8.639515	10.939715
8.639515	11.025827
10.022059	11.025827
10.022059	11.089476
11.182392	11.089476
11.182392	11.150157
13.329699	11.150157
13.329699	11.203663
15.302864	11.203663
15.302864	11.242232
16.982539	11.242232
16.982539	11.294730
19.895460	11.294730
19.895460	11.374296
22.187075	11.374296
22.187075	11.466060
23.935419	11.466060
23.935419	11.621928
26.537909	11.621928
26.537909	11.861577
28.382765	11.861577
28.382765	12.080699
29.756384	12.080699
29.756384	12.291463
31.853481	12.291463
31.853481	12.440301
33.612935	12.440301
33.612935	12.508640
35.152717	12.508640
35.152717	12.563371
37.756983	12.563371
37.756983	12.618821
39.979841	12.618821
39.979841	12.670086
41.861981	12.670086
41.861981	12.742979
44.670398	12.742979
44.670398	12.845242
46.844819	12.845242
46.844819	12.952678
48.576592	12.952678
48.576592	13.098483
50.936545	13.098483
50.936545	13.275081
52.770343	13.275081
52.770343	13.419743
54.288381	13.419743
54.288381	13.553768
56.435847	13.553768
56.435847	13.659236
58.292131	13.659236
58.292131	13.719972
59.964502	13.719972
59.964502	13.765895
62.377370	13.765895
62.377370	13.800862
64.559137	13.800862
64.559137	13.822877
66.565023	13.822877
& cycle # 4, chisq = 2206.053563, e = 33.850840
0.000000	8.773769
0.361567	8.773769
0.361567	10.469507
0.764669	10.469507
0.764669	10.574439
1.033248	10.574439
1.033248	10.629258
1.473276	10.629258
1.473276	10.676906
1.905006	10.676906
1.905006	10.710315
2.255578	10.710315
2.255578	10.746051
2.931536	10.746051
2.931536	10.785090
3.605802	10.785090
3.605802	10.815326
4.170132	10.815326
4.170132	10.851015
5.261637	10.851015
5.261637	10.894602
6.276568	10.894602
6.276568	10.933790
7.116474	10.933790
7.116474	10.985226
8.639515	10.985226
8.639515	11.046447
10.022059	11.046447
10.022059	11.093087
11.182392	11.093087
11.182392	11.139816
13.329699	11.139816
13.329699	11.184342
15.302864	11.184342
15.302864	11.219453
16.982539	11.219453
16.982539	11.270246
19.895460	11.270246
19.895460	11.349442
22.187075	11.349442
22.187075	11.442059
23.935419	11.442059
23.935419	11.600862
26.537909	11.600862
26.537909	11.847073
28.382765	11.847073
28.382765	12.074286
29.756384	12.074286
29.756384	12.295634
31.853481	12.295634
31.853481	12.454950
33.612935	12.454950
33.612935	12.530087
35.152717	12.530087
35.152717	12.591332
37.756983	12.591332
37.756983	12.653175
39.979841	12.653175
39.979841	12.709525
41.861981	12.709525
41.861981	12.788357
44.670398	12.788357
44.670398	12.897338
46.844819	12.897338
46.844819	13.010302
48.576592	13.010302
48.576592	13.161479
50.936545	13.161479
50.936545	13.341638
52.770343	13.341638
52.770343	13.486157
54.288381	13.486157
54.288381	13.616150
56.435847	13.616150
56.435847	13.714218
58.292131	13.714218
58.292131	13.767546
59.964502	13.767546
59.964502	13.805547
62.377370	13.805547
62.377370	13.833134
64.559137	13.833134
64.559137	13.849934
66.565023	13.849934
& cycle # 5, chisq = 2024.603393, e = 33.850840
0.000000	8.772834
0.361567	8.772834
0.361567	10.566624
0.764669	10.566624
0.764669	10.673600
1.033248	10.673600
1.033248	10.726320
1.473276	10.726320
1.473276	10.771230
1.905006	10.771230
1.905006	10.802531
2.255578	10.802531
2.255578	10.836080
2.931536	10.836080
2.931536	10.872955
3.605802	10.872955
3.605802	10.901763
4.170132	10.901763
4.170132	10.936106
5.261637	10.936106
5.261637	10.978418
6.276568	10.978418
6.276568	11.016704
7.116474	11.016704
7.116474	11.067190
8.639515	11.067190
8.639515	11.127496
10.022059	11.127496
10.022059	11.173581
11.182392	11.173581
11.182392	11.219884
13.329699	11.219884
13.329699	11.264096
15.302864	11.264096
15.302864	11.298975
16.982539	11.298975
16.982539	11.349368
19.895460	11.349368
19.895460	11.427788
22.187075	11.427788
22.187075	11.519305
23.935419	11.519305
23.935419	11.675818
26.537909	11.675818
26.537909	11.917646
28.382765	11.917646
28.382765	12.139676
29.756384	12.139676
29.756384	12.353901
31.853481	12.353901
31.853481	12.504964
33.612935	12.504964
33.612935	12.573079
35.152717	12.573079
35.152717	12.624877
37.756983	12.624877
37.756983	12.673869
39.979841	12.673869
39.979841	12.716645
41.861981	12.716645
41.861981	12.775121
44.670398	12.775121
44.670398	12.854914
46.844819	12.854914
46.844819	12.936979
48.576592	12.936979
48.576592	13.046240
50.936545	13.046240
50.936545	13.175904
52.770343	13.175904
52.770343	13.279468
54.288381	13.279468
54.288381	13.372116
56.435847	13.372116
56.435847	13.441489
58.292131	13.441489
58.292131	13.478833
59.964502	13.478833
59.964502	13.505176
62.377370	13.505176
62.377370	13.524163
64.559137	13.524163
64.559137	13.535690
66.565023	13.535690
& cycle # 6, chisq = 2143.818147, e = 33.850840
0.000000	7.789022
0.380222	7.789022
0.380222	10.032052
0.788066	10.032052
0.788066	10.239706
1.061633	10.239706
1.061633	10.347930
1.503052	10.347930
1.503052	10.439839
1.935388	10.439839
1.935388	10.503043
2.287437	10.503043
2.287437	10.568635
2.954364	10.568635
2.954364	10.638534
3.619001	10.638534
3.619001	10.691930
4.176774	10.691930
4.176774	10.752605
5.239810	10.752605
5.239810	10.821282
6.239660	10.821282
6.239660	10.877368
7.082445	10.877368
7.082445	10.944425
8.619080	10.944425
8.619080	11.020690
10.041659	11.020690
10.041659	11.080475
11.242844	11.080475
11.242844	11.144432
13.409459	11.144432
13.409459	11.207214
15.372926	11.207214
15.372926	11.253105
17.035143	11.253105
17.035143	11.310320
19.873096	11.310320
19.873096	11.391178
22.131922	11.391178
22.131922	11.481483
23.879225	11.481483
23.879225	11.630816
26.484930	11.630816
26.484930	11.857001
28.369281	11.857001
28.369281	12.067172
29.783729	12.067172
29.783729	12.276554
31.906905	12.276554
31.906905	12.431547
33.679765	12.431547
33.679765	12.504706
35.227488	12.504706
35.227488	12.561744
37.803340	12.561744
37.803340	12.618348
40.007297	12.618348
40.007297	12.670492
41.879281	12.670492
41.879281	12.743629
44.646980	12.743629
44.646980	12.844768
46.809642	12.844768
46.809642	12.950128
48.545985	12.950128
48.545985	13.091081
50.903517	13.091081
50.903517	13.260429
52.754285	13.260429
52.754285	13.400221
54.294785	13.400221
54.294785	13.531194
56.453484	13.531194
56.453484	13.636315
58.322897	13.636315
58.322897	13.698361
60.008156	13.698361
60.008156	13.745647
62.415072	13.745647
62.415072	13.781658
64.597026	13.781658
64.597026	13.804194
66.608655	13.804194
& cycle # 1, chisq = 2177.156477, e = 33.002341
0.000000	8.135227
0.380222	8.135227
0.380222	10.414148
0.788066	10.414148
0.788066	10.581251
1.061633	10.581251
1.061633	10.654788
1.503052	10.654788
1.503052	10.712940
1.935388	10.712940
1.935388	10.751842
2.287437	10.751842
2.287437	10.792208
2.954364	10.792208
2.954364	10.835863
3.619001	10.835863
3.619001	10.869987
4.176774	10.869987
4.176774	10.909863
5.239810	10.909863
5.239810	10.956310
6.239660	10.956310
6.239660	10.995297
7.082445	10.995297
7.082445	11.043131
8.619080	11.043131
8.619080	11.098913
10.041659	11.098913
10.041659	11.143799
11.242844	11.143799
11.242844	11.193372
13.409459	11.193372
13.409459	11.244173
15.372926	11.244173
15.372926	11.283384
17.035143	11.283384
17.035143	11.334702
19.873096	11.334702
19.873096	11.409164
22.131922	11.409164
22.131922	11.493279
23.879225	11.493279
23.879225	11.633210
26.484930	11.633210
26.484930	11.846188
28.369281	11.846188
28.369281	12.045185
29.783729	12.045185
29.783729	12.245153
31.906905	12.245153
31.906905	12.395553
33.679765	12.395553
33.679765	12.468820
35.227488	12.468820
35.227488	12.528503
37.803340	12.528503
37.803340	12.589763
40.007297	12.589763
40.007297	12.647104
41.879281	12.647104
41.879281	12.727971
44.646980	12.727971
44.646980	12.839945
46.809642	12.839945
46.809642	12.956502
48.545985	12.956502
48.545985	13.112079
50.903517	13.112079
50.903517	13.298328
52.754285	13.298328
52.754285	13.451274
54.294785	13.451274
54.294785	13.593482
56.453484	13.593482
56.453484	13.706387
58.322897	13.706387
58.322897	13.772066
60.008156	13.772066
60.008156	13.821374
62.415072	13.821374
62.415072	13.858472
64.597026	13.858472
64.597026	13.881495
66.608655	13.881495
& cycle # 2, chisq = 2320.763089, e = 33.002341
0.000000	7.627037
0.380222	7.627037
0.380222	9.985093
0.788066	9.985093
0.788066	10.213309
1.061633	10.213309
1.061633	10.329577
1.503052	10.329577
1.503052	10.426748
1.935388	10.426748
1.935388	10.492716
2.287437	10.492716
2.287437	10.560447
2.954364	10.560447
2.954364	10.631963
3.619001	10.631963
3.619001	10.686155
4.176774	10.686155
4.176774	10.747323
5.239810	10.747323
5.239810	10.816214
6.239660	10.816214
6.239660	10.872277
7.082445	10.872277
7.082445	10.939164
8.619080	10.939164
8.619080	11.015156
10.041659	11.015156
10.041659	11.074721
11.242844	11.074721
11.242844	11.138504
13.409459	11.138504
13.409459	11.201256
15.372926	11.201256
15.372926	11.247281
17.035143	11.247281
17.035143	11.304857
19.873096	11.304857
19.873096	11.386386
22.131922	11.386386
22.131922	11.477525
23.879225	11.477525
23.879225	11.628322
26.484930	11.628322
26.484930	11.856854
28.369281	11.856854
28.369281	12.069369
29.783729	12.069369
29.783729	12.281378
31.906905	12.281378
31.906905	12.438759
33.679765	12.438759
33.679765	12.513492
35.227488	12.513492
35.227488	12.572280
37.803340	12.572280
37.803340	12.631021
40.007297	12.631021
40.007297	12.685283
41.879281	12.685283
41.879281	12.761388
44.646980	12.761388
44.646980	12.866494
46.809642	12.866494
46.809642	12.975757
48.545985	12.975757
48.545985	13.121496
50.903517	13.121496
50.903517	13.295899
52.754285	13.295899
52.754285	13.439080
54.294785	13.439080
54.294785	13.572182
56.453484	13.572182
56.453484	13.677838
58.322897	13.677838
58.322897	13.739290
60.008156	13.739290
60.008156	13.785419
62.415072	13.785419
62.415072	13.820125
64.597026	13.820125
64.597026	13.841664
66.608655	13.841664
& cycle # 4, chisq = 2192.172237, e = 33.002341
0.000000	8.066100
0.380222	8.066100
0.380222	10.199665
0.788066	10.199665
0.788066	10.356497
1.061633	10.356497
1.061633	10.430615
1.503052	10.430615
1.503052	10.492039
1.935388	10.492039
1.935388	10.534511
2.287437	10.534511
2.287437	10.579618
2.954364	10.579618
2.954364	10.629280
3.619001	10.629280
3.619001	10.668682
4.176774	10.668682
4.176774	10.715303
5.239810	10.715303
5.239810	10.770167
6.239660	10.770167
6.239660	10.816609
7.082445	10.816609
7.082445	10.873988
8.619080	10.873988
8.619080	10.941297
10.041659	10.941297
10.041659	10.995750
11.242844	10.995750
11.242844	11.056216
13.409459	11.056216
13.409459	11.118564
15.372926	11.118564
15.372926	11.167008
17.035143	11.167008
17.035143	11.230705
19.873096	11.230705
19.873096	11.323242
22.131922	11.323242
22.131922	11.427681
23.879225	11.427681
23.879225	11.600995
26.484930	11.600995
26.484930	11.863731
28.369281	11.863731
28.369281	12.107615
29.783729	12.107615
29.783729	12.349486
31.906905	12.349486
31.906905	12.526182
33.679765	12.526182
33.679765	12.606629
35.227488	12.606629
35.227488	12.665102
37.803340	12.665102
37.803340	12.718875
40.007297	12.718875
40.007297	12.765893
41.879281	12.765893
41.879281	12.829897
44.646980	12.829897
44.646980	12.916795
46.809642	12.916795
46.809642	13.006212
48.545985	13.006212
48.545985	13.124713
50.903517	13.124713
50.903517	13.265844
52.754285	13.265844
52.754285	13.381211
54.294785	13.381211
54.294785	13.487964
56.453484	13.487964
56.453484	13.572253
58.322897	13.572253
58.322897	13.620991
60.008156	13.620991
60.008156	13.657426
62.415072	13.657426
62.415072	13.684827
64.597026	13.684827
64.597026	13.701902
66.608655	13.701902
& cycle # 5, chisq = 1795.429237, e = 33.002341
0.000000	8.058718
0.380222	8.058718
0.380222	10.344194
0.788066	10.344194
0.788066	10.509862
1.061633	10.509862
1.061633	10.581173
1.503052	10.581173
1.503052	10.637074
1.935388	10.637074
1.935388	10.674430
2.287437	10.674430
2.287437	10.713365
2.954364	10.713365
2.954364	10.755802
3.619001	10.755802
3.619001	10.789302
4.176774	10.789302
4.176774	10.828884
5.239810	10.828884
5.239810	10.875503
6.239660	10.875503
6.239660	10.915049
7.082445	10.915049
7.082445	10.964061
8.619080	10.964061
8.619080	11.021785
10.041659	11.021785
10.041659	11.068725
11.242844	11.068725
11.242844	11.121241
13.409459	11.121241
13.409459	11.175986
15.372926	11.175986
15.372926	11.219114
17.035143	11.219114
17.035143	11.276525
19.873096	11.276525
19.873096	11.360537
22.131922	11.360537
22.131922	11.455728
23.879225	11.455728
23.879225	11.614170
26.484930	11.614170
26.484930	11.855115
28.369281	11.855115
28.369281	12.079674
29.783729	12.079674
29.783729	12.303854
31.906905	12.303854
31.906905	12.469680
33.679765	12.469680
33.679765	12.547141
35.227488	12.547141
35.227488	12.605685
37.803340	12.605685
37.803340	12.661384
40.007297	12.661384
40.007297	12.710962
41.879281	12.710962
41.879281	12.778904
44.646980	12.778904
44.646980	12.871363
46.809642	12.871363
46.809642	12.966529
48.545985	12.966529
48.545985	13.092534
50.903517	13.092534
50.903517	13.242341
52.754285	13.242341
52.754285	13.364471
54.294785	13.364471
54.294785	13.477032
56.453484	13.477032
56.453484	13.565388
58.322897	13.565388
58.322897	13.616070
60.008156	13.616070
60.008156	13.653637
62.415072	13.653637
62.415072	13.681689
64.597026	13.681689
64.597026	13.699084
66.608655	13.699084
& cycle # 6, chisq = 1870.561573, e = 33.002341
0.000000	7.527843
0.391579	7.527843
0.391579	10.026435
0.803505	10.026435
0.803505	10.263780
1.080748	10.263780
1.080748	10.376556
1.524690	10.376556
1.524690	10.467954
1.959117	10.467954
1.959117	10.529522
2.313370	10.529522
2.313370	10.592699
2.978567	10.592699
2.978567	10.659827
3.641493	10.659827
3.641493	10.710956
4.199389	10.710956
4.199389	10.768159
5.256684	10.768159
5.256684	10.832845
6.254339	10.832845
6.254339	10.886973
7.096616	10.886973
7.096616	10.953357
8.617285	10.953357
8.617285	11.029727
10.024699	11.029727
10.024699	11.088465
11.218450	11.088465
11.218450	11.147284
13.374462	11.147284
13.374462	11.201761
15.352817	11.201761
15.352817	11.242636
17.038506	11.242636
17.038506	11.298295
19.892019	11.298295
19.892019	11.381649
22.155104	11.381649
22.155104	11.476638
23.899502	11.476638
23.899502	11.632631
26.474343	11.632631
26.474343	11.865063
28.342944	11.865063
28.342944	12.076269
29.755233	12.076269
29.755233	12.280672
31.877290	12.280672
31.877290	12.429313
33.661835	12.429313
33.661835	12.500269
35.223708	12.500269
35.223708	12.557237
37.804671	12.557237
37.804671	12.615168
40.014642	12.615168
40.014642	12.669143
41.893023	12.669143
41.893023	12.744688
44.653572	12.744688
44.653572	12.848761
46.816541	12.848761
46.816541	12.956994
48.557069	12.956994
48.557069	13.100978
50.911046	13.100978
50.911046	13.273380
52.764796	13.273380
52.764796	13.416015
54.310170	13.416015
54.310170	13.549806
56.463889	13.549806
56.463889	13.657470
58.330152	13.657470
58.330152	13.721163
60.012968	13.721163
60.012968	13.769371
62.403896	13.769371
62.403896	13.805763
64.573426	13.805763
64.573426	13.828408
66.575250	13.828408
& cycle # 1, chisq = 2191.431354, e = 32.576580
0.000000	8.036515
0.391579	8.036515
0.391579	10.643167
0.803505	10.643167
0.803505	10.843778
1.080748	10.843778
1.080748	10.919894
1.524690	10.919894
1.524690	10.973395
1.959117	10.973395
1.959117	11.006314
2.313370	11.006314
2.313370	11.038541
2.978567	11.038541
2.978567	11.072134
3.641493	11.072134
3.641493	11.097685
4.199389	11.097685
4.199389	11.126617
5.256684	11.126617
5.256684	11.159964
6.254339	11.159964
6.254339	11.188481
7.096616	11.188481
7.096616	11.224298
8.617285	11.224298
8.617285	11.266665
10.024699	11.266665
10.024699	11.300481
11.218450	11.300481
11.218450	11.336442
13.374462	11.336442
13.374462	11.372953
15.352817	11.372953
15.352817	11.403319
17.038506	11.403319
17.038506	11.447564
19.892019	11.447564
19.892019	11.515946
22.155104	11.515946
22.155104	11.595140
23.899502	11.595140
23.899502	11.726676
26.474343	11.726676
26.474343	11.924696
28.342944	11.924696
28.342944	12.106745
29.755233	12.106745
29.755233	12.285923
31.877290	12.285923
31.877290	12.419847
33.661835	12.419847
33.661835	12.486742
35.223708	12.486742
35.223708	12.543026
37.804671	12.543026
37.804671	12.601555
40.014642	12.601555
40.014642	12.656165
41.893023	12.656165
41.893023	12.732089
44.653572	12.732089
44.653572	12.835845
46.816541	12.835845
46.816541	12.942870
48.557069	12.942870
48.557069	13.083996
50.911046	13.083996
50.911046	13.251251
52.764796	13.251251
52.764796	13.387836
54.310170	13.387836
54.310170	13.513689
56.463889	13.513689
56.463889	13.612498
58.330152	13.612498
58.330152	13.669083
60.012968	13.669083
60.012968	13.710516
62.403896	13.710516
62.403896	13.741007
64.573426	13.741007
64.573426	13.759707
66.575250	13.759707
& cycle # 2, chisq = 2626.998303, e = 32.576580
0.000000	7.635241
0.391579	7.635241
0.391579	10.110282
0.803505	10.110282
0.803505	10.316297
1.080748	10.316297
1.080748	10.404903
1.524690	10.404903
1.524690	10.473971
1.959117	10.473971
1.959117	10.520188
2.313370	10.520188
2.313370	10.568344
2.978567	10.568344
2.978567	10.620943
3.641493	10.620943
3.641493	10.662440
4.199389	10.662440
4.199389	10.710786
5.256684	10.710786
5.256684	10.767630
6.254339	10.767630
6.254339	10.816783
7.096616	10.816783
7.096616	10.878678
8.617285	10.878678
8.617285	10.951513
10.024699	10.951513
10.024699	11.008828
11.218450	11.008828
11.218450	11.067983
13.374462	11.067983
13.374462	11.125160
15.352817	11.125160
15.352817	11.170093
17.038506	11.170093
17.038506	11.233001
19.892019	11.233001
19.892019	11.328170
22.155104	11.328170
22.155104	11.436959
23.899502	11.436959
23.899502	11.615686
26.474343	11.615686
26.474343	11.881682
28.342944	11.881682
28.342944	12.122695
29.755233	12.122695
29.755233	12.354360
31.877290	12.354360
31.877290	12.520050
33.661835	12.520050
33.661835	12.595988
35.223708	12.595988
35.223708	12.652815
37.804671	12.652815
37.804671	12.706729
40.014642	12.706729
40.014642	12.754751
41.893023	12.754751
41.893023	12.820295
44.653572	12.820295
44.653572	12.909240
46.816541	12.909240
46.816541	13.000837
48.557069	13.000837
48.557069	13.121830
50.911046	13.121830
50.911046	13.265811
52.764796	13.265811
52.764796	13.384155
54.310170	13.384155
54.310170	13.494281
56.463889	13.494281
56.463889	13.582000
58.330152	13.582000
58.330152	13.633244
60.012968	13.633244
60.012968	13.671580
62.403896	13.671580
62.403896	13.700303
64.573426	13.700303
64.573426	13.718138
66.575250	13.718138
& cycle # 3, chisq = 1854.096031, e = 32.576580
0.000000	7.485942
0.391579	7.485942
0.391579	10.100473
0.803505	10.100473
0.803505	10.340902
1.080748	10.340902
1.080748	10.445088
1.524690	10.445088
1.524690	10.525078
1.959117	10.525078
1.959117	10.577250
2.313370	10.577250
2.313370	10.629930
2.978567	10.629930
2.978567	10.685547
3.641493	10.685547
3.641493	10.727897
4.199389	10.727897
4.199389	10.775490
5.256684	10.775490
5.256684	10.829707
6.254339	10.829707
6.254339	10.875480
7.096616	10.875480
7.096616	10.932210
8.617285	10.932210
8.617285	10.998356
10.024699	10.998356
10.024699	11.050211
11.218450	11.050211
11.218450	11.103868
13.374462	11.103868
13.374462	11.156244
15.352817	11.156244
15.352817	11.198046
17.038506	11.198046
17.038506	11.257425
19.892019	11.257425
19.892019	11.348144
22.155104	11.348144
22.155104	11.452560
23.899502	11.452560
23.899502	11.625114
26.474343	11.625114
26.474343	11.883427
28.342944	11.883427
28.342944	12.119072
29.755233	12.119072
29.755233	12.347773
31.877290	12.347773
31.877290	12.513862
33.661835	12.513862
33.661835	12.591898
35.223708	12.591898
35.223708	12.651758
37.804671	12.651758
37.804671	12.709021
40.014642	12.709021
40.014642	12.759706
41.893023	12.759706
41.893023	12.828093
44.653572	12.828093
44.653572	12.919799
46.816541	12.919799
46.816541	13.013154
48.557069	13.013154
48.557069	13.134943
50.911046	13.134943
50.911046	13.277766
52.764796	13.277766
52.764796	13.392952
54.310170	13.392952
54.310170	13.497311
56.463889	13.497311
56.463889	13.577298
58.330152	13.577298
58.330152	13.621589
60.012968	13.621589
60.012968	13.652830
62.403896	13.652830
62.403896	13.675093
64.573426	13.675093
64.573426	13.688445
66.575250	13.688445
& cycle # 4, chisq = 1834.598169, e = 32.576580
0.000000	7.750571
0.391579	7.750571
0.391579	10.178054
0.803505	10.178054
0.803505	10.373894
1.080748	10.373894
1.080748	10.458269
1.524690	10.458269
1.524690	10.523912
1.959117	10.523912
1.959117	10.567647
2.313370	10.567647
2.313370	10.612959
2.978567	10.612959
2.978567	10.662154
3.641493	10.662154
3.641493	10.700735
4.199389	10.700735
4.199389	10.745437
5.256684	10.745437
5.256684	10.797781
6.254339	10.797781
6.254339	10.842943
7.096616	10.842943
7.096616	10.899815
8.617285	10.899815
8.617285	10.966902
10.024699	10.966902
10.024699	11.019987
11.218450	11.019987
11.218450	11.075395
13.374462	11.075395
13.374462	11.129950
15.352817	11.129950
15.352817	11.173752
17.038506	11.173752
17.038506	11.235990
19.892019	11.235990
19.892019	11.330824
22.155104	11.330824
22.155104	11.439622
23.899502	11.439622
23.899502	11.618753
26.474343	11.618753
26.474343	11.885779
28.342944	11.885779
28.342944	12.128065
29.755233	12.128065
29.755233	12.361293
31.877290	12.361293
31.877290	12.528350
33.661835	12.528350
33.661835	12.604978
35.223708	12.604978
35.223708	12.662185
37.804671	12.662185
37.804671	12.716174
40.014642	12.716174
40.014642	12.764021
41.893023	12.764021
41.893023	12.829096
44.653572	12.829096
44.653572	12.917186
46.816541	12.917186
46.816541	13.007740
48.557069	13.007740
48.557069	13.127169
50.911046	13.127169
50.911046	13.269064
52.764796	13.269064
52.764796	13.385475
54.310170	13.385475
54.310170	13.493533
56.463889	13.493533
56.463889	13.579314
58.330152	13.579314
58.330152	13.629206
60.012968	13.629206
60.012968	13.666367
62.403896	13.666367
62.403896	13.694123
64.573426	13.694123
64.573426	13.711334
66.575250	13.711334
& cycle # 5, chisq = 1814.364099, e = 32.576580
0.000000	8.211423
0.365940	8.211423
0.365940	10.059901
0.770666	10.059901
0.770666	10.230337
1.040700	10.230337
1.040700	10.330124
1.481715	10.330124
1.481715	10.418778
1.914254	10.418778
1.914254	10.480643
2.265687	10.480643
2.265687	10.545408
2.940828	10.545408
2.940828	10.614168
3.614146	10.614168
3.614146	10.665773
4.177922	10.665773
4.177922	10.724546
5.264114	10.724546
5.264114	10.793938
6.274379	10.793938
6.274379	10.854406
7.111711	10.854406
7.111711	10.931089
8.628713	10.931089
8.628713	11.019063
10.011285	11.019063
10.011285	11.083456
11.175532	11.083456
11.175532	11.144578
13.326957	11.144578
13.326957	11.198669
15.305476	11.198669
15.305476	11.237962
16.989940	11.237962
16.989940	11.291513
19.900116	11.291513
19.900116	11.372554
22.190485	11.372554
22.190485	11.465864
23.939203	11.465864
23.939203	11.623569
26.537410	11.623569
26.537410	11.864785
28.384339	11.864785
28.384339	12.084690
29.762335	12.084690
29.762335	12.295645
31.862119	12.295645
31.862119	12.444498
33.624965	12.444498
33.624965	12.512770
35.167904	12.512770
35.167904	12.567108
37.769073	12.567108
37.769073	12.621929
39.990011	12.621929
39.990011	12.672531
41.871308	12.672531
41.871308	12.744226
44.672318	12.744226
44.672318	12.844486
46.844546	12.844486
46.844546	12.949622
48.577192	12.949622
48.577192	13.091866
50.936463	13.091866
50.936463	13.263844
52.773912	13.263844
52.773912	13.404978
54.297074	13.404978
54.297074	13.536246
56.448217	13.536246
56.448217	13.640454
58.308924	13.640454
58.308924	13.701398
59.985885	13.701398
59.985885	13.748287
62.401316	13.748287
62.401316	13.784517
64.588703	13.784517
64.588703	13.807354
66.604151	13.807354
& cycle # 1, chisq = 2180.010150, e = 33.674546
0.000000	8.505898
0.365940	8.505898
0.365940	10.277919
0.770666	10.277919
0.770666	10.399190
1.040700	10.399190
1.040700	10.464239
1.481715	10.464239
1.481715	10.521656
1.914254	10.521656
1.914254	10.562445
2.265687	10.562445
2.265687	10.606461
2.940828	10.606461
2.940828	10.654960
3.614146	10.654960
3.614146	10.692930
4.177922	10.692930
4.177922	10.738163
5.264114	10.738163
5.264114	10.793671
6.274379	10.793671
6.274379	10.843479
7.111711	10.843479
7.111711	10.908130
8.628713	10.908130
8.628713	10.983944
10.011285	10.983944
10.011285	11.040885
11.175532	11.040885
11.175532	11.097010
13.326957	11.097010
13.326957	11.149476
15.305476	11.149476
15.305476	11.189972
16.989940	11.189972
16.989940	11.247350
19.900116	11.247350
19.900116	11.335587
22.190485	11.335587
22.190485	11.437811
23.939203	11.437811
23.939203	11.611025
26.537410	11.611025
26.537410	11.876206
28.384339	11.876206
28.384339	12.117883
29.762335	12.117883
29.762335	12.349091
31.862119	12.349091
31.862119	12.510747
33.624965	12.510747
33.624965	12.582967
35.167904	12.582967
35.167904	12.637666
37.769073	12.637666
37.769073	12.690048
39.990011	12.690048
39.990011	12.736701
41.871308	12.736701
41.871308	12.801483
44.672318	12.801483
44.672318	12.891013
46.844546	12.891013
46.844546	12.984203
48.577192	12.984203
48.577192	13.109622
50.936463	13.109622
50.936463	13.260572
52.773912	13.260572
52.773912	13.383852
54.297074	13.383852
54.297074	13.497836
56.448217	13.497836
56.448217	13.587636
58.308924	13.587636
58.308924	13.639672
59.985885	13.639672
59.985885	13.679391
62.401316	13.679391
62.401316	13.709949
64.588703	13.709949
64.588703	13.729203
66.604151	13.729203
& cycle # 2, chisq = 1876.120867, e = 33.674546
0.000000	8.426553
0.365940	8.426553
0.365940	10.225825
0.770666	10.225825
0.770666	10.344748
1.040700	10.344748
1.040700	10.406612
1.481715	10.406612
1.481715	10.460878
1.914254	10.460878
1.914254	10.499518
2.265687	10.499518
2.265687	10.541513
2.940828	10.541513
2.940828	10.588243
3.614146	10.588243
3.614146	10.625260
4.177922	10.625260
4.177922	10.669922
5.264114	10.669922
5.264114	10.725334
6.274379	10.725334
6.274379	10.775484
7.111711	10.775484
7.111711	10.841031
8.628713	10.841031
8.628713	10.918406
10.011285	10.918406
10.011285	10.976958
11.175532	10.976958
11.175532	11.035274
13.326957	11.035274
13.326957	11.090546
15.305476	11.090546
15.305476	11.133798
16.989940	11.133798
16.989940	11.195560
19.900116	11.195560
19.900116	11.290801
22.190485	11.290801
22.190485	11.401229
23.939203	11.401229
23.939203	11.588362
26.537410	11.588362
26.537410	11.874760
28.384339	11.874760
28.384339	12.135554
29.762335	12.135554
29.762335	12.384499
31.862119	12.384499
31.862119	12.557525
33.624965	12.557525
33.624965	12.633592
35.167904	12.633592
35.167904	12.689451
37.769073	12.689451
37.769073	12.741104
39.990011	12.741104
39.990011	12.785913
41.871308	12.785913
41.871308	12.847122
44.672318	12.847122
44.672318	12.930803
46.844546	12.930803
46.844546	13.017215
48.577192	13.017215
48.577192	13.132713
50.936463	13.132713
50.936463	13.270721
52.773912	13.270721
52.773912	13.382434
54.297074	13.382434
54.297074	13.484467
56.448217	13.484467
56.448217	13.563480
58.308924	13.563480
58.308924	13.608237
59.985885	13.608237
59.985885	13.641650
62.401316	13.641650
62.401316	13.666951
64.588703	13.666951
64.588703	13.682758
66.604151	13.682758
& cycle # 3, chisq = 1810.972412, e = 33.674546
0.000000	8.325628
0.365940	8.325628
0.365940	10.099607
0.770666	10.099607
0.770666	10.263021
1.040700	10.263021
1.040700	10.359932
1.481715	10.359932
1.481715	10.446253
1.914254	10.446253
1.914254	10.506549
2.265687	10.506549
2.265687	10.569732
2.940828	10.569732
2.940828	10.636914
3.614146	10.636914
3.614146	10.687442
4.177922	10.687442
4.177922	10.745149
5.264114	10.745149
5.264114	10.813469
6.274379	10.813469
6.274379	10.873135
7.111711	10.873135
7.111711	10.948934
8.628713	10.948934
8.628713	11.036019
10.011285	11.036019
10.011285	11.099841
11.175532	11.099841
11.175532	11.160486
13.326957	11.160486
13.326957	11.214189
15.305476	11.214189
15.305476	11.253193
16.989940	11.253193
16.989940	11.306299
19.900116	11.306299
19.900116	11.386587
22.190485	11.386587
22.190485	11.478957
23.939203	11.478957
23.939203	11.634970
26.537410	11.634970
26.537410	11.873455
28.384339	11.873455
28.384339	12.090733
29.762335	12.090733
29.762335	12.299012
31.862119	12.299012
31.862119	12.445853
33.624965	12.445853
33.624965	12.513170
35.167904	12.513170
35.167904	12.566812
37.769073	12.566812
37.769073	12.621068
39.990011	12.621068
39.990011	12.671266
41.871308	12.671266
41.871308	12.742505
44.672318	12.742505
44.672318	12.842243
46.844546	12.842243
46.844546	12.946930
48.577192	12.946930
48.577192	13.088689
50.936463	13.088689
50.936463	13.260245
52.773912	13.260245
52.773912	13.401200
54.297074	13.401200
54.297074	13.532516
56.448217	13.532516
56.448217	13.636998
58.308924	13.636998
58.308924	13.698280
59.985885	13.698280
59.985885	13.745558
62.401316	13.745558
62.401316	13.782160
64.588703	13.782160
64.588703	13.805258
66.604151	13.805258
& cycle # 4, chisq = 2198.647621, e = 33.674546
0.000000	8.407128
0.365940	8.407128
0.365940	10.219472
0.770666	10.219472
0.770666	10.352658
1.040700	10.352658
1.040700	10.425110
1.481715	10.425110
1.481715	10.488896
1.914254	10.488896
1.914254	10.533841
2.265687	10.533841
2.265687	10.581787
2.940828	10.581787
2.940828	10.633898
3.614146	10.633898
3.614146	10.674070
4.177922	10.674070
4.177922	10.721154
5.264114	10.721154
5.264114	10.778145
6.274379	10.778145
6.274379	10.828777
7.111711	10.828777
7.111711	10.894036
8.628713	10.894036
8.628713	10.970169
10.011285	10.970169
10.011285	11.027124
11.175532	11.027124
11.175532	11.083130
13.326957	11.083130
13.326957	11.135506
15.305476	11.135506
15.305476	11.176082
16.989940	11.176082
16.989940	11.233878
19.900116	11.233878
19.900116	11.323170
22.190485	11.323170
22.190485	11.427005
23.939203	11.427005
23.939203	11.603597
26.537410	11.603597
26.537410	11.875025
28.384339	11.875025
28.384339	12.123595
29.762335	12.123595
29.762335	12.363073
31.862119	12.363073
31.862119	12.532362
33.624965	12.532362
33.624965	12.609268
35.167904	12.609268
35.167904	12.668291
37.769073	12.668291
37.769073	12.724794
39.990011	12.724794
39.990011	12.774626
41.871308	12.774626
41.871308	12.842971
44.672318	12.842971
44.672318	12.936316
46.844546	12.936316
46.844546	13.032398
48.577192	13.032398
48.577192	13.160174
50.936463	13.160174
50.936463	13.311803
52.773912	13.311803
52.773912	13.433352
54.297074	13.433352
54.297074	13.542768
56.448217	13.542768
56.448217	13.625680
58.308924	13.625680
58.308924	13.671227
59.985885	13.671227
59.985885	13.704141
62.401316	13.704141
62.401316	13.728427
64.588703	13.728427
64.588703	13.743346
66.604151	13.743346
& cycle # 5, chisq = 1843.541167, e = 33.674546
0.000000	7.352849
0.394952	7.352849
0.394952	9.936212
0.807767	9.936212
0.807767	10.198538
1.085919	10.198538
1.085919	10.324002
1.530197	10.324002
1.530197	10.425458
1.964828	10.425458
1.964828	10.493561
2.319413	10.493561
2.319413	10.563000
2.983294	10.563000
2.983294	10.636332
3.644838	10.636332
3.644838	10.691883
4.201909	10.691883
4.201909	10.753398
5.255313	10.753398
5.255313	10.822007
6.251025	10.822007
6.251025	10.878667
7.093656	10.878667
7.093656	10.947371
8.614506	10.947371
8.614506	11.025950
10.025293	11.025950
10.025293	11.086433
11.223323	11.086433
11.223323	11.147080
13.380881	11.147080
13.380881	11.203149
15.359707	11.203149
15.359707	11.244945
17.045611	11.244945
17.045611	11.301370
19.891483	11.301370
19.891483	11.385454
22.150257	11.385454
22.150257	11.481011
23.893202	11.481011
23.893202	11.637207
26.463479	11.637207
26.463479	11.868884
28.333821	11.868884
28.333821	12.078939
29.750146	12.078939
29.750146	12.281960
31.875334	12.281960
31.875334	12.429732
33.663465	12.429732
33.663465	12.500397
35.228596	12.500397
35.228596	12.556991
37.808265	12.556991
37.808265	12.614421
40.017723	12.614421
40.017723	12.667911
41.896293	12.667911
41.896293	12.742632
44.652147	12.742632
44.652147	12.845398
46.813888	12.845398
46.813888	12.952210
48.555140	12.952210
48.555140	13.094089
50.907739	13.094089
50.907739	13.263883
52.762881	13.263883
52.762881	13.404611
54.310553	13.404611
54.310553	13.536864
56.463958	13.536864
56.463958	13.643556
58.330480	13.643556
58.330480	13.706792
60.013582	13.706792
60.013582	13.754544
62.400200	13.754544
62.400200	13.790533
64.565120	13.790533
64.565120	13.813073
66.561266	13.813073
& cycle # 1, chisq = 2202.625867, e = 32.436442
0.000000	7.646773
0.394952	7.646773
0.394952	10.376432
0.807767	10.376432
0.807767	10.609810
1.085919	10.609810
1.085919	10.698893
1.530197	10.698893
1.530197	10.761664
1.964828	10.761664
1.964828	10.800539
2.319413	10.800539
2.319413	10.838890
2.983294	10.838890
2.983294	10.879274
3.644838	10.879274
3.644838	10.910368
4.201909	10.910368
4.201909	10.945864
5.255313	10.945864
5.255313	10.986904
6.251025	10.986904
6.251025	11.022008
7.093656	11.022008
7.093656	11.066007
8.614506	11.066007
8.614506	11.118039
10.025293	11.118039
10.025293	11.159700
11.223323	11.159700
11.223323	11.204021
13.380881	11.204021
13.380881	11.248775
15.359707	11.248775
15.359707	11.285588
17.045611	11.285588
17.045611	11.338548
19.891483	11.338548
19.891483	11.419680
22.150257	11.419680
22.150257	11.513043
23.893202	11.513043
23.893202	11.666780
26.463479	11.666780
26.463479	11.896078
28.333821	11.896078
28.333821	12.105060
29.750146	12.105060
29.750146	12.308236
31.875334	12.308236
31.875334	12.457126
33.663465	12.457126
33.663465	12.528719
35.228596	12.528719
35.228596	12.585741
37.808265	12.585741
37.808265	12.642638
40.017723	12.642638
40.017723	12.694697
41.896293	12.694697
41.896293	12.766422
44.652147	12.766422
44.652147	12.864060
46.813888	12.864060
46.813888	12.964737
48.555140	12.964737
48.555140	13.097536
50.907739	13.097536
50.907739	13.255341
52.762881	13.255341
52.762881	13.385056
54.310553	13.385056
54.310553	13.505667
56.463958	13.505667
56.463958	13.601614
58.330480	13.601614
58.330480	13.657485
60.013582	13.657485
60.013582	13.698964
62.400200	13.698964
62.400200	13.729855
64.565120	13.729855
64.565120	13.749108
66.561266	13.749108
& cycle # 3, chisq = 2082.438739, e = 32.436442
0.000000	7.334908
0.394952	7.334908
0.394952	9.972511
0.807767	9.972511
0.807767	10.232477
1.085919	10.232477
1.085919	10.349855
1.530197	10.349855
1.530197	10.441601
1.964828	10.441601
1.964828	10.501904
2.319413	10.501904
2.319413	10.562684
2.983294	10.562684
2.983294	10.626500
3.644838	10.626500
3.644838	10.674742
4.201909	10.674742
4.201909	10.728221
5.255313	10.728221
5.255313	10.788075
6.251025	10.788075
6.251025	10.837769
7.093656	10.837769
7.093656	10.898487
8.614506	10.898487
8.614506	10.968686
10.025293	10.968686
10.025293	11.023614
11.223323	11.023614
11.223323	11.080323
13.380881	11.080323
13.380881	11.135328
15.359707	11.135328
15.359707	11.178786
17.045611	11.178786
17.045611	11.239908
19.891483	11.239908
19.891483	11.332811
22.150257	11.332811
22.150257	11.439446
23.893202	11.439446
23.893202	11.614864
26.463479	11.614864
26.463479	11.876318
28.333821	11.876318
28.333821	12.114370
29.750146	12.114370
29.750146	12.345253
31.875334	12.345253
31.875334	12.513349
33.663465	12.513349
33.663465	12.592778
35.228596	12.592778
35.228596	12.653961
37.808265	12.653961
37.808265	12.712747
40.017723	12.712747
40.017723	12.764972
41.896293	12.764972
41.896293	12.835437
44.652147	12.835437
44.652147	12.929847
46.813888	12.929847
46.813888	13.025915
48.555140	13.025915
48.555140	13.151023
50.907739	13.151023
50.907739	13.297586
52.762881	13.297586
52.762881	13.415916
54.310553	13.415916
54.310553	13.523232
56.463958	13.523232
56.463958	13.605606
58.330480	13.605606
58.330480	13.651227
60.013582	13.651227
60.013582	13.683220
62.400200	13.683220
62.400200	13.705836
64.565120	13.705836
64.565120	13.719368
66.561266	13.719368
& cycle # 4, chisq = 1854.732197, e = 32.436442
0.000000	7.395801
0.394952	7.395801
0.394952	9.831802
0.807767	9.831802
0.807767	10.052352
1.085919	10.052352
1.085919	10.155415
1.530197	10.155415
1.530197	10.239973
1.964828	10.239973
1.964828	10.298534
2.319413	10.298534
2.319413	10.360725
2.983294	10.360725
2.983294	10.429443
3.644838	10.429443
3.644838	10.484053
4.201909	10.484053
4.201909	10.547614
5.255313	10.547614
5.255313	10.621797
6.251025	10.621797
6.251025	10.685324
7.093656	10.685324
7.093656	10.764412
8.614506	10.764412
8.614506	10.856573
10.025293	10.856573
10.025293	10.928509
11.223323	10.928509
11.223323	11.001533
13.380881	11.001533
13.380881	11.069915
15.359707	11.069915
15.359707	11.121439
17.045611	11.121439
17.045611	11.191190
19.891483	11.191190
19.891483	11.294908
22.150257	11.294908
22.150257	11.412402
23.893202	11.412402
23.893202	11.603748
26.463479	11.603748
26.463479	11.886284
28.333821	11.886284
28.333821	12.140814
29.750146	12.140814
29.750146	12.383936
31.875334	12.383936
31.875334	12.556526
33.663465	12.556526
33.663465	12.634528
35.228596	12.634528
35.228596	12.691489
37.808265	12.691489
37.808265	12.744452
40.017723	12.744452
40.017723	12.791159
41.896293	12.791159
41.896293	12.854495
44.652147	12.854495
44.652147	12.940051
46.813888	12.940051
46.813888	13.027912
48.555140	13.027912
48.555140	13.143553
50.907739	13.143553
50.907739	13.280778
52.762881	13.280778
52.762881	13.393455
54.310553	13.393455
54.310553	13.498125
56.463958	13.498125
56.463958	13.581309
58.330480	13.581309
58.330480	13.629708
60.013582	13.629708
60.013582	13.665635
62.400200	13.665635
62.400200	13.692424
64.565120	13.692424
64.565120	13.709171
66.561266	13.709171
& cycle # 5, chisq = 1958.225565, e = 32.436442
0.000000	7.696153
0.394952	7.696153
0.394952	10.372533
0.807767	10.372533
0.807767	10.597744
1.085919	10.597744
1.085919	10.685450
1.530197	10.685450
1.530197	10.748364
1.964828	10.748364
1.964828	10.787879
2.319413	10.787879
2.319413	10.827227
2.983294	10.827227
2.983294	10.868900
3.644838	10.868900
3.644838	10.901093
4.201909	10.901093
4.201909	10.937899
5.255313	10.937899
5.255313	10.980464
6.251025	10.980464
6.251025	11.016850
7.093656	11.016850
7.093656	11.062395
8.614506	11.062395
8.614506	11.116147
10.025293	11.116147
10.025293	11.159055
11.223323	11.159055
11.223323	11.204470
13.380881	11.204470
13.380881	11.249983
15.359707	11.249983
15.359707	11.287120
17.045611	11.287120
17.045611	11.340272
19.891483	11.340272
19.891483	11.421509
22.150257	11.421509
22.150257	11.514891
23.893202	11.514891
23.893202	11.668555
26.463479	11.668555
26.463479	11.897626
28.333821	11.897626
28.333821	12.106298
29.750146	12.106298
29.750146	12.309052
31.875334	12.309052
31.875334	12.457504
33.663465	12.457504
33.663465	12.528786
35.228596	12.528786
35.228596	12.585466
37.808265	12.585466
37.808265	12.641934
40.017723	12.641934
40.017723	12.693537
41.896293	12.693537
41.896293	12.764549
44.652147	12.764549
44.652147	12.861102
46.813888	12.861102
46.813888	12.960541
48.555140	12.960541
48.555140	13.091530
50.907739	13.091530
50.907739	13.246932
52.762881	13.246932
52.762881	13.374404
54.310553	13.374404
54.310553	13.492588
56.463958	13.492588
56.463958	13.586228
58.330480	13.586228
58.330480	13.640468
60.013582	13.640468
60.013582	13.680516
62.400200	13.680516
62.400200	13.710216
64.565120	13.710216
64.565120	13.728687
66.561266	13.728687
& cycle # 6, chisq = 2080.817667, e = 32.436442
