30.000000	307.261078
29.937000	303.238985
29.865000	299.120914
29.784000	295.043953
29.691000	290.998275
29.580000	286.955145
29.442000	282.912324
29.259000	278.899932
28.980000	274.884573
28.389000	270.882036
26.868000	266.876619
25.995000	262.876155
25.443000	258.867086
24.993000	254.843862
24.579000	250.820466
24.165000	246.793760
23.715000	242.784374
23.145000	238.781348
20.736000	234.780973
19.155000	230.768049
18.390000	226.759897
17.658000	222.745114
16.716000	218.739182
13.188000	214.736220
9.954000	210.734232
7.788000	206.727497
7.230000	202.716234
6.891000	198.709146
6.642000	194.705583
6.441000	190.675196
6.270000	186.627123
6.120000	182.559579
5.988000	178.539339
5.868000	174.501052
5.757000	170.429871
5.655000	166.401100
5.559000	162.355113
5.469000	158.333762
5.382000	154.230717
5.301000	150.215012
5.223000	146.166989
5.148000	142.107159
5.076000	138.057563
5.007000	134.040413
4.938000	129.893863
4.872000	125.809868
4.809000	121.806400
4.746000	117.701712
4.686000	113.699320
4.626000	109.607058
4.566000	105.426578
4.509000	101.375869
0.000000	0.000000
& cycle # 1, chisq = 9012.235062, e = 32.625493
30.000000	387.021126
29.976000	382.533134
29.952000	378.218355
29.928000	374.078809
29.901000	369.620606
29.874000	365.365763
29.847000	361.313093
29.817000	357.042332
29.787000	353.005201
29.754000	348.821419
29.718000	344.554158
29.679000	340.270765
29.637000	336.035156
29.592000	331.903260
29.541000	327.693115
29.484000	323.543861
29.418000	319.418164
29.340000	315.379435
29.241000	311.377012
29.094000	307.340174
28.635000	303.338371
27.516000	299.334422
27.132000	295.310983
26.751000	291.304806
26.208000	287.303778
24.267000	283.290526
23.817000	279.275285
23.502000	275.255981
23.235000	271.229410
22.992000	267.187236
22.761000	263.174568
22.530000	259.143279
22.296000	255.140504
22.047000	251.113665
21.768000	247.075431
21.438000	243.057983
20.982000	239.039846
18.633000	235.039495
17.577000	231.038706
16.977000	227.030331
16.449000	223.028477
15.927000	219.018040
15.375000	215.008905
14.136000	211.005749
7.743000	207.005330
7.089000	202.988021
6.771000	198.984261
6.546000	194.973316
6.366000	190.946287
6.213000	186.899204
6.078000	182.808914
5.958000	178.733460
5.850000	174.696682
5.751000	170.685514
5.658000	166.647656
5.571000	162.635059
5.487000	158.545064
5.406000	154.399255
5.331000	150.382864
5.259000	146.366769
5.187000	142.196013
5.118000	138.058379
5.052000	133.977623
4.989000	129.976254
4.926000	125.877375
4.863000	121.686781
4.803000	117.615273
4.743000	113.469390
4.686000	109.465421
4.629000	105.401319
4.572000	101.281193
0.000000	0.000000
& cycle # 2, chisq = 9011.170822, e = 32.625493
30.000000	413.916562
29.973000	409.800444
29.943000	405.650131
29.910000	401.563349
29.871000	397.313095
29.826000	393.116619
29.772000	388.954997
29.703000	384.800013
29.607000	380.760151
29.418000	376.759188
28.173000	372.746653
26.277000	368.746452
25.461000	364.734911
25.020000	360.715600
24.630000	356.709023
24.222000	352.698738
23.694000	348.686121
21.489000	344.684641
20.874000	340.663357
20.520000	336.663341
20.241000	332.636959
20.004000	328.635318
19.788000	324.622156
19.584000	320.589614
19.389000	316.546204
19.200000	312.492055
19.014000	308.454166
18.825000	304.393878
18.633000	300.365023
18.435000	296.330409
18.228000	292.294063
18.006000	288.289935
17.754000	284.257277
17.463000	280.251225
17.094000	276.226652
16.470000	272.225955
14.328000	268.212606
13.755000	264.196538
13.365000	260.187026
13.026000	256.179418
12.723000	252.151018
12.441000	248.131417
12.162000	244.100995
11.886000	240.071748
11.610000	236.046474
11.322000	232.024030
11.016000	227.991586
10.692000	223.984513
10.329000	219.959184
9.921000	215.953323
9.447000	211.932312
8.904000	207.923887
8.316000	203.907406
7.767000	199.889122
7.311000	195.868906
6.948000	191.853989
6.654000	187.808655
6.414000	183.793887
6.210000	179.788602
6.033000	175.785291
5.877000	171.778600
5.736000	167.731873
5.607000	163.653810
5.490000	159.624223
5.382000	155.602565
5.280000	151.516523
5.184000	147.399300
5.094000	143.290777
5.010000	139.234303
4.929000	135.116676
4.851000	130.956692
4.779000	126.942386
4.710000	122.933042
4.641000	118.759335
4.575000	114.608643
4.512000	110.498994
4.452000	106.449515
4.392000	102.267541
0.000000	0.000000
& cycle # 3, chisq = 9018.834198, e = 32.625493
30.000000	315.344317
29.925000	311.315498
29.811000	307.298467
29.070000	303.292739
28.644000	299.286209
28.407000	295.267702
28.203000	291.216178
28.008000	287.192322
27.807000	283.172993
27.582000	279.150588
27.303000	275.138587
26.832000	271.133566
24.834000	267.119648
24.243000	263.116850
23.718000	259.109805
23.055000	255.097378
20.535000	251.093273
19.896000	247.093265
19.467000	243.067418
19.110000	239.034768
18.780000	235.013055
18.456000	230.987961
18.129000	226.968622
17.772000	222.959192
17.361000	218.945703
16.818000	214.936153
15.627000	210.935112
7.623000	206.933018
6.930000	202.919531
6.633000	198.877151
6.426000	194.812510
6.264000	190.796898
6.126000	186.727464
6.006000	182.653871
5.901000	178.652033
5.805000	174.621347
5.715000	170.513381
5.631000	166.388460
5.553000	162.303883
5.478000	158.142140
5.409000	154.107206
5.343000	150.060193
5.280000	146.024582
5.220000	142.024296
5.160000	137.872220
5.103000	133.789491
5.046000	129.575286
4.992000	125.465071
4.938000	121.243774
4.887000	117.158078
4.836000	112.979023
4.788000	108.962691
4.740000	104.867699
4.692000	100.695919
0.000000	0.000000
& cycle # 4, chisq = 8999.332808, e = 32.625493
30.000000	363.639771
29.751000	359.598920
29.457000	355.574246
29.046000	351.565339
28.050000	347.563275
25.428000	343.559758
24.636000	339.558606
24.096000	335.554707
23.646000	331.545028
23.235000	327.543360
22.842000	323.533354
22.446000	319.507061
22.044000	315.506649
21.615000	311.495572
21.153000	307.472032
20.643000	303.458832
20.085000	299.440242
19.491000	295.428425
18.888000	291.408315
18.327000	287.403992
17.817000	283.387229
17.364000	279.373227
16.956000	275.348747
16.590000	271.320923
16.242000	267.309449
15.924000	263.278518
15.618000	259.254216
15.300000	255.242400
15.018000	251.209266
14.793000	247.190263
14.592000	243.166382
14.388000	239.121894
14.166000	235.074521
13.926000	231.027763
13.677000	227.006777
13.407000	222.982692
13.089000	218.953037
12.705000	214.940661
12.168000	210.929971
8.430000	206.929668
7.122000	202.905805
6.768000	198.876878
6.534000	194.868062
6.351000	190.830266
6.198000	186.776188
6.066000	182.730130
5.949000	178.683893
5.844000	174.666705
5.745000	170.537865
5.655000	166.495409
5.571000	162.473367
5.490000	158.365542
5.415000	154.358895
5.343000	150.326824
5.274000	146.291306
5.208000	142.275134
5.142000	138.109064
5.079000	133.996673
5.019000	129.961657
4.959000	125.816144
4.902000	121.780154
4.845000	117.653061
4.788000	113.438549
4.734000	109.368274
4.680000	105.225395
4.626000	101.012991
0.000000	0.000000
& cycle # 5, chisq = 9005.121533, e = 32.625493
30.000000	307.261078
29.916000	303.168140
29.796000	299.106226
29.562000	295.084716
26.721000	291.076185
26.187000	287.052950
25.818000	283.022330
25.500000	278.982648
25.203000	274.957455
24.906000	270.956111
24.588000	266.940112
24.219000	262.920800
23.715000	258.917805
21.270000	254.914388
20.409000	250.903581
19.899000	246.898323
19.464000	242.873095
19.059000	238.851232
18.642000	234.825961
18.189000	230.819863
17.619000	226.819760
16.557000	222.815040
13.950000	218.812450
13.272000	214.808815
12.726000	210.786560
12.246000	206.777128
11.784000	202.768221
11.328000	198.763641
10.857000	194.754148
10.365000	190.742336
9.846000	186.741559
9.300000	182.737828
8.751000	178.724222
8.226000	174.715326
7.755000	170.703991
7.347000	166.695409
6.996000	162.672918
6.693000	158.645363
6.432000	154.640509
6.198000	150.586710
5.991000	146.572425
5.805000	142.565934
5.634000	138.531712
5.475000	134.469120
5.328000	130.422404
5.190000	126.344506
5.061000	122.277604
4.941000	118.273963
4.824000	114.166703
4.713000	110.078763
4.608000	106.031158
4.506000	101.923896
0.000000	0.000000
& cycle # 1, chisq = 6214.604571, e = 29.615985
30.000000	387.021126
28.221000	383.010354
27.867000	379.001534
27.591000	374.957992
27.348000	370.925348
27.117000	366.888152
26.889000	362.874615
26.652000	358.838290
26.397000	354.833437
26.106000	350.820972
25.740000	346.810330
25.170000	342.796417
19.989000	338.794512
18.366000	334.780072
17.748000	330.754781
17.337000	326.738926
17.016000	322.699649
16.752000	318.654825
16.518000	314.626623
16.305000	310.624432
16.110000	306.589757
15.930000	302.521436
15.759000	298.452354
15.591000	294.409279
15.423000	290.374950
15.258000	286.304672
15.105000	282.233025
14.967000	278.173214
14.841000	274.120308
14.721000	270.023988
14.604000	265.932522
14.487000	261.880009
14.367000	257.873621
14.238000	253.796049
14.103000	249.777237
13.959000	245.718287
13.809000	241.697011
13.650000	237.685762
13.473000	233.627626
13.269000	229.609102
13.014000	225.574522
12.660000	221.549415
10.938000	217.545205
10.332000	213.530502
10.026000	209.499997
9.792000	205.464622
9.594000	201.406953
9.420000	197.405469
9.258000	193.392007
9.102000	189.336126
8.952000	185.311865
8.805000	181.296408
8.658000	177.269060
8.508000	173.226158
8.352000	169.183081
8.187000	165.170170
8.004000	161.112495
7.794000	157.062531
7.527000	153.026311
7.041000	149.016578
5.715000	145.008832
5.472000	140.977375
5.307000	136.910132
5.178000	132.865819
5.070000	128.855369
4.974000	124.799106
4.887000	120.719503
4.806000	116.574678
4.731000	112.437999
4.662000	108.378374
4.596000	104.268891
4.533000	100.142753
0.000000	0.000000
& cycle # 2, chisq = 6189.483195, e = 29.615985
30.000000	413.916562
29.958000	409.746853
29.907000	405.648920
29.841000	401.629247
29.742000	397.609904
29.508000	393.596896
27.696000	389.577301
27.330000	385.550640
27.060000	381.525447
26.820000	377.496975
26.583000	373.451714
26.331000	369.436601
26.028000	365.418820
25.521000	361.406682
23.808000	357.396890
23.415000	353.377634
23.124000	349.336463
22.872000	345.305835
22.632000	341.261349
22.392000	337.216800
22.140000	333.179373
21.855000	329.177720
21.483000	325.167850
19.911000	321.166699
19.011000	317.155825
18.651000	313.154037
18.375000	309.113072
18.138000	305.062839
17.919000	301.027676
17.709000	297.019205
17.502000	292.995259
17.292000	288.945836
17.070000	284.907536
16.821000	280.874035
16.530000	276.857728
16.140000	272.855025
14.574000	268.851200
13.989000	264.850362
13.680000	260.844400
13.449000	256.835787
13.248000	252.784592
13.068000	248.754266
12.903000	244.715723
12.750000	240.696869
12.603000	236.651682
12.459000	232.596466
12.315000	228.519021
12.171000	224.460959
12.027000	220.446318
11.880000	216.424562
11.727000	212.380953
11.565000	208.346606
11.388000	204.322067
11.187000	200.296900
10.947000	196.273859
10.620000	192.249202
9.066000	188.243507
8.433000	184.210358
8.142000	180.196538
7.923000	176.157696
7.740000	172.122042
7.578000	168.105860
7.428000	164.073952
7.287000	160.051854
7.152000	156.026263
7.020000	151.968036
6.891000	147.938690
6.762000	143.904738
6.630000	139.826912
6.495000	135.754846
6.357000	131.737325
6.210000	127.671870
6.054000	123.669475
5.880000	119.663698
5.676000	115.643411
5.418000	111.635878
4.995000	107.635196
3.102000	103.625358
0.000000	0.000000
& cycle # 3, chisq = 6543.515656, e = 29.615985
30.000000	315.344317
29.958000	311.101334
29.910000	306.964687
29.853000	302.896241
29.781000	298.862543
29.679000	294.787296
29.496000	290.750184
25.731000	286.749913
22.794000	282.749229
22.200000	278.743047
21.735000	274.727658
21.303000	270.701441
20.865000	266.690683
20.361000	262.675027
19.647000	258.663267
16.404000	254.659741
15.387000	250.647393
14.793000	246.645921
14.418000	242.627566
14.019000	238.606567
13.617000	234.596410
13.203000	230.585246
12.762000	226.577270
12.306000	222.557856
11.829000	218.551110
11.355000	214.548479
10.890000	210.532115
10.458000	206.515331
10.059000	202.483338
9.702000	198.450308
9.378000	194.434796
9.084000	190.397513
8.817000	186.383076
8.568000	182.361151
8.337000	178.354413
8.118000	174.300057
7.911000	170.276582
7.713000	166.275383
7.521000	162.247070
7.335000	158.217592
7.152000	154.174103
6.972000	150.159003
6.792000	146.120710
6.612000	142.074946
6.432000	138.065783
6.246000	134.018215
6.054000	129.975543
5.856000	125.973513
5.646000	121.973400
5.415000	117.945056
5.157000	113.941584
4.851000	109.935726
4.443000	105.932403
3.621000	101.930239
0.000000	0.000000
& cycle # 4, chisq = 6450.238116, e = 29.615985
30.000000	363.639771
29.892000	359.635213
29.643000	355.615308
27.240000	351.595350
26.829000	347.570222
26.529000	343.525994
26.271000	339.481698
26.034000	335.475484
25.803000	331.439899
25.569000	327.392775
25.326000	323.346233
25.068000	319.345376
24.777000	315.337053
24.432000	311.310183
23.985000	307.297971
23.313000	303.296836
22.116000	299.294206
20.964000	295.291653
20.307000	291.270495
19.860000	287.255879
19.518000	283.248963
19.230000	279.238040
18.978000	275.234877
18.753000	271.230314
18.546000	267.226880
18.348000	263.175922
18.159000	259.123264
17.979000	255.082029
17.805000	251.024244
17.634000	246.953885
17.466000	242.942164
17.295000	238.873986
17.124000	234.809105
16.953000	230.746034
16.782000	226.739674
16.602000	222.684757
16.413000	218.674216
16.212000	214.651134
16.002000	210.646253
15.774000	206.627715
15.501000	202.593526
15.165000	198.564460
14.835000	194.526187
14.508000	190.502470
14.022000	186.496157
9.612000	182.494949
8.130000	178.482882
7.638000	174.482420
7.293000	170.480535
7.011000	166.433892
6.771000	162.432427
6.558000	158.432001
6.363000	154.426949
6.180000	150.399510
6.006000	146.330632
5.841000	142.258808
5.685000	138.240221
5.532000	134.166605
5.385000	130.140444
5.241000	126.088564
5.100000	122.022087
4.962000	117.964283
4.827000	113.937966
4.692000	109.861072
4.560000	105.820766
4.431000	101.818817
0.000000	0.000000
& cycle # 5, chisq = 6225.740553, e = 29.615985
30.000000	307.261078
29.931000	303.097766
29.856000	299.002552
29.772000	294.892857
29.679000	290.845470
29.574000	286.833815
29.451000	282.751687
29.307000	278.678238
29.139000	274.668747
28.935000	270.618095
28.689000	266.574566
28.398000	262.557814
28.062000	258.534538
27.693000	254.506532
27.309000	250.494540
26.919000	246.486103
26.520000	242.460142
26.106000	238.444380
25.659000	234.437132
25.134000	230.425944
24.396000	226.416194
19.404000	222.415514
14.319000	218.409493
10.299000	214.406545
7.389000	210.397237
6.870000	206.378699
6.603000	202.373068
6.408000	198.327120
6.252000	194.318086
6.117000	190.235068
6.000000	186.193517
5.895000	182.143438
5.799000	178.077890
5.709000	173.946470
5.625000	169.808291
5.547000	165.718993
5.472000	161.559477
5.403000	157.532207
5.337000	153.497260
5.274000	149.477146
5.211000	145.291815
5.151000	141.153011
5.094000	137.084962
5.037000	132.886843
4.983000	128.792471
4.929000	124.586802
4.878000	120.514851
4.827000	116.347688
4.779000	112.340042
4.731000	108.250489
4.683000	104.080082
0.000000	0.000000
& cycle # 1, chisq = 9377.480830, e = 33.166381
30.000000	387.021126
29.940000	382.883881
29.877000	378.741229
29.811000	374.630458
29.742000	370.586849
29.667000	366.487381
29.586000	362.412003
29.496000	358.290470
29.397000	354.249387
29.283000	350.191610
29.148000	346.146180
28.980000	342.140702
28.746000	338.121669
28.326000	334.117315
25.983000	330.117235
24.993000	326.112721
24.468000	322.107436
24.054000	318.078624
23.691000	314.064944
23.346000	310.053451
23.004000	306.036896
22.647000	302.005875
22.260000	297.990289
21.813000	293.966001
21.252000	289.948442
20.439000	285.947659
19.095000	281.944531
17.817000	277.932115
17.046000	273.920545
16.515000	269.906100
16.083000	265.900453
15.726000	261.900277
15.375000	257.870156
15.066000	253.856369
14.829000	249.852747
14.625000	245.829604
14.424000	241.794524
14.208000	237.753932
13.974000	233.726130
13.728000	229.707564
13.461000	225.688889
13.140000	221.672076
12.720000	217.668209
11.892000	213.663025
7.485000	209.660814
6.792000	205.644237
6.528000	201.620213
6.342000	197.553897
6.195000	193.510392
6.072000	189.502056
5.964000	185.475989
5.865000	181.349824
5.775000	177.229592
5.694000	173.219294
5.616000	169.087597
5.544000	165.039378
5.475000	160.949148
5.409000	156.844171
5.346000	152.750948
5.286000	148.695549
5.226000	144.489831
5.169000	140.359245
5.115000	136.329386
5.061000	132.191548
5.010000	128.190015
4.959000	124.103260
4.908000	119.936978
4.857000	115.696801
4.809000	111.643454
4.761000	107.533969
4.713000	103.372799
0.000000	0.000000
& cycle # 2, chisq = 9376.836717, e = 33.166381
30.000000	413.916562
28.611000	409.915432
26.310000	405.898599
25.830000	401.876810
25.437000	397.873800
25.056000	393.868516
24.627000	389.855813
23.988000	385.848658
21.870000	381.831826
21.441000	377.817814
21.156000	373.809829
20.928000	369.759769
20.733000	365.731277
20.556000	361.666090
20.394000	357.620754
20.244000	353.607645
20.100000	349.536585
19.962000	345.472821
19.827000	341.385203
19.695000	337.312586
19.566000	333.277960
19.437000	329.201125
19.311000	325.194311
19.185000	321.190124
19.056000	317.131458
18.924000	313.061788
18.789000	309.017623
18.648000	304.936360
18.504000	300.924811
18.351000	296.852023
18.189000	292.795926
18.012000	288.732255
17.814000	284.688507
17.586000	280.660137
17.310000	276.626514
16.920000	272.605587
14.991000	268.603359
14.304000	264.601903
13.887000	260.570475
13.569000	256.551613
13.287000	252.524065
13.020000	248.504666
12.768000	244.501889
12.522000	240.497863
12.267000	236.452758
12.003000	232.450947
11.724000	228.438036
11.415000	224.430695
11.049000	220.414416
10.587000	216.393010
9.867000	212.387480
8.184000	208.385625
7.125000	204.383844
6.702000	200.376381
6.438000	196.374221
6.240000	192.329768
6.081000	188.272200
5.949000	184.246867
5.835000	180.224553
5.733000	176.155672
5.640000	172.029718
5.556000	167.938326
5.478000	163.808185
5.406000	159.694368
5.340000	155.653962
5.277000	151.544212
5.217000	147.390254
5.160000	143.219244
5.106000	139.059689
5.055000	134.940685
5.007000	130.891234
4.959000	126.670890
4.914000	122.556037
4.869000	118.284867
4.827000	114.154458
4.785000	109.882020
4.746000	105.784865
4.707000	101.559995
0.000000	0.000000
& cycle # 3, chisq = 9364.104950, e = 33.166381
30.000000	315.344317
27.678000	311.343829
25.344000	307.324556
24.945000	303.311571
24.654000	299.303710
24.411000	295.295381
24.192000	291.272026
23.988000	287.242434
23.793000	283.200612
23.601000	279.137133
23.409000	275.083515
23.214000	271.037978
23.013000	267.010030
22.800000	263.004315
22.563000	258.967898
22.293000	254.959744
21.957000	250.945817
21.444000	246.930045
18.519000	242.928683
16.791000	238.928339
11.283000	234.924899
10.665000	230.901854
10.272000	226.895679
9.948000	222.865167
9.657000	218.842905
9.381000	214.828496
9.099000	210.810508
8.790000	206.784701
8.412000	202.777997
7.014000	198.775261
6.366000	194.743154
6.141000	190.678787
5.985000	186.639543
5.862000	182.632445
5.757000	178.588599
5.664000	174.503412
5.580000	170.392483
5.505000	166.374182
5.433000	162.199673
5.367000	158.094218
5.304000	153.922492
5.244000	149.717742
5.187000	145.513692
5.133000	141.343869
5.082000	137.240830
5.034000	133.235479
4.986000	129.093791
4.941000	125.090010
4.896000	120.972025
4.851000	116.742649
4.809000	112.697211
4.767000	108.559484
4.725000	104.331834
4.686000	100.327836
0.000000	0.000000
& cycle # 4, chisq = 9362.556809, e = 33.166381
30.000000	363.639771
29.736000	359.613165
29.451000	355.587089
29.163000	351.582806
28.884000	347.552276
28.623000	343.504036
28.386000	339.494840
28.167000	335.461387
27.966000	331.444895
27.777000	327.392387
27.600000	323.333913
27.432000	319.269746
27.273000	315.240127
27.120000	311.193683
26.973000	307.176692
26.829000	303.144693
26.688000	299.110626
26.550000	295.091906
26.412000	291.033808
26.274000	286.966638
26.136000	282.905118
25.998000	278.860631
25.860000	274.858806
25.719000	270.849486
25.572000	266.781568
25.422000	262.760483
25.266000	258.735995
25.101000	254.693490
24.924000	250.641986
24.732000	246.593233
24.522000	242.587864
24.279000	238.554823
23.985000	234.544604
23.589000	230.536189
22.785000	226.529614
19.356000	222.525813
14.733000	218.518026
11.463000	214.517970
7.281000	210.514558
6.825000	206.488561
6.570000	202.484464
6.381000	198.463106
6.225000	194.379248
6.093000	190.324130
5.976000	186.228671
5.871000	182.128496
5.775000	178.017181
5.688000	173.987861
5.607000	169.974731
5.529000	165.869114
5.457000	161.866251
5.388000	157.835125
5.322000	153.798204
5.259000	149.778410
5.196000	145.596311
5.136000	141.464062
5.079000	137.406061
5.022000	133.222318
4.968000	129.146043
4.914000	124.963247
4.863000	120.917635
4.812000	116.781760
4.761000	112.557530
4.713000	108.502653
4.665000	104.372595
4.617000	100.169119
0.000000	0.000000
& cycle # 5, chisq = 9378.368841, e = 33.166381
30.000000	307.261078
29.979000	302.682906
29.958000	298.419510
29.934000	293.916314
29.910000	289.779024
29.883000	285.527734
29.853000	281.270971
29.820000	277.112121
29.781000	272.831320
29.736000	268.643492
29.682000	264.543044
29.613000	260.531735
29.508000	256.446560
29.226000	252.433539
27.564000	248.433208
25.872000	244.410407
25.482000	240.385880
25.182000	236.380316
24.915000	232.356965
24.663000	228.323260
24.417000	224.301787
24.165000	220.271439
23.901000	216.255661
23.613000	212.236924
23.280000	208.222780
22.866000	204.204304
22.248000	200.193763
13.002000	196.193609
8.562000	192.192793
7.497000	188.180097
7.098000	184.155099
6.816000	180.150517
6.588000	176.098699
6.393000	172.034756
6.222000	168.025833
6.066000	164.000536
5.922000	159.966800
5.787000	155.916157
5.658000	151.822398
5.535000	147.735218
5.418000	143.691861
5.304000	139.611906
5.193000	135.513635
5.085000	131.420812
4.980000	127.360771
4.878000	123.358665
4.776000	119.313541
4.674000	115.234717
4.572000	111.129690
4.470000	107.008926
4.368000	102.888498
0.000000	0.000000
& cycle # 1, chisq = 7904.685316, e = 30.845924
30.000000	387.021126
29.961000	382.993419
29.919000	378.757853
29.877000	374.629158
29.835000	370.618343
29.790000	366.461307
29.745000	362.446957
29.697000	358.330244
29.646000	354.154898
29.592000	349.956545
29.535000	345.769381
29.475000	341.638732
29.412000	337.611787
29.343000	333.555039
29.268000	329.547231
29.184000	325.544190
29.085000	321.457512
28.968000	317.426158
28.818000	313.388319
28.596000	309.351009
27.807000	305.350535
19.122000	301.350074
16.512000	297.337601
16.038000	293.314521
15.714000	289.309740
15.432000	285.301311
15.189000	281.284934
14.994000	277.230880
14.835000	273.189447
14.694000	269.112082
14.562000	265.034897
14.433000	260.969063
14.304000	256.930103
14.172000	252.858106
14.040000	248.820093
13.908000	244.771438
13.776000	240.694395
13.644000	236.617777
13.512000	232.604590
13.374000	228.546468
13.230000	224.504905
13.077000	220.427468
12.918000	216.403651
12.750000	212.388466
12.567000	208.349272
12.363000	204.349236
12.123000	200.345552
11.826000	196.321181
11.409000	192.320397
9.060000	188.320396
6.939000	184.318406
6.615000	180.313507
6.396000	176.289266
6.225000	172.287897
6.081000	168.269465
5.955000	164.227391
5.841000	160.130792
5.739000	156.110541
5.643000	152.026022
5.553000	147.938085
5.469000	143.901637
5.388000	139.811336
5.310000	135.693552
5.235000	131.575168
5.163000	127.483745
5.094000	123.446764
5.025000	119.308524
4.959000	115.267868
4.893000	111.159023
4.827000	106.993866
4.764000	102.975972
0.000000	0.000000
& cycle # 2, chisq = 7878.381376, e = 30.845924
30.000000	413.916562
29.886000	409.883558
29.715000	405.881781
29.373000	401.868300
28.359000	397.862339
27.375000	393.850335
26.358000	389.842900
23.895000	385.840932
23.352000	381.817256
22.938000	377.807450
22.557000	373.802903
22.170000	369.800107
21.723000	365.778780
21.072000	361.769184
18.378000	357.766988
17.589000	353.757586
16.908000	349.754950
15.609000	345.754130
14.160000	341.752658
13.803000	337.746355
13.560000	333.726429
13.362000	329.690262
13.191000	325.687202
13.038000	321.666206
12.900000	317.645259
12.774000	313.637661
12.654000	309.539668
12.543000	305.533082
12.435000	301.462406
12.330000	297.359769
12.228000	293.245592
12.129000	289.133134
12.033000	285.034592
11.940000	280.965523
11.850000	276.946152
11.760000	272.862910
11.670000	268.736036
11.583000	264.725296
11.496000	260.711222
11.409000	256.707779
11.319000	252.588090
11.229000	248.498258
11.139000	244.445095
11.049000	240.437052
10.956000	236.355540
10.863000	232.352545
10.767000	228.324571
10.668000	224.305391
10.563000	220.215520
10.455000	216.212804
10.338000	212.122377
10.215000	208.105712
10.080000	204.042423
9.930000	199.974985
9.759000	195.952032
9.549000	191.936433
9.255000	187.928496
7.836000	183.926616
7.215000	179.923182
6.939000	175.871336
6.735000	171.847140
6.564000	167.829701
6.411000	163.765137
6.273000	159.752281
6.144000	155.751609
6.018000	151.668873
5.895000	147.573223
5.775000	143.521766
5.655000	139.460640
5.535000	135.439175
5.412000	131.419210
5.283000	127.387837
5.145000	123.364439
4.992000	119.332650
4.815000	115.318655
4.587000	111.317102
4.119000	107.316579
3.126000	103.308332
0.000000	0.000000
& cycle # 3, chisq = 8176.759753, e = 30.845924
30.000000	315.344317
29.973000	311.196238
29.943000	306.949231
29.910000	302.689640
29.874000	298.487045
29.835000	294.417471
29.790000	290.285537
29.739000	286.241104
29.676000	282.061885
29.598000	277.942650
29.496000	273.939436
29.334000	269.914523
28.755000	265.912567
11.562000	261.910472
10.488000	257.910094
10.017000	253.886559
9.693000	249.880286
9.432000	245.844413
9.213000	241.821739
9.021000	237.777929
8.847000	233.706981
8.688000	229.663500
8.541000	225.648438
8.403000	221.630182
8.271000	217.562966
8.145000	213.490958
8.025000	209.460484
7.908000	205.405048
7.794000	201.345006
7.683000	197.294457
7.575000	193.266396
7.467000	189.162070
7.362000	185.113687
7.257000	181.027119
7.152000	176.921650
7.047000	172.813153
6.942000	168.712763
6.837000	164.628816
6.732000	160.570773
6.627000	156.552470
6.519000	152.480389
6.408000	148.382708
6.294000	144.288043
6.177000	140.220941
6.057000	136.201899
5.931000	132.158914
5.799000	128.137539
5.658000	124.113981
5.505000	120.095226
5.334000	116.042911
5.142000	112.040571
4.911000	108.005954
4.608000	103.990803
0.000000	0.000000
& cycle # 4, chisq = 8810.390293, e = 30.845924
30.000000	363.639771
29.574000	359.617472
29.163000	355.592359
28.716000	351.588684
28.215000	347.570865
27.693000	343.553705
27.207000	339.540320
26.784000	335.529406
26.418000	331.508199
26.094000	327.480023
25.803000	323.458390
25.533000	319.441099
25.278000	315.415593
25.032000	311.381929
24.789000	307.333226
24.549000	303.309583
24.306000	299.301012
24.051000	295.257488
23.784000	291.249238
23.490000	287.222225
23.154000	283.210329
22.740000	279.187317
22.137000	275.184760
17.589000	271.181490
16.311000	267.168363
15.777000	263.145455
15.360000	259.115809
15.039000	255.083288
14.811000	251.052937
14.622000	247.028825
14.442000	242.968206
14.262000	238.953357
14.076000	234.901734
13.890000	230.850097
13.707000	226.810357
13.524000	222.796513
13.332000	218.757612
13.128000	214.735618
12.909000	210.688913
12.675000	206.658679
12.414000	202.658134
12.099000	198.652640
11.694000	194.652454
11.001000	190.646093
7.311000	186.640738
6.807000	182.629728
6.531000	178.580757
6.333000	174.570082
6.174000	170.566534
6.039000	166.544489
5.919000	162.440107
5.814000	158.414919
5.718000	154.368516
5.628000	150.250709
5.544000	146.118805
5.466000	142.027039
5.391000	137.855743
5.322000	133.809010
5.256000	129.748415
5.193000	125.698878
5.133000	121.685823
5.073000	117.522750
5.016000	113.432064
4.959000	109.212652
4.905000	105.099845
4.851000	100.877661
0.000000	0.000000
& cycle # 5, chisq = 7874.418710, e = 30.845924
30.000000	307.261078
29.019000	303.259551
27.117000	299.251096
26.415000	295.250448
25.941000	291.236500
25.491000	287.230662
24.987000	283.224528
24.297000	279.217923
22.356000	275.217295
15.825000	271.209992
14.934000	267.188320
14.592000	263.159860
14.310000	259.124728
14.040000	255.122955
13.788000	251.082702
13.557000	247.076986
13.329000	243.033443
13.101000	239.020129
12.873000	234.999543
12.645000	230.977794
12.408000	226.939468
12.156000	222.924691
11.886000	218.920746
11.589000	214.908749
11.238000	210.884787
10.800000	206.868528
10.158000	202.859165
8.805000	198.858778
7.413000	194.847414
6.885000	190.825276
6.570000	186.783938
6.342000	182.741790
6.162000	178.740597
6.009000	174.671398
5.877000	170.598402
5.760000	166.515302
5.655000	162.451753
5.559000	158.390514
5.469000	154.268054
5.385000	150.131207
5.307000	146.028079
5.235000	142.008685
5.166000	137.942842
5.100000	133.855328
5.037000	129.771737
4.977000	125.717389
4.920000	121.716548
4.863000	117.570171
4.809000	113.507270
4.755000	109.312429
4.704000	105.228593
4.653000	101.025433
0.000000	0.000000
& cycle # 1, chisq = 8368.430568, e = 31.917972
30.000000	387.021126
29.985000	382.925186
29.967000	378.186974
29.949000	373.639217
29.931000	369.277305
29.913000	365.091877
29.895000	361.074945
29.874000	356.594695
29.853000	352.330420
29.832000	348.274543
29.808000	343.882322
29.784000	339.735167
29.757000	335.346194
29.730000	331.235486
29.700000	326.978558
29.667000	322.652671
29.631000	318.330106
29.592000	314.075820
29.550000	309.949383
29.502000	305.761171
29.448000	301.659082
29.385000	297.593115
29.307000	293.471834
29.208000	289.439403
29.064000	285.425111
28.761000	281.405431
22.530000	277.397565
21.894000	273.391343
21.483000	269.359758
21.153000	265.326967
20.868000	261.285522
20.607000	257.241575
20.361000	253.208127
20.127000	249.201940
19.896000	245.172327
19.662000	241.130435
19.425000	237.128535
19.179000	233.106101
18.915000	229.064021
18.621000	225.027439
18.285000	221.000819
17.865000	216.997752
17.214000	212.991011
14.118000	208.986884
11.745000	204.986748
7.677000	200.974745
7.230000	196.966613
6.936000	192.934545
6.711000	188.930686
6.522000	184.873832
6.357000	180.803522
6.210000	176.762246
6.075000	172.700324
5.949000	168.603393
5.832000	164.542847
5.721000	160.479972
5.616000	156.467884
5.514000	152.430548
5.415000	148.393423
5.319000	144.378502
5.223000	140.278498
5.130000	136.243051
5.037000	132.167294
4.944000	128.076178
4.851000	123.994233
4.758000	119.943133
4.665000	115.941695
4.569000	111.882735
4.470000	107.797241
4.368000	103.725888
0.000000	0.000000
& cycle # 2, chisq = 8415.022995, e = 31.917972
30.000000	413.916562
29.982000	409.590242
29.964000	405.520481
29.943000	401.086482
29.922000	396.973494
29.898000	392.638707
29.871000	388.199223
29.844000	384.194905
29.811000	379.846671
29.775000	375.722568
29.733000	371.639337
29.682000	367.610508
29.613000	363.526609
29.502000	359.460790
28.800000	355.450305
28.542000	351.433974
28.380000	347.409468
28.245000	343.320981
28.125000	339.265655
28.014000	335.255529
27.906000	331.196477
27.801000	327.184042
27.696000	323.180243
27.588000	319.128788
27.477000	315.084200
27.360000	311.007772
27.237000	306.989986
27.102000	302.944643
26.952000	298.920283
26.778000	294.891029
26.562000	290.855888
26.262000	286.848328
25.602000	282.841926
17.058000	278.834075
16.353000	274.827035
15.918000	270.818964
15.570000	266.799521
15.252000	262.790845
15.000000	258.788970
14.802000	254.777697
14.628000	250.746992
14.460000	246.711276
14.289000	242.705607
14.109000	238.668355
13.926000	234.667249
13.740000	230.634036
13.551000	226.629779
13.350000	222.629072
13.128000	218.613547
12.882000	214.598464
12.603000	210.566091
12.258000	206.545498
11.766000	202.534369
8.052000	198.532833
6.924000	194.528300
6.591000	190.506185
6.369000	186.487790
6.195000	182.430761
6.051000	178.373391
5.928000	174.344723
5.817000	170.229383
5.718000	166.157306
5.628000	162.116200
5.544000	158.044160
5.466000	153.994777
5.391000	149.849270
5.322000	145.810598
5.256000	141.741124
5.193000	137.665590
5.133000	133.609627
5.076000	129.599000
5.019000	125.435940
4.965000	121.352613
4.911000	117.134877
4.860000	113.028904
4.809000	108.804405
4.761000	104.720355
4.713000	100.531619
0.000000	0.000000
& cycle # 3, chisq = 8365.704064, e = 31.917972
30.000000	315.344317
29.946000	311.143370
29.880000	307.062235
29.790000	302.968772
29.649000	298.966678
29.097000	294.964941
26.949000	290.963533
26.316000	286.947251
25.650000	282.932176
21.018000	278.931533
19.398000	274.929196
18.666000	270.919787
18.024000	266.902615
17.337000	262.897584
16.287000	258.894065
13.176000	254.889801
11.925000	250.873663
11.400000	246.870890
11.037000	242.870150
10.752000	238.839088
10.509000	234.806804
10.293000	230.794927
10.095000	226.759259
9.912000	222.751398
9.735000	218.689168
9.564000	214.661309
9.396000	210.652571
9.228000	206.630980
9.057000	202.584108
8.880000	198.538533
8.691000	194.488481
8.484000	190.465656
8.244000	186.440172
7.929000	182.414007
6.636000	178.413046
6.057000	174.401871
5.841000	170.351822
5.688000	166.279758
5.565000	162.171718
5.463000	158.154810
5.373000	154.131517
5.292000	150.118009
5.217000	146.065520
5.148000	142.048503
5.082000	137.944847
5.019000	133.787903
4.959000	129.610847
4.902000	125.446674
4.848000	121.327881
4.797000	117.285923
4.746000	113.100530
4.698000	109.034853
4.650000	104.851447
4.605000	100.827207
0.000000	0.000000
& cycle # 4, chisq = 8358.225051, e = 31.917972
30.000000	363.639771
29.922000	359.534773
29.799000	355.484918
28.533000	351.481978
26.505000	347.476656
25.995000	343.452429
25.536000	339.441294
25.020000	335.431484
24.195000	331.430765
19.935000	327.429379
19.317000	323.420753
18.939000	319.404770
18.654000	315.392372
18.414000	311.374541
18.201000	307.345939
18.009000	303.313742
17.832000	299.256443
17.667000	295.227274
17.508000	291.179980
17.355000	287.165902
17.205000	283.116282
17.061000	279.114747
16.920000	275.104365
16.779000	271.052398
16.638000	267.025337
16.494000	262.989849
16.347000	258.960695
16.197000	254.917293
16.044000	250.846333
15.888000	246.797261
15.723000	242.753816
15.540000	238.703792
15.333000	234.647809
15.114000	230.610605
14.901000	226.561966
14.694000	222.539777
14.466000	218.510335
14.163000	214.485827
13.668000	210.468933
11.103000	206.464382
10.122000	202.458001
7.731000	198.452719
6.993000	194.451566
6.684000	190.438737
6.465000	186.411461
6.288000	182.361073
6.138000	178.329608
6.006000	174.292737
5.886000	170.205308
5.778000	166.181039
5.676000	162.081376
5.580000	157.960039
5.490000	153.864985
5.406000	149.839105
5.325000	145.768381
5.247000	141.672450
5.172000	137.572506
5.100000	133.490928
5.031000	129.450144
4.962000	125.287959
4.896000	121.197627
4.833000	117.196965
4.770000	113.104510
4.707000	108.921766
4.647000	104.855442
4.587000	100.709850
0.000000	0.000000
& cycle # 5, chisq = 8379.650039, e = 31.917972
30.000000	307.261078
29.916000	303.179445
29.835000	299.049025
29.757000	294.954798
29.682000	290.950377
29.607000	286.934726
29.529000	282.776567
29.451000	278.681814
29.370000	274.541152
29.289000	270.536282
29.202000	266.420126
29.112000	262.403533
29.013000	258.286905
28.908000	254.280545
28.788000	250.185758
28.650000	246.109795
28.485000	242.079053
28.266000	238.049882
27.906000	234.048781
23.340000	230.045379
22.416000	226.031258
21.828000	222.013712
21.312000	218.003436
20.790000	213.986707
20.196000	209.975662
19.305000	205.972701
15.381000	201.967446
9.351000	197.966305
7.983000	193.955557
7.449000	189.937251
7.089000	185.908894
6.810000	181.894869
6.579000	177.849700
6.381000	173.810536
6.207000	169.802205
6.048000	165.727943
5.904000	161.666966
5.772000	157.621307
5.649000	153.572145
5.532000	149.469061
5.424000	145.457383
5.319000	141.341031
5.220000	137.257230
5.127000	133.239401
5.037000	129.185836
4.950000	125.116773
4.866000	121.050689
4.785000	117.002948
4.707000	112.986297
4.629000	108.851174
4.554000	104.762332
4.482000	100.733872
0.000000	0.000000
& cycle # 1, chisq = 7534.504766, e = 31.176683
30.000000	387.021126
29.958000	382.847980
29.913000	378.735669
29.865000	374.729014
29.811000	370.671805
29.748000	366.491974
29.676000	362.381957
29.589000	358.276200
29.478000	354.203098
29.316000	350.177062
28.839000	346.172740
27.462000	342.162398
26.943000	338.144542
26.346000	334.142828
21.768000	330.142331
19.983000	326.141315
16.968000	322.138466
16.251000	318.118304
15.888000	314.089203
15.612000	310.060284
15.369000	306.018146
15.165000	302.000497
14.997000	297.931780
14.856000	293.859412
14.733000	289.852272
14.616000	285.756292
14.505000	281.732761
14.394000	277.672871
14.283000	273.633249
14.172000	269.626481
14.058000	265.525838
13.947000	261.518506
13.836000	257.480920
13.725000	253.422312
13.614000	249.376379
13.500000	245.283057
13.383000	241.194991
13.263000	237.151494
13.137000	233.075177
13.008000	229.070539
12.873000	225.053230
12.729000	220.978318
12.576000	216.933986
12.408000	212.894339
12.219000	208.881043
11.997000	204.835764
11.727000	200.805368
11.349000	196.791228
10.407000	192.788999
6.930000	188.776171
6.606000	184.762323
6.393000	180.749496
6.228000	176.749333
6.090000	172.729846
5.970000	168.688262
5.862000	164.591703
5.766000	160.576486
5.676000	156.491330
5.592000	152.399217
5.514000	148.358687
5.439000	144.255301
5.367000	140.115284
5.298000	135.964804
5.232000	131.830380
5.169000	127.738682
5.109000	123.715870
5.049000	119.577204
4.992000	115.545368
4.935000	111.423343
4.878000	107.218411
4.824000	103.164753
0.000000	0.000000
& cycle # 2, chisq = 7522.361751, e = 31.176683
30.000000	413.916562
29.949000	409.852037
29.895000	405.700285
29.838000	401.498252
29.778000	397.300929
29.715000	393.146168
29.649000	389.094083
29.577000	385.031342
29.496000	380.902534
29.406000	376.874236
29.298000	372.785576
29.163000	368.741432
28.965000	364.706595
27.828000	360.702580
27.276000	356.690898
26.982000	352.645756
26.745000	348.593301
26.532000	344.548477
26.331000	340.516807
26.133000	336.462447
25.935000	332.460701
25.728000	328.421445
25.509000	324.386782
25.269000	320.358574
24.996000	316.320975
24.672000	312.297518
24.252000	308.280744
23.622000	304.276993
22.257000	300.273328
17.427000	296.264373
16.680000	292.259876
16.245000	288.236094
15.924000	284.200001
15.654000	280.186695
15.399000	276.168096
15.171000	272.158371
14.982000	268.144565
14.820000	264.066076
14.676000	260.042195
14.538000	256.025800
14.397000	251.951715
14.253000	247.938259
14.103000	243.929415
13.947000	239.889312
13.788000	235.862861
13.623000	231.818818
13.446000	227.753650
13.251000	223.729101
13.026000	219.697215
12.759000	215.681819
12.399000	211.678463
10.680000	207.674864
9.789000	203.653847
9.390000	199.641351
9.066000	195.613745
8.766000	191.592399
8.463000	187.587625
8.109000	183.562991
7.533000	179.554880
6.147000	175.539829
5.916000	171.508444
5.763000	167.431360
5.646000	163.411926
5.547000	159.330970
5.460000	155.185355
5.385000	151.161553
5.316000	147.070183
5.253000	142.993630
5.193000	138.797783
5.139000	134.753103
5.088000	130.695029
5.040000	126.661322
4.992000	122.417419
4.947000	118.246085
4.905000	114.183234
4.863000	109.955379
4.824000	105.880689
4.785000	101.661669
0.000000	0.000000
& cycle # 3, chisq = 7492.673564, e = 31.176683
30.000000	315.344317
29.973000	311.031135
29.943000	306.713134
29.910000	302.492535
29.874000	298.449218
29.832000	294.395555
29.781000	290.307058
29.718000	286.303961
29.631000	282.295503
29.481000	278.249487
26.865000	274.248764
25.893000	270.246210
24.903000	266.239116
20.205000	262.236120
19.155000	258.232163
18.420000	254.230356
17.685000	250.225186
16.638000	246.219673
12.207000	242.212190
11.376000	238.193961
10.944000	234.184135
10.632000	230.170033
10.374000	226.156764
10.149000	222.131774
9.948000	218.122741
9.759000	214.057725
9.579000	209.995560
9.405000	205.942801
9.234000	201.876813
9.066000	197.857717
8.895000	193.828742
8.718000	189.822765
8.529000	185.815488
8.319000	181.773068
8.073000	177.732573
7.740000	173.727169
6.321000	169.719610
5.922000	165.684841
5.727000	161.653964
5.586000	157.619059
5.472000	153.572580
5.373000	149.446460
5.286000	145.329002
5.208000	141.233428
5.136000	137.104262
5.070000	133.017978
5.007000	128.843228
4.950000	124.831983
4.896000	120.825154
4.842000	116.617079
4.791000	112.459118
4.743000	108.384711
4.695000	104.156777
4.650000	100.056460
0.000000	0.000000
& cycle # 4, chisq = 7499.285981, e = 31.176683
30.000000	363.639771
29.676000	359.627317
29.310000	355.622039
28.800000	351.613900
27.861000	347.604724
26.775000	343.590533
26.151000	339.577960
25.725000	335.547193
25.389000	331.543700
25.101000	327.527796
24.840000	323.508270
24.597000	319.484904
24.363000	315.433646
24.135000	311.420461
23.907000	307.396586
23.676000	303.385871
23.433000	299.355601
23.175000	295.354944
22.890000	291.339240
22.557000	287.327088
22.137000	283.317697
21.477000	279.306137
17.355000	275.302111
16.326000	271.287515
15.828000	267.262184
15.444000	263.252287
15.126000	259.229673
14.895000	255.210907
14.709000	251.169306
14.541000	247.142625
14.376000	243.124145
14.208000	239.121935
14.034000	235.057971
13.860000	230.989867
13.689000	226.967704
13.515000	222.938371
13.332000	218.902327
13.137000	214.898824
12.924000	210.845506
12.693000	206.809731
12.429000	202.790395
12.096000	198.766781
11.619000	194.760137
7.386000	190.758576
6.741000	186.739384
6.471000	182.699430
6.282000	178.633367
6.135000	174.629414
6.009000	170.528302
5.901000	166.473727
5.805000	162.426489
5.718000	158.385251
5.637000	154.295442
5.562000	150.220954
5.490000	146.043410
5.424000	141.979985
5.361000	137.888316
5.301000	133.795246
5.244000	129.728025
5.190000	125.714008
5.136000	121.544449
5.085000	117.465482
5.034000	113.251888
4.986000	109.165691
4.938000	104.965276
4.893000	100.925939
0.000000	0.000000
& cycle # 5, chisq = 7516.967237, e = 31.176683
30.000000	307.261078
29.949000	303.088581
29.889000	299.050400
29.811000	294.971670
29.700000	290.951489
29.472000	286.949898
26.118000	282.945451
25.227000	278.936470
24.660000	274.935165
24.132000	270.925945
23.553000	266.915471
22.767000	262.905353
17.820000	258.904744
15.579000	254.900185
14.814000	250.879471
14.436000	246.862934
14.073000	242.844485
13.734000	238.837455
13.422000	234.800344
13.116000	230.773029
12.822000	226.759585
12.540000	222.725162
12.261000	218.699793
11.985000	214.681605
11.715000	210.645319
11.448000	206.625804
11.178000	202.585452
10.911000	198.550270
10.647000	194.530262
10.380000	190.503933
10.113000	186.487451
9.846000	182.444968
9.579000	178.431181
9.309000	174.406049
9.039000	170.363483
8.769000	166.333916
8.496000	162.297202
8.226000	158.293474
7.956000	154.291833
7.683000	150.279684
7.410000	146.259437
7.137000	142.239334
6.861000	138.207542
6.585000	134.169500
6.309000	130.140735
6.030000	126.100543
5.754000	122.098810
5.475000	118.078322
5.193000	114.035666
4.914000	110.032060
4.632000	106.010363
4.350000	101.970557
0.000000	0.000000
& cycle # 1, chisq = 5013.610731, e = 28.037575
30.000000	387.021126
29.976000	382.990692
29.949000	378.735721
29.919000	374.330925
29.889000	370.254954
29.856000	366.126987
29.820000	362.015835
29.781000	357.995155
29.736000	353.876994
29.685000	349.817902
29.625000	345.775482
29.550000	341.702600
29.448000	337.611732
29.280000	333.579070
28.185000	329.568542
27.768000	325.538672
27.468000	321.534711
27.186000	317.509871
26.889000	313.474965
26.535000	309.462079
25.962000	305.456271
23.751000	301.450303
23.208000	297.443889
22.806000	293.426477
22.455000	289.417740
22.116000	285.410772
21.771000	281.407533
21.390000	277.395964
20.922000	273.384930
20.112000	269.378884
17.532000	265.364779
16.962000	261.358415
16.551000	257.344957
16.185000	253.311178
15.861000	249.307890
15.531000	245.283140
15.177000	241.252994
14.877000	237.239142
14.616000	233.208340
14.334000	229.198603
13.962000	225.195760
13.413000	221.181153
11.139000	217.179021
10.623000	213.155559
10.305000	209.113401
10.056000	205.070759
9.843000	201.016615
9.657000	197.011623
9.486000	192.956629
9.327000	188.904067
9.177000	184.871196
9.033000	180.831484
8.895000	176.816467
8.760000	172.765304
8.628000	168.709734
8.499000	164.688925
8.370000	160.645165
8.241000	156.604634
8.112000	152.583963
7.980000	148.504248
7.848000	144.479683
7.713000	140.452438
7.572000	136.381522
7.425000	132.319496
7.272000	128.310046
7.107000	124.250687
6.930000	120.231638
6.732000	116.202782
6.501000	112.167701
6.216000	108.149922
5.802000	104.147957
3.507000	100.141359
0.000000	0.000000
& cycle # 2, chisq = 5195.415630, e = 28.037575
30.000000	413.916562
29.757000	409.888589
29.619000	405.834073
29.511000	401.822288
29.415000	397.707170
29.328000	393.595634
29.247000	389.505599
29.169000	385.369435
29.094000	381.250101
29.022000	377.209863
28.950000	373.124908
28.878000	369.023732
28.806000	364.932478
28.734000	360.882102
28.659000	356.741541
28.584000	352.710306
28.506000	348.654858
28.425000	344.609899
28.338000	340.479417
28.248000	336.469363
28.149000	332.391050
28.041000	328.347802
27.918000	324.259460
27.777000	320.254991
27.600000	316.226342
27.351000	312.215992
26.691000	308.215409
24.699000	304.201319
23.745000	300.193233
18.105000	296.188349
17.265000	292.183265
16.863000	288.172496
16.563000	284.154384
16.305000	280.114186
16.080000	276.060406
15.879000	272.015638
15.687000	267.960322
15.495000	263.910032
15.306000	259.902999
15.126000	255.831724
14.967000	251.824457
14.820000	247.740481
14.682000	243.692922
14.544000	239.638321
14.400000	235.605157
14.244000	231.598338
14.070000	227.576955
13.875000	223.523248
13.656000	219.487686
13.386000	215.452225
12.969000	211.449489
11.115000	207.435831
10.644000	203.427323
10.356000	199.379628
10.131000	195.378447
9.933000	191.329001
9.753000	187.263674
9.588000	183.259490
9.429000	179.218725
9.273000	175.166601
9.117000	171.109353
8.958000	167.035019
8.796000	163.007631
8.625000	158.973378
8.439000	154.956349
8.223000	150.919259
7.950000	146.904532
7.467000	142.892250
6.105000	138.863955
5.859000	134.818793
5.694000	130.740996
5.565000	126.684214
5.457000	122.654328
5.361000	118.557780
5.274000	114.408188
5.196000	110.324645
5.124000	106.246755
5.055000	102.060999
0.000000	0.000000
& cycle # 3, chisq = 5012.623927, e = 28.037575
30.000000	315.344317
29.880000	311.275562
28.974000	307.275342
28.338000	303.251423
27.822000	299.230680
27.159000	295.228624
26.109000	291.222095
25.011000	287.210541
24.252000	283.207816
23.664000	279.198346
23.151000	275.195000
22.656000	271.177937
22.143000	267.161607
21.561000	263.147252
20.784000	259.146133
18.894000	255.144759
12.348000	251.137583
11.661000	247.130367
11.271000	243.125383
10.980000	239.085979
10.746000	235.059332
10.545000	231.050411
10.365000	227.031466
10.200000	222.969113
10.050000	218.947623
9.909000	214.890819
9.777000	210.872828
9.651000	206.861148
9.528000	202.792798
9.411000	198.789198
9.297000	194.766929
9.186000	190.743861
9.078000	186.743719
8.970000	182.680037
8.862000	178.576065
8.757000	174.567340
8.652000	170.554850
8.547000	166.549132
8.439000	162.446213
8.331000	158.374430
8.223000	154.353178
8.112000	150.298112
7.998000	146.243273
7.881000	142.222089
7.758000	138.166624
7.629000	134.116398
7.494000	130.116298
7.347000	126.066126
7.185000	122.013915
7.002000	117.993650
6.783000	113.960108
6.498000	109.932905
5.997000	105.922593
3.480000	101.918237
0.000000	0.000000
& cycle # 4, chisq = 5194.933293, e = 28.037575
30.000000	363.639771
29.676000	359.609991
29.265000	355.588198
28.719000	351.569187
28.056000	347.551652
27.432000	343.540251
26.931000	339.540127
26.526000	335.536831
26.184000	331.529475
25.884000	327.515745
25.611000	323.490820
25.356000	319.442993
25.116000	315.409015
24.885000	311.396805
24.660000	307.396467
24.435000	303.348107
24.210000	299.332378
23.979000	295.283731
23.742000	291.241005
23.493000	287.201110
23.229000	283.199122
22.941000	279.178117
22.617000	275.175342
22.236000	271.160857
21.759000	267.159882
21.087000	263.158116
19.914000	259.157650
18.264000	255.153920
17.256000	251.150385
16.629000	247.143215
16.143000	243.124227
15.759000	239.112972
15.399000	235.109254
15.084000	231.083844
14.847000	227.035882
14.652000	223.024402
14.466000	218.974469
14.277000	214.950308
14.079000	210.902109
13.881000	206.902019
13.683000	202.875890
13.482000	198.855088
13.269000	194.822770
13.041000	190.800158
12.798000	186.766332
12.537000	182.758254
12.237000	178.741187
11.880000	174.734543
11.424000	170.715594
10.710000	166.712571
8.787000	162.709899
7.458000	158.698142
6.966000	154.681676
6.651000	150.648973
6.414000	146.599609
6.222000	142.591482
6.057000	138.561645
5.913000	134.555267
5.781000	130.460956
5.661000	126.384977
5.550000	122.314307
5.445000	118.194779
5.346000	114.066144
5.253000	109.968360
5.166000	105.943586
5.082000	101.887212
0.000000	0.000000
& cycle # 5, chisq = 5015.373356, e = 28.037575
30.000000	307.261078
29.817000	303.259356
29.346000	299.248614
28.395000	295.243947
27.951000	291.238501
27.663000	287.226784
27.435000	283.182160
27.240000	279.146694
27.066000	275.132092
26.904000	271.117092
26.748000	267.056487
26.598000	263.015553
26.451000	258.987099
26.304000	254.960956
26.154000	250.907944
26.001000	246.873890
25.842000	242.848851
25.671000	238.787122
25.485000	234.739913
25.278000	230.726953
25.032000	226.704153
24.708000	222.675562
24.138000	218.667477
21.525000	214.661835
20.628000	210.651345
19.620000	206.647011
14.796000	202.641696
13.215000	198.636971
9.966000	194.635496
8.673000	190.634255
8.040000	186.631348
7.599000	182.616661
7.254000	178.582169
6.966000	174.567922
6.714000	170.520746
6.492000	166.496494
6.291000	162.489068
6.105000	158.465693
5.931000	154.400358
5.769000	150.342360
5.616000	146.276049
5.472000	142.244864
5.334000	138.185063
5.202000	134.107643
5.076000	130.033753
4.956000	125.992926
4.839000	121.905779
4.728000	117.890385
4.620000	113.845491
4.515000	109.773586
4.413000	105.682807
4.314000	101.586336
0.000000	0.000000
& cycle # 1, chisq = 7117.366091, e = 30.555886
30.000000	387.021126
29.940000	383.013338
29.877000	378.879104
29.814000	374.876324
29.748000	370.875481
29.676000	366.784599
29.598000	362.735461
29.511000	358.719261
29.406000	354.624591
29.271000	350.556185
29.052000	346.534938
28.008000	342.512346
27.729000	338.462814
27.540000	334.453749
27.381000	330.406704
27.237000	326.350884
27.102000	322.335509
26.970000	318.306575
26.838000	314.272350
26.703000	310.250353
26.559000	306.185099
26.403000	302.134073
26.226000	298.076412
26.010000	294.028503
25.701000	290.009645
24.039000	286.008271
23.355000	282.000166
22.902000	277.984883
22.452000	273.983702
21.849000	269.982405
19.512000	265.978047
18.882000	261.959397
18.399000	257.954678
17.919000	253.947927
17.277000	249.946441
14.979000	245.932817
14.604000	241.923609
14.334000	237.887853
14.088000	233.881540
13.860000	229.829364
13.650000	225.777436
13.446000	221.724069
13.239000	217.708080
13.020000	213.660897
12.789000	209.640904
12.531000	205.612336
12.207000	201.583582
11.691000	197.575749
9.669000	193.557945
9.159000	189.556913
8.754000	185.530917
8.340000	181.520263
7.638000	177.514768
6.360000	173.488052
6.144000	169.431638
6.000000	165.430147
5.886000	161.384750
5.790000	157.313289
5.706000	153.219106
5.631000	149.124566
5.562000	144.978137
5.499000	140.864632
5.439000	136.648280
5.385000	132.598725
5.334000	128.548542
5.286000	124.533942
5.238000	120.321405
5.193000	116.192007
5.151000	112.181028
5.109000	108.019614
5.067000	103.709340
0.000000	0.000000
& cycle # 2, chisq = 7099.219285, e = 30.555886
30.000000	413.916562
29.325000	409.891279
28.575000	405.888413
27.222000	401.878640
26.895000	397.869064
26.640000	393.835357
26.415000	389.804043
26.205000	385.768750
26.001000	381.747779
25.794000	377.690712
25.584000	373.684977
25.359000	369.639840
25.113000	365.611986
24.834000	361.588737
24.495000	357.570477
24.039000	353.556251
23.226000	349.550880
18.312000	345.547361
17.538000	341.540732
17.106000	337.523483
16.794000	333.483584
16.536000	329.442327
16.311000	325.428663
16.113000	321.410511
15.936000	317.385514
15.771000	313.345958
15.612000	309.317890
15.456000	305.292768
15.306000	301.279887
15.165000	297.222685
15.036000	293.126868
14.919000	289.029297
14.811000	284.935060
14.709000	280.855350
14.610000	276.783529
14.511000	272.690672
14.412000	268.651093
14.310000	264.593419
14.205000	260.543338
14.097000	256.499214
13.986000	252.443460
13.872000	248.361582
13.755000	244.261235
13.635000	240.181823
13.509000	236.093296
13.377000	232.084396
13.233000	228.068357
13.074000	224.060294
12.894000	220.022419
12.684000	215.971243
12.417000	211.937301
11.982000	207.936874
10.116000	203.930247
9.657000	199.921910
9.348000	195.885994
9.087000	191.842640
8.847000	187.796458
8.616000	183.774159
8.379000	179.766208
8.115000	175.743978
7.788000	171.739472
6.933000	167.738535
5.952000	163.706302
5.748000	159.664864
5.607000	155.649330
5.493000	151.556979
5.397000	147.461023
5.313000	143.349873
5.238000	139.238188
5.169000	135.071977
5.106000	130.937416
5.049000	126.919098
4.995000	122.865615
4.944000	118.814637
4.896000	114.802616
4.848000	110.595767
4.803000	106.473580
4.761000	102.469479
0.000000	0.000000
& cycle # 3, chisq = 7065.562288, e = 30.555886
30.000000	315.344317
29.952000	311.254500
29.898000	307.030964
29.841000	302.979370
29.778000	298.970991
29.706000	294.942163
29.619000	290.812434
29.514000	286.781180
29.370000	282.718282
29.115000	278.689685
27.843000	274.683657
27.498000	270.655815
27.255000	266.605758
27.051000	262.576762
26.868000	258.564602
26.694000	254.500948
26.526000	250.444640
26.361000	246.393214
26.196000	242.334883
26.028000	238.274726
25.854000	234.207088
25.674000	230.179496
25.482000	226.136198
25.275000	222.134539
25.044000	218.122626
24.777000	214.081611
24.453000	210.057591
24.027000	206.041733
23.343000	202.029403
20.949000	198.029249
17.202000	194.028731
8.925000	190.028273
7.524000	186.012838
7.086000	181.982866
6.789000	177.947539
6.558000	173.890057
6.366000	169.842230
6.198000	165.771158
6.048000	161.687256
5.913000	157.626009
5.790000	153.601338
5.676000	149.599543
5.568000	145.573230
5.466000	141.562676
5.367000	137.475842
5.274000	133.461470
5.184000	129.417129
5.097000	125.364638
5.013000	121.327427
4.929000	117.177939
4.848000	113.078979
4.770000	109.047446
4.692000	104.937682
4.617000	100.916153
0.000000	0.000000
& cycle # 4, chisq = 7093.699356, e = 30.555886
30.000000	363.639771
29.529000	359.633028
29.097000	355.625804
28.647000	351.620386
28.173000	347.603909
27.705000	343.600938
27.273000	339.588785
26.892000	335.585749
26.553000	331.549744
26.250000	327.510069
25.974000	323.467765
25.719000	319.434747
25.479000	315.429254
25.248000	311.394715
25.023000	307.359723
24.801000	303.339527
24.579000	299.308716
24.354000	295.283581
24.120000	291.245485
23.874000	287.199566
23.610000	283.160644
23.316000	279.140289
22.974000	275.117999
22.536000	271.096453
21.843000	267.088205
16.911000	263.083125
15.990000	259.065171
15.474000	255.056242
15.075000	251.022216
14.814000	247.008259
14.604000	242.956879
14.406000	238.896231
14.205000	234.839577
14.001000	230.786029
13.800000	226.729088
13.602000	222.674209
13.401000	218.647689
13.188000	214.613951
12.963000	210.605271
12.723000	206.570382
12.459000	202.532905
12.150000	198.512790
11.769000	194.494599
11.217000	190.478884
8.991000	186.477800
7.170000	182.471751
6.774000	178.434727
6.522000	174.396644
6.330000	170.348167
6.171000	166.264982
6.036000	162.211316
5.916000	158.111704
5.808000	153.999792
5.712000	149.999182
5.622000	145.948137
5.538000	141.900367
5.457000	137.748089
5.382000	133.680442
5.310000	129.570017
5.241000	125.440031
5.175000	121.314988
5.112000	117.220083
5.052000	113.180291
4.992000	109.007745
4.935000	104.924524
4.878000	100.728503
0.000000	0.000000
& cycle # 5, chisq = 7101.449707, e = 30.555886
30.000000	307.261078
29.604000	303.250664
29.406000	299.211720
29.235000	295.200738
29.064000	291.139411
28.881000	287.098245
28.662000	283.057744
28.344000	279.048182
26.454000	275.040420
25.116000	271.037215
22.779000	267.035346
22.233000	263.019071
21.792000	259.013851
21.372000	255.004650
20.925000	251.002244
20.373000	246.986576
19.179000	242.984601
16.221000	238.974108
15.330000	234.966334
9.783000	230.965805
7.791000	226.963962
7.263000	222.944031
6.936000	218.932819
6.693000	214.881928
6.501000	210.861366
6.339000	206.825124
6.198000	202.774161
6.072000	198.676871
5.961000	194.653053
5.859000	190.585918
5.766000	186.552484
5.679000	182.487082
5.598000	178.438535
5.520000	174.289786
5.448000	170.232459
5.379000	166.129582
5.313000	162.000186
5.250000	157.864841
5.190000	153.745640
5.133000	149.665741
5.079000	145.648703
5.025000	141.482420
4.974000	137.409418
4.923000	133.201011
4.875000	129.115187
4.827000	124.906643
4.782000	120.848052
4.737000	116.678280
4.692000	112.395522
4.650000	108.294789
4.608000	104.092822
0.000000	0.000000
& cycle # 1, chisq = 11497.938795, e = 34.836580
30.000000	387.021126
29.904000	382.898748
29.823000	378.790420
29.751000	374.731620
29.685000	370.728314
29.622000	366.715106
29.559000	362.553626
29.499000	358.492644
29.439000	354.382854
29.379000	350.260409
29.319000	346.151977
29.259000	342.086404
29.196000	337.899535
29.133000	333.828595
29.067000	329.711356
28.998000	325.587426
28.926000	321.504408
28.848000	317.363974
28.764000	313.256067
28.671000	309.138230
28.566000	305.029803
28.443000	300.943922
28.290000	296.900068
28.074000	292.890697
27.504000	288.885896
25.347000	284.878596
22.341000	280.876689
21.546000	276.871546
20.913000	272.862661
20.292000	268.857294
19.599000	264.841958
18.747000	260.833594
17.631000	256.824138
16.326000	252.822097
15.114000	248.811157
14.508000	244.806641
13.935000	240.790161
13.311000	236.778412
12.492000	232.768840
9.078000	228.768753
7.410000	224.764567
7.014000	220.761821
6.756000	216.761445
6.558000	212.716134
6.396000	208.688526
6.255000	204.612365
6.132000	200.586803
6.021000	196.549512
5.919000	192.483011
5.826000	188.469495
5.739000	184.448832
5.655000	180.323301
5.577000	176.278883
5.502000	172.195873
5.430000	168.096201
5.361000	164.001006
5.295000	159.931421
5.232000	155.908920
5.169000	151.754387
5.109000	147.678809
5.049000	143.492174
4.992000	139.417133
4.935000	135.252046
4.881000	131.227644
4.827000	127.130896
4.773000	122.965485
4.719000	118.734909
4.668000	114.682730
4.617000	110.578883
4.566000	106.427192
4.515000	102.232187
0.000000	0.000000
& cycle # 2, chisq = 11511.118562, e = 34.836580
30.000000	413.916562
29.943000	409.764967
29.874000	405.635759
29.787000	401.619410
29.658000	397.594346
29.274000	393.590759
28.236000	389.568147
27.924000	385.565159
27.657000	381.532300
27.399000	377.502923
27.129000	373.488613
26.820000	369.464064
26.418000	365.453993
25.614000	361.450047
20.145000	357.447974
18.006000	353.443586
17.289000	349.430295
16.824000	345.414746
16.461000	341.397167
16.152000	337.364961
15.891000	333.334368
15.651000	329.289498
15.417000	325.245225
15.201000	321.216986
15.018000	317.213636
14.862000	313.198271
14.721000	309.130367
14.589000	305.091052
14.460000	301.088338
14.328000	297.054779
14.193000	293.036968
14.055000	289.011978
13.914000	284.924993
13.776000	280.918061
13.635000	276.840224
13.491000	272.760159
13.344000	268.753198
13.188000	264.707537
13.023000	260.639583
12.852000	256.617807
12.672000	252.608619
12.477000	248.599625
12.258000	244.584277
12.006000	240.562275
11.709000	236.544379
11.322000	232.532918
10.704000	228.521655
8.043000	224.518132
7.095000	220.498779
6.738000	216.456104
6.507000	212.455854
6.330000	208.447352
6.183000	204.385949
6.057000	200.294957
5.949000	196.286115
5.850000	192.168785
5.760000	188.036146
5.679000	183.984749
5.604000	179.941466
5.532000	175.784998
5.466000	171.728532
5.403000	167.627658
5.343000	163.506506
5.286000	159.390250
5.232000	155.305019
5.181000	151.277533
5.130000	147.083205
5.082000	142.981573
5.034000	138.729432
4.989000	134.605548
4.944000	130.347871
4.902000	126.252625
4.860000	122.039355
4.821000	118.020535
4.782000	113.898273
4.743000	109.671628
4.704000	105.339638
4.668000	101.246590
0.000000	0.000000
& cycle # 3, chisq = 11489.921468, e = 34.836580
30.000000	315.344317
29.973000	311.242608
29.943000	307.158550
29.907000	302.856472
29.868000	298.843631
29.820000	294.719093
29.760000	290.624468
29.679000	286.581652
29.544000	282.548424
26.748000	278.547523
22.446000	274.544830
17.967000	270.540075
11.481000	266.535137
10.824000	262.532679
10.467000	258.495269
10.197000	254.486832
9.972000	250.485905
9.771000	246.460265
9.585000	242.443666
9.408000	238.424779
9.237000	234.407928
9.069000	230.399422
8.898000	226.355320
8.721000	222.321581
8.532000	218.289532
8.322000	214.246970
8.073000	210.225099
7.710000	206.201826
6.333000	202.186628
6.051000	198.181788
5.886000	194.150746
5.763000	190.134619
5.661000	186.056869
5.574000	181.993388
5.496000	177.863104
5.427000	173.809017
5.364000	169.769345
5.304000	165.615241
5.247000	161.386496
5.196000	157.365969
5.145000	153.118477
5.097000	148.910870
5.052000	144.779301
5.010000	140.758587
4.968000	136.578077
4.929000	132.552738
4.890000	128.389379
4.851000	124.088572
4.815000	119.997503
4.779000	115.791407
4.743000	111.471802
4.710000	107.413993
4.677000	103.263903
0.000000	0.000000
& cycle # 4, chisq = 11466.354709, e = 34.836580
30.000000	363.639771
29.925000	359.621145
29.817000	355.558565
29.613000	351.549972
26.580000	347.546397
25.908000	343.528427
25.392000	339.522317
24.870000	335.515587
24.210000	331.503592
22.110000	327.502770
18.987000	323.499696
18.408000	319.494453
18.006000	315.477057
17.688000	311.448593
17.409000	307.408865
17.157000	303.397577
16.926000	299.378524
16.707000	295.350791
16.491000	291.329000
16.275000	287.303495
16.062000	283.268174
15.849000	279.216545
15.624000	275.185775
15.372000	271.179048
15.108000	267.178583
14.865000	263.159332
14.634000	259.134044
14.373000	255.096074
14.010000	251.078441
13.356000	247.068834
11.109000	243.067040
10.581000	239.049874
10.182000	235.045428
9.810000	231.027985
9.429000	227.019650
8.964000	222.998390
7.221000	218.996318
6.663000	214.992565
6.423000	210.941923
6.252000	206.872587
6.117000	202.852041
6.003000	198.836930
5.901000	194.724748
5.811000	190.668053
5.730000	186.662770
5.655000	182.648207
5.583000	178.511928
5.517000	174.472455
5.454000	170.390710
5.394000	166.293998
5.337000	162.209530
5.283000	158.164542
5.229000	153.947326
5.178000	149.805775
5.130000	145.767387
5.082000	141.593679
5.037000	137.559094
4.992000	133.408036
4.947000	129.141895
4.905000	125.057528
4.863000	120.875090
4.821000	116.595449
4.782000	112.535113
4.743000	108.392143
4.704000	104.167071
0.000000	0.000000
& cycle # 5, chisq = 11489.530207, e = 34.836580
30.000000	307.261078
29.763000	303.241602
27.549000	299.238509
17.490000	295.237432
15.933000	291.233023
12.723000	287.232991
12.012000	283.217929
11.577000	279.212107
11.232000	275.202928
10.938000	271.190574
10.677000	267.183186
10.434000	263.180662
10.203000	259.171583
9.981000	255.137347
9.765000	251.103125
9.552000	247.101593
9.336000	243.053861
9.120000	239.024452
8.901000	235.007397
8.673000	230.970587
8.436000	226.947915
8.190000	222.944808
7.929000	218.925558
7.650000	214.896303
7.359000	210.893376
7.056000	206.880053
6.750000	202.866146
6.456000	198.831854
6.186000	194.812540
5.946000	190.780582
5.739000	186.765782
5.559000	182.743167
5.400000	178.662998
5.262000	174.613170
5.139000	170.520274
5.031000	166.492797
4.932000	162.400591
4.842000	158.310523
4.761000	154.295127
4.686000	150.265179
4.614000	146.087047
4.548000	141.968265
4.488000	137.966849
4.431000	133.924938
4.377000	129.868175
4.326000	125.823824
4.278000	121.820059
4.230000	117.616745
4.185000	113.487235
4.143000	109.461203
4.101000	105.262487
4.062000	101.202970
0.000000	0.000000
& cycle # 1, chisq = 826.235552, e = 35.355455
30.000000	387.021126
29.937000	382.900388
29.847000	378.880008
29.637000	374.865497
28.689000	370.860020
28.350000	366.825744
28.011000	362.801857
27.549000	358.788934
20.223000	354.788629
18.726000	350.774833
18.033000	346.759839
17.460000	342.751679
16.905000	338.732302
16.263000	334.719272
14.268000	330.719085
13.233000	326.698875
12.810000	322.695265
12.507000	318.664762
12.255000	314.650883
12.033000	310.614690
11.835000	306.583884
11.652000	302.527627
11.481000	298.513204
11.316000	294.475337
11.157000	290.439515
11.004000	286.422858
10.854000	282.377791
10.707000	278.350709
10.560000	274.305341
10.413000	270.270758
10.266000	266.256993
10.116000	262.187394
9.966000	258.161379
9.813000	254.135237
9.654000	250.078313
9.489000	246.029661
9.318000	242.007329
9.138000	237.961132
8.949000	233.941754
8.745000	229.904468
8.523000	225.865613
8.283000	221.860299
8.019000	217.853750
7.722000	213.815905
7.398000	209.797611
7.053000	205.766084
6.708000	201.743151
6.390000	197.710172
6.111000	193.669443
5.877000	189.658246
5.679000	185.631354
5.508000	181.561463
5.361000	177.513749
5.232000	173.449287
5.118000	169.391023
5.016000	165.342930
4.923000	161.274154
4.839000	157.260422
4.761000	153.219164
4.689000	149.196617
4.620000	145.057059
4.557000	141.016804
4.497000	136.923483
4.440000	132.801617
4.386000	128.677810
4.335000	124.579903
4.287000	120.536243
4.239000	116.305116
4.194000	112.162276
4.152000	108.136506
4.110000	103.951852
0.000000	0.000000
& cycle # 2, chisq = 826.624112, e = 35.355455
30.000000	413.916562
29.541000	409.895522
28.233000	405.892275
27.549000	401.887411
27.228000	397.870834
26.964000	393.864528
26.712000	389.827658
26.454000	385.801409
26.160000	381.765583
25.770000	377.764468
23.907000	373.764087
23.229000	369.757308
22.830000	365.727255
22.497000	361.698599
22.182000	357.698234
21.858000	353.689923
21.492000	349.668993
21.000000	345.652515
18.732000	341.649217
17.949000	337.630514
17.484000	333.620386
17.076000	329.596633
16.686000	325.575113
16.242000	321.568642
15.657000	317.564294
13.239000	313.556100
12.561000	309.541609
12.204000	305.528246
11.931000	301.496706
11.697000	297.464236
11.490000	293.448462
11.301000	289.426099
11.124000	285.414025
10.953000	281.381335
10.788000	277.380349
10.626000	273.358539
10.467000	269.337929
10.308000	265.285472
10.149000	261.255314
9.987000	257.214791
9.822000	253.184500
9.654000	249.173940
9.480000	245.139832
9.300000	241.139279
9.108000	237.106092
8.904000	233.084962
8.685000	229.045159
8.448000	225.003205
8.187000	220.960987
7.902000	216.943736
7.593000	212.933713
7.260000	208.907543
6.924000	204.891850
6.603000	200.877536
6.312000	196.842613
6.060000	192.802172
5.844000	188.785331
5.658000	184.774561
5.496000	180.743045
5.352000	176.658874
5.226000	172.645891
5.112000	168.615368
5.007000	164.522455
4.911000	160.422394
4.824000	156.382494
4.743000	152.323361
4.668000	148.293720
4.596000	144.167191
4.530000	140.151250
4.467000	136.098907
4.407000	132.030273
4.350000	127.966189
4.296000	123.928604
4.242000	119.700695
4.191000	115.526260
4.143000	111.431224
4.095000	107.170736
4.050000	103.022836
0.000000	0.000000
& cycle # 3, chisq = 829.287204, e = 35.355455
30.000000	315.344317
29.883000	311.317367
29.535000	307.312325
26.505000	303.306575
25.416000	299.303888
19.734000	295.298709
18.864000	291.283305
18.117000	287.269825
17.106000	283.268529
11.109000	279.258596
10.584000	275.254899
10.266000	271.244145
10.023000	267.209812
9.822000	263.209790
9.642000	259.158875
9.477000	255.089003
9.324000	251.026378
9.180000	246.969265
9.042000	242.905962
8.907000	238.815867
8.775000	234.758374
8.643000	230.687605
8.511000	226.640003
8.376000	222.562402
8.238000	218.509351
8.094000	214.472541
7.938000	210.404129
7.767000	206.390353
7.566000	202.344496
7.308000	198.322808
6.783000	194.322753
5.652000	190.288381
5.454000	186.280982
5.319000	182.265063
5.211000	178.178087
5.121000	174.114685
5.043000	170.069471
4.974000	166.059323
4.911000	162.025930
4.851000	157.841511
4.797000	153.780851
4.746000	149.683788
4.698000	145.591467
4.653000	141.544282
4.608000	137.291238
4.566000	133.134435
4.527000	129.111403
4.488000	124.930181
4.452000	120.929290
4.416000	116.791955
4.380000	112.517487
4.347000	108.478281
4.314000	104.323094
4.281000	100.051830
0.000000	0.000000
& cycle # 4, chisq = 811.096294, e = 35.355455
30.000000	363.639771
29.973000	359.420502
29.943000	355.008508
29.913000	350.877807
29.880000	346.634889
29.844000	342.351431
29.805000	338.097027
29.763000	333.927825
29.718000	329.899204
29.667000	325.845039
29.607000	321.707107
29.538000	317.689536
29.451000	313.607627
29.334000	309.554729
29.142000	305.530390
27.663000	301.520838
26.349000	297.520103
24.168000	293.519407
23.649000	289.504340
23.232000	285.480828
22.851000	281.459747
22.470000	277.454929
22.062000	273.428615
21.579000	269.407661
20.898000	265.401781
14.649000	261.401571
12.813000	257.400281
11.850000	253.386674
11.064000	249.377243
10.359000	245.369731
9.711000	241.359756
9.123000	237.347483
8.610000	233.337617
8.169000	229.329574
7.791000	225.311826
7.464000	221.272899
7.182000	217.247115
6.933000	213.236960
6.711000	209.228419
6.510000	205.194792
6.327000	201.180095
6.156000	197.121176
5.997000	193.052248
5.850000	189.018382
5.712000	184.993314
5.580000	180.934260
5.454000	176.869840
5.334000	172.819944
5.220000	168.804675
5.109000	164.738811
5.001000	160.643044
4.896000	156.539310
4.794000	152.445102
4.695000	148.372170
4.599000	144.329640
4.506000	140.328241
4.413000	136.249573
4.323000	132.239092
4.233000	128.177571
4.143000	124.074381
4.056000	120.073957
3.969000	116.043403
3.882000	111.986619
3.795000	107.910774
3.708000	103.826957
0.000000	0.000000
& cycle # 5, chisq = 852.636160, e = 35.355455
