0.000000	3.773823
0.631484	3.773823
0.631484	4.701234
1.296128	4.701234
1.296128	4.812917
1.744169	4.812917
1.744169	4.882428
2.460426	4.882428
2.460426	4.942072
3.163314	4.942072
3.163314	4.980423
3.734555	4.980423
3.734555	5.017632
4.790549	5.017632
4.790549	5.062556
5.777513	5.062556
5.777513	5.108748
6.538946	5.108748
6.538946	5.178720
7.765852	5.178720
7.765852	5.276638
8.786343	5.276638
8.786343	5.355528
9.576842	5.355528
9.576842	5.424089
10.970171	5.424089
10.970171	5.474757
12.272949	5.474757
12.272949	5.503368
13.392267	5.503368
13.392267	5.533595
15.373822	5.533595
15.373822	5.574695
17.073717	5.574695
17.073717	5.622973
18.389130	5.622973
18.389130	5.710006
20.301544	5.710006
20.301544	5.866656
21.610360	5.866656
21.610360	6.056329
22.512621	6.056329
22.512621	6.328163
23.773775	6.328163
23.773775	6.617425
24.746429	6.617425
24.746429	6.788703
25.563893	6.788703
25.563893	6.932328
26.921487	6.932328
26.921487	7.070915
28.129587	7.070915
28.129587	7.185996
29.203860	7.185996
29.203860	7.330317
30.994370	7.330317
30.994370	7.505160
32.563158	7.505160
32.563158	7.665738
33.937655	7.665738
33.937655	7.865959
36.078451	7.865959
36.078451	8.095840
37.902781	8.095840
37.902781	8.290255
39.510860	8.290255
39.510860	8.501205
41.940565	8.501205
41.940565	8.709993
44.095633	8.709993
44.095633	8.865619
46.046543	8.865619
46.046543	9.013757
48.947397	9.013757
48.947397	9.146539
51.565110	9.146539
51.565110	9.239266
53.964956	9.239266
53.964956	9.319264
57.396944	9.319264
57.396944	9.383044
60.502428	9.383044
60.502428	9.422602
63.345380	9.422602
& cycle # 1, chisq = 9012.235062, e = 32.625493
0.000000	3.822068
0.631484	3.822068
0.631484	4.759153
1.296128	4.759153
1.296128	4.869334
1.744169	4.869334
1.744169	4.937159
2.460426	4.937159
2.460426	4.995029
3.163314	4.995029
3.163314	5.032065
3.734555	5.032065
3.734555	5.067815
4.790549	5.067815
4.790549	5.110791
5.777513	5.110791
5.777513	5.154884
6.538946	5.154884
6.538946	5.221617
7.765852	5.221617
7.765852	5.314958
8.786343	5.314958
8.786343	5.390140
9.576842	5.390140
9.576842	5.455479
10.970171	5.455479
10.970171	5.503812
12.272949	5.503812
12.272949	5.531182
13.392267	5.531182
13.392267	5.560221
15.373822	5.560221
15.373822	5.599834
17.073717	5.599834
17.073717	5.646450
18.389130	5.646450
18.389130	5.730591
20.301544	5.730591
20.301544	5.882223
21.610360	5.882223
21.610360	6.066088
22.512621	6.066088
22.512621	6.330199
23.773775	6.330199
23.773775	6.612341
24.746429	6.612341
24.746429	6.780605
25.563893	6.780605
25.563893	6.923149
26.921487	6.923149
26.921487	7.061957
28.129587	7.061957
28.129587	7.177996
29.203860	7.177996
29.203860	7.324276
30.994370	7.324276
30.994370	7.502253
32.563158	7.502253
32.563158	7.666294
33.937655	7.666294
33.937655	7.871473
36.078451	7.871473
36.078451	8.107732
37.902781	8.107732
37.902781	8.308123
39.510860	8.308123
39.510860	8.526227
41.940565	8.526227
41.940565	8.742815
44.095633	8.742815
44.095633	8.904812
46.046543	8.904812
46.046543	9.059514
48.947397	9.059514
48.947397	9.198559
51.565110	9.198559
51.565110	9.295882
53.964956	9.295882
53.964956	9.380016
57.396944	9.380016
57.396944	9.447250
60.502428	9.447250
60.502428	9.489089
63.345380	9.489089
& cycle # 2, chisq = 9011.170822, e = 32.625493
0.000000	3.661205
0.631484	3.661205
0.631484	4.583366
1.296128	4.583366
1.296128	4.697994
1.744169	4.697994
1.744169	4.770381
2.460426	4.770381
2.460426	4.833194
3.163314	4.833194
3.163314	4.874055
3.734555	4.874055
3.734555	4.914274
4.790549	4.914274
4.790549	4.963445
5.777513	4.963445
5.777513	5.014347
6.538946	5.014347
6.538946	5.091714
7.765852	5.091714
7.765852	5.200230
8.786343	5.200230
8.786343	5.287869
9.576842	5.287869
9.576842	5.364280
10.970171	5.364280
10.970171	5.420977
12.272949	5.420977
12.272949	5.453111
13.392267	5.453111
13.392267	5.487122
15.373822	5.487122
15.373822	5.533365
17.073717	5.533365
17.073717	5.587627
18.389130	5.587627
18.389130	5.685287
20.301544	5.685287
20.301544	5.860691
21.610360	5.860691
21.610360	6.072477
22.512621	6.072477
22.512621	6.374588
23.773775	6.374588
23.773775	6.693393
24.746429	6.693393
24.746429	6.879129
25.563893	6.879129
25.563893	7.031054
26.921487	7.031054
26.921487	7.174123
28.129587	7.174123
28.129587	7.290629
29.203860	7.290629
29.203860	7.434373
30.994370	7.434373
30.994370	7.606064
32.563158	7.606064
32.563158	7.761791
33.937655	7.761791
33.937655	7.953737
36.078451	7.953737
36.078451	8.171652
37.902781	8.171652
37.902781	8.353797
39.510860	8.353797
39.510860	8.548901
41.940565	8.548901
41.940565	8.739258
44.095633	8.739258
44.095633	8.878965
46.046543	8.878965
46.046543	9.009967
48.947397	9.009967
48.947397	9.125815
51.565110	9.125815
51.565110	9.205735
53.964956	9.205735
53.964956	9.273860
57.396944	9.273860
57.396944	9.327352
60.502428	9.327352
60.502428	9.359762
63.345380	9.359762
& cycle # 3, chisq = 9018.834198, e = 32.625493
0.000000	3.921839
0.631484	3.921839
0.631484	4.860162
1.296128	4.860162
1.296128	4.962107
1.744169	4.962107
1.744169	5.023291
2.460426	5.023291
2.460426	5.075019
3.163314	5.075019
3.163314	5.107986
3.734555	5.107986
3.734555	5.139753
4.790549	5.139753
4.790549	5.177934
5.777513	5.177934
5.777513	5.217132
6.538946	5.217132
6.538946	5.276514
7.765852	5.276514
7.765852	5.359674
8.786343	5.359674
8.786343	5.426783
9.576842	5.426783
9.576842	5.485328
10.970171	5.485328
10.970171	5.528966
12.272949	5.528966
12.272949	5.553996
13.392267	5.553996
13.392267	5.580947
15.373822	5.580947
15.373822	5.618075
17.073717	5.618075
17.073717	5.661955
18.389130	5.661955
18.389130	5.741329
20.301544	5.741329
20.301544	5.884617
21.610360	5.884617
21.610360	6.058683
22.512621	6.058683
22.512621	6.309386
23.773775	6.309386
23.773775	6.578375
24.746429	6.578375
24.746429	6.740021
25.563893	6.740021
25.563893	6.878351
26.921487	6.878351
26.921487	7.014176
28.129587	7.014176
28.129587	7.128353
29.203860	7.128353
29.203860	7.272860
30.994370	7.272860
30.994370	7.449224
32.563158	7.449224
32.563158	7.612179
33.937655	7.612179
33.937655	7.816416
36.078451	7.816416
36.078451	8.052019
37.902781	8.052019
37.902781	8.252205
39.510860	8.252205
39.510860	8.470482
41.940565	8.470482
41.940565	8.687658
44.095633	8.687658
44.095633	8.850420
46.046543	8.850420
46.046543	9.006142
48.947397	9.006142
48.947397	9.146335
51.565110	9.146335
51.565110	9.244603
53.964956	9.244603
53.964956	9.329677
57.396944	9.329677
57.396944	9.397786
60.502428	9.397786
60.502428	9.440288
63.345380	9.440288
& cycle # 4, chisq = 8999.332808, e = 32.625493
0.000000	3.867420
0.631484	3.867420
0.631484	4.805685
1.296128	4.805685
1.296128	4.912571
1.744169	4.912571
1.744169	4.977730
2.460426	4.977730
2.460426	5.033140
3.163314	5.033140
3.163314	5.068556
3.734555	5.068556
3.734555	5.102736
4.790549	5.102736
4.790549	5.143843
5.777513	5.143843
5.777513	5.186042
6.538946	5.186042
6.538946	5.249942
7.765852	5.249942
7.765852	5.339374
8.786343	5.339374
8.786343	5.411470
9.576842	5.411470
9.576842	5.474230
10.970171	5.474230
10.970171	5.520799
12.272949	5.520799
12.272949	5.547304
13.392267	5.547304
13.392267	5.575587
15.373822	5.575587
15.373822	5.614312
17.073717	5.614312
17.073717	5.659952
18.389130	5.659952
18.389130	5.742388
20.301544	5.742388
20.301544	5.891014
21.610360	5.891014
21.610360	6.071310
22.512621	6.071310
22.512621	6.330438
23.773775	6.330438
23.773775	6.607487
24.746429	6.607487
24.746429	6.772930
25.563893	6.772930
25.563893	6.913290
26.921487	6.913290
26.921487	7.050085
28.129587	7.050085
28.129587	7.164467
29.203860	7.164467
29.203860	7.308644
30.994370	7.308644
30.994370	7.484010
32.563158	7.484010
32.563158	7.645579
33.937655	7.645579
33.937655	7.847552
36.078451	7.847552
36.078451	8.079958
37.902781	8.079958
37.902781	8.276914
39.510860	8.276914
39.510860	8.491048
41.940565	8.491048
41.940565	8.703409
44.095633	8.703409
44.095633	8.861989
46.046543	8.861989
46.046543	9.013143
48.947397	9.013143
48.947397	9.148708
51.565110	9.148708
51.565110	9.243344
53.964956	9.243344
53.964956	9.324858
57.396944	9.324858
57.396944	9.389636
60.502428	9.389636
60.502428	9.429571
63.345380	9.429571
& cycle # 5, chisq = 9005.121533, e = 32.625493
0.000000	2.460792
0.735199	2.460792
0.735199	4.155879
1.408389	4.155879
1.408389	4.484851
1.873351	4.484851
1.873351	4.635066
2.577616	4.635066
2.577616	4.741527
3.264445	4.741527
3.264445	4.805058
3.828131	4.805058
3.828131	4.863743
4.809063	4.863743
4.809063	4.930515
5.737846	4.930515
5.737846	4.994070
6.482482	4.994070
6.482482	5.078948
7.671254	5.078948
7.671254	5.185813
8.724262	5.185813
8.724262	5.270714
9.577118	5.270714
9.577118	5.347570
11.013904	5.347570
11.013904	5.410548
12.355335	5.410548
12.355335	5.452726
13.506131	5.452726
13.506131	5.503020
15.405344	5.503020
15.405344	5.572260
17.036971	5.572260
17.036971	5.648238
18.326051	5.648238
18.326051	5.765425
20.176104	5.765425
20.176104	5.941875
21.555676	5.941875
21.555676	6.128500
22.586052	6.128500
22.586052	6.377859
24.032139	6.377859
24.032139	6.679303
25.151756	6.679303
25.151756	6.931110
26.049360	6.931110
26.049360	7.198815
27.371090	7.198815
27.371090	7.458065
28.497215	7.458065
28.497215	7.640126
29.488265	7.640126
29.488265	7.815691
31.066638	7.815691
31.066638	7.985440
32.493818	7.985440
32.493818	8.118525
33.788748	8.118525
33.788748	8.261434
35.788658	8.261434
35.788658	8.407693
37.581627	8.407693
37.581627	8.524607
39.222126	8.524607
39.222126	8.645894
41.665723	8.645894
41.665723	8.764783
43.896895	8.764783
43.896895	8.855745
45.950638	8.855745
45.950638	8.941251
48.905224	8.941251
48.905224	9.015251
51.598060	9.015251
51.598060	9.064525
54.077081	9.064525
54.077081	9.103429
57.485873	9.103429
57.485873	9.132388
60.566129	9.132388
60.566129	9.150403
63.369258	9.150403
& cycle # 1, chisq = 6214.604571, e = 29.615985
0.000000	2.546959
0.735199	2.546959
0.735199	4.212047
1.408389	4.212047
1.408389	4.512803
1.873351	4.512803
1.873351	4.646300
2.577616	4.646300
2.577616	4.739231
3.264445	4.739231
3.264445	4.793842
3.828131	4.793842
3.828131	4.843606
4.809063	4.843606
4.809063	4.899753
5.737846	4.899753
5.737846	4.953089
6.482482	4.953089
6.482482	5.024500
7.671254	5.024500
7.671254	5.114946
8.724262	5.114946
8.724262	5.187589
9.577118	5.187589
9.577118	5.254822
11.013904	5.254822
11.013904	5.312227
12.355335	5.312227
12.355335	5.352887
13.506131	5.352887
13.506131	5.403622
15.405344	5.403622
15.405344	5.475449
17.036971	5.475449
17.036971	5.555676
18.326051	5.555676
18.326051	5.681025
20.176104	5.681025
20.176104	5.871815
21.555676	5.871815
21.555676	6.075672
22.586052	6.075672
22.586052	6.350793
24.032139	6.350793
24.032139	6.685934
25.151756	6.685934
25.151756	6.966582
26.049360	6.966582
26.049360	7.263273
27.371090	7.263273
27.371090	7.546610
28.497215	7.546610
28.497215	7.741058
29.488265	7.741058
29.488265	7.922706
31.066638	7.922706
31.066638	8.092156
32.493818	8.092156
32.493818	8.220399
33.788748	8.220399
33.788748	8.353653
35.788658	8.353653
35.788658	8.485847
37.581627	8.485847
37.581627	8.588459
39.222126	8.588459
39.222126	8.692191
41.665723	8.692191
41.665723	8.791682
43.896895	8.791682
43.896895	8.866477
45.950638	8.866477
45.950638	8.935861
48.905224	8.935861
48.905224	8.995241
51.598060	8.995241
51.598060	9.034302
54.077081	9.034302
54.077081	9.064614
57.485873	9.064614
57.485873	9.086533
60.566129	9.086533
60.566129	9.099517
63.369258	9.099517
& cycle # 2, chisq = 6189.483195, e = 29.615985
0.000000	1.853896
0.735199	1.853896
0.735199	3.100646
1.408389	3.100646
1.408389	3.384715
1.873351	3.384715
1.873351	3.559465
2.577616	3.559465
2.577616	3.717702
3.264445	3.717702
3.264445	3.834725
3.828131	3.834725
3.828131	3.965693
4.809063	3.965693
4.809063	4.135433
5.737846	4.135433
5.737846	4.307433
6.482482	4.307433
6.482482	4.542561
7.671254	4.542561
7.671254	4.839874
8.724262	4.839874
8.724262	5.073690
9.577118	5.073690
9.577118	5.277900
11.013904	5.277900
11.013904	5.431694
12.355335	5.431694
12.355335	5.520739
13.506131	5.520739
13.506131	5.611910
15.405344	5.611910
15.405344	5.723842
17.036971	5.723842
17.036971	5.837004
18.326051	5.837004
18.326051	6.000642
20.176104	6.000642
20.176104	6.232970
21.555676	6.232970
21.555676	6.463783
22.586052	6.463783
22.586052	6.749705
24.032139	6.749705
24.032139	7.067606
25.151756	7.067606
25.151756	7.312837
26.049360	7.312837
26.049360	7.557930
27.371090	7.557930
27.371090	7.783551
28.497215	7.783551
28.497215	7.934013
29.488265	7.934013
29.488265	8.071781
31.066638	8.071781
31.066638	8.199474
32.493818	8.199474
32.493818	8.296835
33.788748	8.296835
33.788748	8.399706
35.788658	8.399706
35.788658	8.503865
37.581627	8.503865
37.581627	8.586475
39.222126	8.586475
39.222126	8.671694
41.665723	8.671694
41.665723	8.754890
43.896895	8.754890
43.896895	8.818361
45.950638	8.818361
45.950638	8.877914
48.905224	8.877914
48.905224	8.929385
51.598060	8.929385
51.598060	8.963613
54.077081	8.963613
54.077081	8.990589
57.485873	8.990589
57.485873	9.010601
60.566129	9.010601
60.566129	9.022975
63.369258	9.022975
& cycle # 3, chisq = 6543.515656, e = 29.615985
0.000000	2.130944
0.735199	2.130944
0.735199	3.547772
1.408389	3.547772
1.408389	3.851225
1.873351	3.851225
1.873351	4.024036
2.577616	4.024036
2.577616	4.171436
3.264445	4.171436
3.264445	4.274657
3.828131	4.274657
3.828131	4.384394
4.809063	4.384394
4.809063	4.521458
5.737846	4.521458
5.737846	4.657493
6.482482	4.657493
6.482482	4.841412
7.671254	4.841412
7.671254	5.072554
8.724262	5.072554
8.724262	5.253763
9.577118	5.253763
9.577118	5.412204
11.013904	5.412204
11.013904	5.532783
12.355335	5.532783
12.355335	5.604513
13.506131	5.604513
13.506131	5.680808
15.405344	5.680808
15.405344	5.777740
17.036971	5.777740
17.036971	5.878339
18.326051	5.878339
18.326051	6.026797
20.176104	6.026797
20.176104	6.241359
21.555676	6.241359
21.555676	6.458526
22.586052	6.458526
22.586052	6.733638
24.032139	6.733638
24.032139	7.047132
25.151756	7.047132
25.151756	7.294397
26.049360	7.294397
26.049360	7.544953
27.371090	7.544953
27.371090	7.777111
28.497215	7.777111
28.497215	7.932299
29.488265	7.932299
29.488265	8.074212
31.066638	8.074212
31.066638	8.205110
32.493818	8.205110
32.493818	8.304173
33.788748	8.304173
33.788748	8.407942
35.788658	8.407942
35.788658	8.512086
37.581627	8.512086
37.581627	8.593981
39.222126	8.593981
39.222126	8.677827
41.665723	8.677827
41.665723	8.759170
43.896895	8.759170
43.896895	8.820927
45.950638	8.820927
45.950638	8.878679
48.905224	8.878679
48.905224	8.928483
51.598060	8.928483
51.598060	8.961549
54.077081	8.961549
54.077081	8.987575
57.485873	8.987575
57.485873	9.006863
60.566129	9.006863
60.566129	9.018781
63.369258	9.018781
& cycle # 4, chisq = 6450.238116, e = 29.615985
0.000000	2.439825
0.735199	2.439825
0.735199	4.111707
1.408389	4.111707
1.408389	4.438186
1.873351	4.438186
1.873351	4.590559
2.577616	4.590559
2.577616	4.700806
3.264445	4.700806
3.264445	4.767831
3.828131	4.767831
3.828131	4.830776
4.809063	4.830776
4.809063	4.903174
5.737846	4.903174
5.737846	4.972372
6.482482	4.972372
6.482482	5.064812
7.671254	5.064812
7.671254	5.181001
8.724262	5.181001
8.724262	5.272971
9.577118	5.272971
9.577118	5.355576
11.013904	5.355576
11.013904	5.422259
12.355335	5.422259
12.355335	5.465974
13.506131	5.465974
13.506131	5.517173
15.405344	5.517173
15.405344	5.586882
17.036971	5.586882
17.036971	5.662851
18.326051	5.662851
18.326051	5.779457
20.176104	5.779457
20.176104	5.954335
21.555676	5.954335
21.555676	6.138597
22.586052	6.138597
22.586052	6.383818
24.032139	6.383818
24.032139	6.679213
25.151756	6.679213
25.151756	6.925426
26.049360	6.925426
26.049360	7.187195
27.371090	7.187195
27.371090	7.441239
28.497215	7.441239
28.497215	7.620382
29.488265	7.620382
29.488265	7.794178
31.066638	7.794178
31.066638	7.963407
32.493818	7.963407
32.493818	8.097043
33.788748	8.097043
33.788748	8.241546
35.788658	8.241546
35.788658	8.390440
37.581627	8.390440
37.581627	8.510239
39.222126	8.510239
39.222126	8.635263
41.665723	8.635263
41.665723	8.758478
43.896895	8.758478
43.896895	8.853220
45.950638	8.853220
45.950638	8.942716
48.905224	8.942716
48.905224	9.020620
51.598060	9.020620
51.598060	9.072935
54.077081	9.072935
54.077081	9.114819
57.485873	9.114819
57.485873	9.146748
60.566129	9.146748
60.566129	9.167395
63.369258	9.167395
& cycle # 5, chisq = 6225.740553, e = 29.615985
0.000000	3.973059
0.618013	3.973059
0.618013	4.855086
1.284742	4.855086
1.284742	4.951665
1.732258	4.951665
1.732258	5.010940
2.454661	5.010940
2.454661	5.061287
3.164299	5.061287
3.164299	5.093160
3.739478	5.093160
3.739478	5.124435
4.809674	5.124435
4.809674	5.163724
5.798807	5.163724
5.798807	5.205338
6.550878	5.205338
6.550878	5.269178
7.759192	5.269178
7.759192	5.357117
8.758025	5.357117
8.758025	5.424355
9.534757	5.424355
9.534757	5.480225
10.931249	5.480225
10.931249	5.521726
12.242894	5.521726
12.242894	5.546175
13.368187	5.546175
13.368187	5.572893
15.377122	5.572893
15.377122	5.609844
17.091586	5.609844
17.091586	5.653598
18.409463	5.653598
18.409463	5.733510
20.328161	5.733510
20.328161	5.879009
21.625351	5.879009
21.625351	6.055362
22.512731	6.055362
22.512731	6.307651
23.762187	6.307651
23.762187	6.574005
24.726773	6.574005
24.726773	6.731623
25.538397	6.731623
25.538397	6.867728
26.899685	6.867728
26.899685	7.002522
28.108849	7.002522
28.108849	7.115951
29.181958	7.115951
29.181958	7.260711
30.983871	7.260711
30.983871	7.438819
32.556145	7.438819
32.556145	7.604086
33.928395	7.604086
33.928395	7.812994
36.075941	7.812994
36.075941	8.055074
37.896383	8.055074
37.896383	8.260099
39.495698	8.260099
39.495698	8.483237
41.926652	8.483237
41.926652	8.703990
44.078137	8.703990
44.078137	8.867899
46.023616	8.867899
46.023616	9.024654
48.936614	9.024654
48.936614	9.166730
51.560206	9.166730
51.560206	9.268299
53.960130	9.268299
53.960130	9.361079
57.404272	9.361079
57.404272	9.442874
60.502601	9.442874
60.502601	9.502040
63.321726	9.502040
& cycle # 1, chisq = 9377.480830, e = 33.166381
0.000000	4.017251
0.618013	4.017251
0.618013	4.890547
1.284742	4.890547
1.284742	4.985994
1.732258	4.985994
1.732258	5.044555
2.454661	5.044555
2.454661	5.094158
3.164299	5.094158
3.164299	5.125444
3.739478	5.125444
3.739478	5.155997
4.809674	5.155997
4.809674	5.194229
5.798807	5.194229
5.798807	5.234648
6.550878	5.234648
6.550878	5.296602
7.759192	5.296602
7.759192	5.381902
8.758025	5.381902
8.758025	5.447095
9.534757	5.447095
9.534757	5.501250
10.931249	5.501250
10.931249	5.541493
12.242894	5.541493
12.242894	5.565242
13.368187	5.565242
13.368187	5.591265
15.377122	5.591265
15.377122	5.627330
17.091586	5.627330
17.091586	5.670083
18.409463	5.670083
18.409463	5.748227
20.328161	5.748227
20.328161	5.890610
21.625351	5.890610
21.625351	6.063325
22.512731	6.063325
22.512731	6.310711
23.762187	6.310711
23.762187	6.572405
24.726773	6.572405
24.726773	6.727797
25.538397	6.727797
25.538397	6.862567
26.899685	6.862567
26.899685	6.996501
28.108849	6.996501
28.108849	7.109457
29.181958	7.109457
29.181958	7.253818
30.983871	7.253818
30.983871	7.431597
32.556145	7.431597
32.556145	7.596642
33.928395	7.596642
33.928395	7.805303
36.075941	7.805303
36.075941	8.047058
37.896383	8.047058
37.896383	8.251715
39.495698	8.251715
39.495698	8.474256
41.926652	8.474256
41.926652	8.694106
44.078137	8.694106
44.078137	8.856989
46.023616	8.856989
46.023616	9.012262
48.936614	9.012262
48.936614	9.152358
51.560206	9.152358
51.560206	9.251881
53.960130	9.251881
53.960130	9.342004
57.404272	9.342004
57.404272	9.420519
60.502601	9.420519
60.502601	9.476427
63.321726	9.476427
& cycle # 2, chisq = 9376.836717, e = 33.166381
0.000000	4.058561
0.618013	4.058561
0.618013	4.882542
1.284742	4.882542
1.284742	4.969600
1.732258	4.969600
1.732258	5.023398
2.454661	5.023398
2.454661	5.069267
3.164299	5.069267
3.164299	5.098472
3.739478	5.098472
3.739478	5.127386
4.809674	5.127386
4.809674	5.164014
5.798807	5.164014
5.798807	5.203005
6.550878	5.203005
6.550878	5.263016
7.759192	5.263016
7.759192	5.345952
8.758025	5.345952
8.758025	5.409657
9.534757	5.409657
9.534757	5.463035
10.931249	5.463035
10.931249	5.503242
12.242894	5.503242
12.242894	5.527395
13.368187	5.527395
13.368187	5.554338
15.377122	5.554338
15.377122	5.592086
17.091586	5.592086
17.091586	5.637009
18.409463	5.637009
18.409463	5.719210
20.328161	5.719210
20.328161	5.869017
21.625351	5.869017
21.625351	6.050702
22.512731	6.050702
22.512731	6.310733
23.762187	6.310733
23.762187	6.585289
24.726773	6.585289
24.726773	6.747622
25.538397	6.747622
25.538397	6.887376
26.899685	6.887376
26.899685	7.025139
28.108849	7.025139
28.108849	7.140483
29.181958	7.140483
29.181958	7.286938
30.983871	7.286938
30.983871	7.466237
32.556145	7.466237
32.556145	7.631799
33.928395	7.631799
33.928395	7.840014
36.075941	7.840014
36.075941	8.079948
37.896383	8.079948
37.896383	8.281855
39.495698	8.281855
39.495698	8.499881
41.926652	8.499881
41.926652	8.713505
44.078137	8.713505
44.078137	8.870262
46.023616	8.870262
46.023616	9.018127
48.936614	9.018127
48.936614	9.150024
51.560206	9.150024
51.560206	9.242533
53.960130	9.242533
53.960130	9.325070
57.404272	9.325070
57.404272	9.395672
60.502601	9.395672
60.502601	9.444807
63.321726	9.444807
& cycle # 3, chisq = 9364.104950, e = 33.166381
0.000000	4.079010
0.618013	4.079010
0.618013	4.877732
1.284742	4.877732
1.284742	4.964703
1.732258	4.964703
1.732258	5.018920
2.454661	5.018920
2.454661	5.065087
3.164299	5.065087
3.164299	5.094363
3.739478	5.094363
3.739478	5.123167
4.809674	5.123167
4.809674	5.159467
5.798807	5.159467
5.798807	5.198009
6.550878	5.198009
6.550878	5.257264
7.759192	5.257264
7.759192	5.339104
8.758025	5.339104
8.758025	5.401945
9.534757	5.401945
9.534757	5.454612
10.931249	5.454612
10.931249	5.494363
12.242894	5.494363
12.242894	5.518363
13.368187	5.518363
13.368187	5.545311
15.377122	5.545311
15.377122	5.583245
17.091586	5.583245
17.091586	5.628495
18.409463	5.628495
18.409463	5.711401
20.328161	5.711401
20.328161	5.862660
21.625351	5.862660
21.625351	6.046307
22.512731	6.046307
22.512731	6.309532
23.762187	6.309532
23.762187	6.588040
24.726773	6.588040
24.726773	6.753210
25.538397	6.753210
25.538397	6.895784
26.899685	6.895784
26.899685	7.036400
28.108849	7.036400
28.108849	7.153985
29.181958	7.153985
29.181958	7.302929
30.983871	7.302929
30.983871	7.484707
32.556145	7.484707
32.556145	7.651947
33.928395	7.651947
33.928395	7.861356
36.075941	7.861356
36.075941	8.101435
37.896383	8.101435
37.896383	8.302235
39.495698	8.302235
39.495698	8.517457
41.926652	8.517457
41.926652	8.726444
44.078137	8.726444
44.078137	8.878197
46.023616	8.878197
46.023616	9.019733
48.936614	9.019733
48.936614	9.144528
51.560206	9.144528
51.560206	9.231008
53.960130	9.231008
53.960130	9.307204
57.404272	9.307204
57.404272	9.371473
60.502601	9.371473
60.502601	9.415480
63.321726	9.415480
& cycle # 4, chisq = 9362.556809, e = 33.166381
0.000000	4.037185
0.618013	4.037185
0.618013	4.833314
1.284742	4.833314
1.284742	4.927488
1.732258	4.927488
1.732258	4.987267
2.454661	4.987267
2.454661	5.038324
3.164299	5.038324
3.164299	5.070633
3.739478	5.070633
3.739478	5.102238
4.809674	5.102238
4.809674	5.141824
5.798807	5.141824
5.798807	5.183688
6.550878	5.183688
6.550878	5.247859
7.759192	5.247859
7.759192	5.336205
8.758025	5.336205
8.758025	5.403711
9.534757	5.403711
9.534757	5.459755
10.931249	5.459755
10.931249	5.501341
12.242894	5.501341
12.242894	5.525816
13.368187	5.525816
13.368187	5.552544
15.377122	5.552544
15.377122	5.589498
17.091586	5.589498
17.091586	5.633252
18.409463	5.633252
18.409463	5.713173
20.328161	5.713173
20.328161	5.858708
21.625351	5.858708
21.625351	6.035136
22.512731	6.035136
22.512731	6.287611
23.762187	6.287611
23.762187	6.554306
24.726773	6.554306
24.726773	6.712290
25.538397	6.712290
25.538397	6.848915
26.899685	6.848915
26.899685	6.984415
28.108849	6.984415
28.108849	7.098565
29.181958	7.098565
29.181958	7.244379
30.983871	7.244379
30.983871	7.423928
32.556145	7.423928
32.556145	7.590653
33.928395	7.590653
33.928395	7.801549
36.075941	7.801549
36.075941	8.046104
37.896383	8.046104
37.896383	8.253383
39.495698	8.253383
39.495698	8.479173
41.926652	8.479173
41.926652	8.702779
44.078137	8.702779
44.078137	8.869001
46.023616	8.869001
46.023616	9.028165
48.936614	9.028165
48.936614	9.172610
51.560206	9.172610
51.560206	9.276014
53.960130	9.276014
53.960130	9.370608
57.404272	9.370608
57.404272	9.454141
60.502601	9.454141
60.502601	9.514681
63.321726	9.514681
& cycle # 5, chisq = 9378.368841, e = 33.166381
0.000000	2.959153
0.674393	2.959153
0.674393	4.354922
1.328344	4.354922
1.328344	4.556488
1.775525	4.556488
1.775525	4.660936
2.467944	4.660936
2.467944	4.745652
3.145097	4.745652
3.145097	4.801031
3.699866	4.801031
3.699866	4.852847
4.701799	4.852847
4.701799	4.906036
5.673716	4.906036
5.673716	4.952547
6.464058	4.952547
6.464058	5.017827
7.761223	5.017827
7.761223	5.113135
8.876854	5.113135
8.876854	5.206708
9.733048	5.206708
9.733048	5.313163
11.120954	5.313163
11.120954	5.408738
12.362664	5.408738
12.362664	5.460683
13.423629	5.460683
13.423629	5.502814
15.265460	5.502814
15.265460	5.547423
16.912142	5.547423
16.912142	5.593118
18.252016	5.593118
18.252016	5.668654
20.262075	5.668654
20.262075	5.797546
21.747635	5.797546
21.747635	5.958578
22.814773	5.958578
22.814773	6.222030
24.241543	6.222030
24.241543	6.589177
25.262902	6.589177
25.262902	6.881155
26.060957	6.881155
26.060957	7.133433
27.283783	7.133433
27.283783	7.336656
28.359945	7.336656
28.359945	7.477770
29.325087	7.477770
29.325087	7.632799
30.911822	7.632799
30.911822	7.799984
32.346913	7.799984
32.346913	7.938230
33.645846	7.938230
33.645846	8.091924
35.689206	8.091924
35.689206	8.252788
37.512779	8.252788
37.512779	8.383521
39.175381	8.383521
39.175381	8.524796
41.689459	8.524796
41.689459	8.671840
43.967313	8.671840
43.967313	8.794149
46.045628	8.794149
46.045628	8.925721
49.052848	8.925721
49.052848	9.061565
51.747592	9.061565
51.747592	9.173148
54.190749	9.173148
54.190749	9.285828
57.553065	9.285828
57.553065	9.393371
60.550333	9.393371
60.550333	9.475190
63.260855	9.475190
& cycle # 1, chisq = 7904.685316, e = 30.845924
0.000000	3.155333
0.674393	3.155333
0.674393	4.673543
1.328344	4.673543
1.328344	4.878669
1.775525	4.878669
1.775525	4.974124
2.467944	4.974124
2.467944	5.046374
3.145097	5.046374
3.145097	5.091486
3.699866	5.091486
3.699866	5.132373
4.701799	5.132373
4.701799	5.173246
5.673716	5.173246
5.673716	5.208393
6.464058	5.208393
6.464058	5.257465
7.761223	5.257465
7.761223	5.329104
8.876854	5.329104
8.876854	5.399601
9.733048	5.399601
9.733048	5.480233
11.120954	5.480233
11.120954	5.553459
12.362664	5.553459
12.362664	5.594280
13.423629	5.594280
13.423629	5.628933
15.265460	5.628933
15.265460	5.667333
16.912142	5.667333
16.912142	5.707654
18.252016	5.707654
18.252016	5.775010
20.262075	5.775010
20.262075	5.890636
21.747635	5.890636
21.747635	6.035801
22.814773	6.035801
22.814773	6.274632
24.241543	6.274632
24.241543	6.609961
25.262902	6.609961
25.262902	6.879655
26.060957	6.879655
26.060957	7.116928
27.283783	7.116928
27.283783	7.312551
28.359945	7.312551
28.359945	7.451137
29.325087	7.451137
29.325087	7.605222
30.911822	7.605222
30.911822	7.772772
32.346913	7.772772
32.346913	7.912262
33.645846	7.912262
33.645846	8.068220
35.689206	8.068220
35.689206	8.232227
37.512779	8.232227
37.512779	8.366033
39.175381	8.366033
39.175381	8.511052
41.689459	8.511052
41.689459	8.662284
43.967313	8.662284
43.967313	8.788185
46.045628	8.788185
46.045628	8.923586
49.052848	8.923586
49.052848	9.063211
51.747592	9.063211
51.747592	9.177659
54.190749	9.177659
54.190749	9.292888
57.553065	9.292888
57.553065	9.402428
60.550333	9.402428
60.550333	9.485333
63.260855	9.485333
& cycle # 2, chisq = 7878.381376, e = 30.845924
0.000000	2.307622
0.674393	2.307622
0.674393	3.401035
1.328344	3.401035
1.328344	3.645359
1.775525	3.645359
1.775525	3.822136
2.467944	3.822136
2.467944	3.990335
3.145097	3.990335
3.145097	4.110265
3.699866	4.110265
3.699866	4.227575
4.701799	4.227575
4.701799	4.350561
5.673716	4.350561
5.673716	4.458138
6.464058	4.458138
6.464058	4.607077
7.761223	4.607077
7.761223	4.820909
8.876854	4.820909
8.876854	5.026997
9.733048	5.026997
9.733048	5.255353
11.120954	5.255353
11.120954	5.451256
12.362664	5.451256
12.362664	5.548288
13.423629	5.548288
13.423629	5.614560
15.265460	5.614560
15.265460	5.672360
16.912142	5.672360
16.912142	5.725210
18.252016	5.725210
18.252016	5.809004
20.262075	5.809004
20.262075	5.949427
21.747635	5.949427
21.747635	6.122896
22.814773	6.122896
22.814773	6.403671
24.241543	6.403671
24.241543	6.789844
25.262902	6.789844
25.262902	7.091046
26.060957	7.091046
26.060957	7.343244
27.283783	7.343244
27.283783	7.538130
28.359945	7.538130
28.359945	7.668519
29.325087	7.668519
29.325087	7.808481
30.911822	7.808481
30.911822	7.956750
32.346913	7.956750
32.346913	8.077261
33.645846	8.077261
33.645846	8.208855
35.689206	8.208855
35.689206	8.343978
37.512779	8.343978
37.512779	8.451558
39.175381	8.451558
39.175381	8.565339
41.689459	8.565339
41.689459	8.681225
43.967313	8.681225
43.967313	8.775633
46.045628	8.775633
46.045628	8.875310
49.052848	8.875310
49.052848	8.976517
51.747592	8.976517
51.747592	9.058370
54.190749	9.058370
54.190749	9.139793
57.553065	9.139793
57.553065	9.216283
60.550333	9.216283
60.550333	9.273460
63.260855	9.273460
& cycle # 3, chisq = 8176.759753, e = 30.845924
0.000000	3.066209
0.674393	3.066209
0.674393	4.625646
1.328344	4.625646
1.328344	4.885407
1.775525	4.885407
1.775525	5.030163
2.467944	5.030163
2.467944	5.152231
3.145097	5.152231
3.145097	5.233586
3.699866	5.233586
3.699866	5.309947
4.701799	5.309947
4.701799	5.387696
5.673716	5.387696
5.673716	5.454733
6.464058	5.454733
6.464058	5.547491
7.761223	5.547491
7.761223	5.681187
8.876854	5.681187
8.876854	5.810690
9.733048	5.810690
9.733048	5.955091
11.120954	5.955091
11.120954	6.080019
12.362664	6.080019
12.362664	6.142687
13.423629	6.142687
13.423629	6.186170
15.265460	6.186170
15.265460	6.224492
16.912142	6.224492
16.912142	6.259518
18.252016	6.259518
18.252016	6.314700
20.262075	6.314700
20.262075	6.406490
21.747635	6.406490
21.747635	6.518973
22.814773	6.518973
22.814773	6.699094
24.241543	6.699094
24.241543	6.943038
25.262902	6.943038
25.262902	7.128590
26.060957	7.128590
26.060957	7.277118
27.283783	7.277118
27.283783	7.384404
28.359945	7.384404
28.359945	7.451385
29.325087	7.451385
29.325087	7.519938
30.911822	7.519938
30.911822	7.589948
32.346913	7.589948
32.346913	7.644996
33.645846	7.644996
33.645846	7.703260
35.689206	7.703260
35.689206	7.761327
37.512779	7.761327
37.512779	7.806232
39.175381	7.806232
39.175381	7.852436
41.689459	7.852436
41.689459	7.898321
43.967313	7.898321
43.967313	7.934901
46.045628	7.934901
46.045628	7.972894
49.052848	7.972894
49.052848	8.011022
51.747592	8.011022
51.747592	8.041615
54.190749	8.041615
54.190749	8.071890
57.553065	8.071890
57.553065	8.100230
60.550333	8.100230
60.550333	8.121363
63.260855	8.121363
& cycle # 4, chisq = 8810.390293, e = 30.845924
0.000000	3.295895
0.674393	3.295895
0.674393	4.785815
1.328344	4.785815
1.328344	4.975383
1.775525	4.975383
1.775525	5.063666
2.467944	5.063666
2.467944	5.130585
3.145097	5.130585
3.145097	5.172390
3.699866	5.172390
3.699866	5.210286
4.701799	5.210286
4.701799	5.248190
5.673716	5.248190
5.673716	5.280814
6.464058	5.280814
6.464058	5.326414
7.761223	5.326414
7.761223	5.393061
8.876854	5.393061
8.876854	5.458729
9.733048	5.458729
9.733048	5.533992
11.120954	5.533992
11.120954	5.602597
12.362664	5.602597
12.362664	5.641132
13.423629	5.641132
13.423629	5.674247
15.265460	5.674247
15.265460	5.711351
16.912142	5.711351
16.912142	5.750527
18.252016	5.750527
18.252016	5.816102
20.262075	5.816102
20.262075	5.928780
21.747635	5.928780
21.747635	6.070337
22.814773	6.070337
22.814773	6.303393
24.241543	6.303393
24.241543	6.630888
25.262902	6.630888
25.262902	6.894595
26.060957	6.894595
26.060957	7.127021
27.283783	7.127021
27.283783	7.319062
28.359945	7.319062
28.359945	7.455340
29.325087	7.455340
29.325087	7.606997
30.911822	7.606997
30.911822	7.772008
32.346913	7.772008
32.346913	7.909464
33.645846	7.909464
33.645846	8.063245
35.689206	8.063245
35.689206	8.225078
37.512779	8.225078
37.512779	8.357218
39.175381	8.357218
39.175381	8.500565
41.689459	8.500565
41.689459	8.650205
43.967313	8.650205
43.967313	8.774914
46.045628	8.774914
46.045628	8.909177
49.052848	8.909177
49.052848	9.047777
51.747592	9.047777
51.747592	9.161508
54.190749	9.161508
54.190749	9.276145
57.553065	9.276145
57.553065	9.385257
60.550333	9.385257
60.550333	9.467953
63.260855	9.467953
& cycle # 5, chisq = 7874.418710, e = 30.845924
0.000000	3.638410
0.652939	3.638410
0.652939	4.757775
1.318218	4.757775
1.318218	4.880493
1.769232	4.880493
1.769232	4.948441
2.481142	4.948441
2.481142	5.004604
3.178768	5.004604
3.178768	5.040582
3.747226	5.040582
3.747226	5.075326
4.784922	5.075326
4.784922	5.116523
5.761009	5.116523
5.761009	5.158016
6.523216	5.158016
6.523216	5.219406
7.751631	5.219406
7.751631	5.304519
8.787772	5.304519
8.787772	5.374648
9.595451	5.374648
9.595451	5.437766
10.996984	5.437766
10.996984	5.485812
12.304189	5.485812
12.304189	5.513677
13.427708	5.513677
13.427708	5.544151
15.386674	5.544151
15.386674	5.586707
17.068093	5.586707
17.068093	5.637085
18.373368	5.637085
18.373368	5.726695
20.257042	5.726695
20.257042	5.885171
21.562804	5.885171
21.562804	6.074892
22.473957	6.074892
22.473957	6.343813
23.744441	6.343813
23.744441	6.631854
24.730622	6.631854
24.730622	6.807179
25.560159	6.807179
25.560159	6.955516
26.919814	6.955516
26.919814	7.098566
28.131338	7.098566
28.131338	7.217817
29.210134	7.217817
29.210134	7.366390
30.987674	7.366390
30.987674	7.544812
32.550384	7.544812
32.550384	7.707401
33.924555	7.707401
33.924555	7.906497
36.049457	7.906497
36.049457	8.131224
37.872788	8.131224
37.872788	8.319253
39.488539	8.319253
39.488539	8.520309
41.915136	8.520309
41.915136	8.717366
44.078262	8.717366
44.078262	8.863870
46.042390	8.863870
46.042390	9.002052
48.938971	9.002052
48.938971	9.124761
51.558369	9.124761
51.558369	9.210003
53.961843	9.210003
53.961843	9.283128
57.367098	9.283128
57.367098	9.341949
60.447046	9.341949
60.447046	9.379737
63.262637	9.379737
& cycle # 1, chisq = 8368.430568, e = 31.917972
0.000000	3.371244
0.652939	3.371244
0.652939	4.511798
1.318218	4.511798
1.318218	4.662980
1.769232	4.662980
1.769232	4.752930
2.481142	4.752930
2.481142	4.829473
3.178768	4.829473
3.178768	4.879082
3.747226	4.879082
3.747226	4.927037
4.784922	4.927037
4.784922	4.983617
5.761009	4.983617
5.761009	5.040235
6.523216	5.040235
6.523216	5.123478
7.751631	5.123478
7.751631	5.238102
8.787772	5.238102
8.787772	5.331655
9.595451	5.331655
9.595451	5.414388
10.996984	5.414388
10.996984	5.475270
12.304189	5.475270
12.304189	5.508608
13.427708	5.508608
13.427708	5.542849
15.386674	5.542849
15.386674	5.588842
17.068093	5.588842
17.068093	5.642418
18.373368	5.642418
18.373368	5.737025
20.257042	5.737025
20.257042	5.903499
21.562804	5.903499
21.562804	6.101843
22.473957	6.101843
22.473957	6.381188
23.744441	6.381188
23.744441	6.677487
24.730622	6.677487
24.730622	6.854975
25.560159	6.854975
25.560159	7.002190
26.919814	7.002190
26.919814	7.142133
28.131338	7.142133
28.131338	7.257950
29.210134	7.257950
29.210134	7.401761
30.987674	7.401761
30.987674	7.574207
32.550384	7.574207
32.550384	7.731315
33.924555	7.731315
33.924555	7.923856
36.049457	7.923856
36.049457	8.141550
37.872788	8.141550
37.872788	8.324147
39.488539	8.324147
39.488539	8.520069
41.915136	8.520069
41.915136	8.712968
44.078262	8.712968
44.078262	8.857213
46.042390	8.857213
46.042390	8.994251
48.938971	8.994251
48.938971	9.117052
51.558369	9.117052
51.558369	9.203396
53.961843	9.203396
53.961843	9.278751
57.367098	9.278751
57.367098	9.340973
60.447046	9.340973
60.447046	9.382600
63.262637	9.382600
& cycle # 2, chisq = 8415.022995, e = 31.917972
0.000000	3.695086
0.652939	3.695086
0.652939	4.814902
1.318218	4.814902
1.318218	4.934482
1.769232	4.934482
1.769232	4.999935
2.481142	4.999935
2.481142	5.053659
3.178768	5.053659
3.178768	5.087875
3.747226	5.087875
3.747226	5.120719
4.784922	5.120719
4.784922	5.159470
5.761009	5.159470
5.761009	5.198397
6.523216	5.198397
6.523216	5.255931
7.751631	5.255931
7.751631	5.335658
8.787772	5.335658
8.787772	5.401333
9.595451	5.401333
9.595451	5.460450
10.996984	5.460450
10.996984	5.505502
12.304189	5.505502
12.304189	5.531708
13.427708	5.531708
13.427708	5.560484
15.386674	5.560484
15.386674	5.600790
17.068093	5.600790
17.068093	5.648586
18.373368	5.648586
18.373368	5.733715
20.257042	5.733715
20.257042	5.884478
21.562804	5.884478
21.562804	6.065274
22.473957	6.065274
22.473957	6.322233
23.744441	6.322233
23.744441	6.598726
24.730622	6.598726
24.730622	6.768429
25.560159	6.768429
25.560159	6.913746
26.919814	6.913746
26.919814	7.055448
28.131338	7.055448
28.131338	7.174561
29.210134	7.174561
29.210134	7.323937
30.987674	7.323937
30.987674	7.504332
32.550384	7.504332
32.550384	7.669535
33.924555	7.669535
33.924555	7.872758
36.049457	7.872758
36.049457	8.103172
37.872788	8.103172
37.872788	8.296856
39.488539	8.296856
39.488539	8.505005
41.915136	8.505005
41.915136	8.710144
44.078262	8.710144
44.078262	8.863564
46.042390	8.863564
46.042390	9.009130
48.938971	9.009130
48.938971	9.139145
51.558369	9.139145
51.558369	9.230011
53.961843	9.230011
53.961843	9.308507
57.367098	9.308507
57.367098	9.372258
60.447046	9.372258
60.447046	9.413799
63.262637	9.413799
& cycle # 3, chisq = 8365.704064, e = 31.917972
0.000000	3.610214
0.652939	3.610214
0.652939	4.706121
1.318218	4.706121
1.318218	4.823969
1.769232	4.823969
1.769232	4.889002
2.481142	4.889002
2.481142	4.942774
3.178768	4.942774
3.178768	4.977318
3.747226	4.977318
3.747226	5.010865
4.784922	5.010865
4.784922	5.050890
5.761009	5.050890
5.761009	5.091385
6.523216	5.091385
6.523216	5.151504
7.751631	5.151504
7.751631	5.235156
8.787772	5.235156
8.787772	5.304434
9.595451	5.304434
9.595451	5.367401
10.996984	5.367401
10.996984	5.416257
12.304189	5.416257
12.304189	5.445498
13.427708	5.445498
13.427708	5.478522
15.386674	5.478522
15.386674	5.525502
17.068093	5.525502
17.068093	5.581513
18.373368	5.581513
18.373368	5.681395
20.257042	5.681395
20.257042	5.858219
21.562804	5.858219
21.562804	6.069966
22.473957	6.069966
22.473957	6.369938
23.744441	6.369938
23.744441	6.690509
24.730622	6.690509
24.730622	6.884370
25.560159	6.884370
25.560159	7.046087
26.919814	7.046087
26.919814	7.199102
28.131338	7.199102
28.131338	7.324205
29.210134	7.324205
29.210134	7.477089
30.987674	7.477089
30.987674	7.657217
32.550384	7.657217
32.550384	7.818307
33.924555	7.818307
33.924555	8.011819
36.049457	8.011819
36.049457	8.225899
37.872788	8.225899
37.872788	8.401137
39.488539	8.401137
39.488539	8.583961
41.915136	8.583961
41.915136	8.758294
44.078262	8.758294
44.078262	8.884118
46.042390	8.884118
46.042390	8.999436
48.938971	8.999436
48.938971	9.099210
51.558369	9.099210
51.558369	9.166892
53.961843	9.166892
53.961843	9.223621
57.367098	9.223621
57.367098	9.267993
60.447046	9.267993
60.447046	9.295394
63.262637	9.295394
& cycle # 4, chisq = 8358.225051, e = 31.917972
0.000000	3.611770
0.652939	3.611770
0.652939	4.716242
1.318218	4.716242
1.318218	4.843878
1.769232	4.843878
1.769232	4.916840
2.481142	4.916840
2.481142	4.977790
3.178768	4.977790
3.178768	5.016937
3.747226	5.016937
3.747226	5.054661
4.784922	5.054661
4.784922	5.099216
5.761009	5.099216
5.761009	5.143936
6.523216	5.143936
6.523216	5.209925
7.751631	5.209925
7.751631	5.301176
8.787772	5.301176
8.787772	5.376104
9.595451	5.376104
9.595451	5.443125
10.996984	5.443125
10.996984	5.493558
12.304189	5.493558
12.304189	5.522265
13.427708	5.522265
13.427708	5.553055
15.386674	5.553055
15.386674	5.595562
17.068093	5.595562
17.068093	5.645658
18.373368	5.645658
18.373368	5.734604
20.257042	5.734604
20.257042	5.891741
21.562804	5.891741
21.562804	6.079702
22.473957	6.079702
22.473957	6.345883
23.744441	6.345883
23.744441	6.630665
24.730622	6.630665
24.730622	6.803768
25.560159	6.803768
25.560159	6.950125
26.919814	6.950125
26.919814	7.091385
28.131338	7.091385
28.131338	7.209367
29.210134	7.209367
29.210134	7.356697
30.987674	7.356697
30.987674	7.534060
32.550384	7.534060
32.550384	7.696096
33.924555	7.696096
33.924555	7.895048
36.049457	7.895048
36.049457	8.120273
37.872788	8.120273
37.872788	8.309339
39.488539	8.309339
39.488539	8.512280
41.915136	8.512280
41.915136	8.712073
44.078262	8.712073
44.078262	8.861372
46.042390	8.861372
46.042390	9.002983
48.938971	9.002983
48.938971	9.129518
51.558369	9.129518
51.558369	9.218073
53.961843	9.218073
53.961843	9.294785
57.367098	9.294785
57.367098	9.357387
60.447046	9.357387
60.447046	9.398505
63.262637	9.398505
& cycle # 5, chisq = 8379.650039, e = 31.917972
0.000000	3.253566
0.681747	3.253566
0.681747	4.537352
1.353021	4.537352
1.353021	4.701535
1.810823	4.701535
1.810823	4.788858
2.523901	4.788858
2.523901	4.859605
3.221514	4.859605
3.221514	4.904998
3.790779	4.904998
3.790779	4.949897
4.810437	4.949897
4.810437	5.004848
5.764938	5.004848
5.764938	5.060406
6.512075	5.060406
6.512075	5.139633
7.708269	5.139633
7.708269	5.243611
8.736126	5.243611
8.736126	5.325032
9.552876	5.325032
9.552876	5.395801
10.967804	5.395801
10.967804	5.449686
12.295067	5.449686
12.295067	5.481656
13.438048	5.481656
13.438048	5.516681
15.399615	5.516681
15.399615	5.565286
17.083664	5.565286
17.083664	5.622477
18.394506	5.622477
18.394506	5.722345
20.268491	5.722345
20.268491	5.895713
21.580677	5.895713
21.580677	6.101172
22.504337	6.101172
22.504337	6.389180
23.782267	6.389180
23.782267	6.698099
24.776545	6.698099
24.776545	6.887796
25.612252	6.887796
25.612252	7.044755
26.962760	7.044755
26.962760	7.191685
28.168551	7.191685
28.168551	7.312143
29.245064	7.312143
29.245064	7.459110
31.000933	7.459110
31.000933	7.632294
32.553689	7.632294
32.553689	7.788040
33.926970	7.788040
33.926970	7.975189
36.038156	7.975189
36.038156	8.183617
37.864947	8.183617
37.864947	8.357612
39.493301	8.357612
39.493301	8.543158
41.922651	8.543158
41.922651	8.725881
44.098153	8.725881
44.098153	8.863608
46.078702	8.863608
46.078702	8.994477
48.973509	8.994477
48.973509	9.111398
51.597916	9.111398
51.597916	9.192920
54.011025	9.192920
54.011025	9.261697
57.406033	9.261697
57.406033	9.314810
60.490306	9.314810
60.490306	9.346292
63.322641	9.346292
& cycle # 1, chisq = 7534.504766, e = 31.176683
0.000000	3.337552
0.681747	3.337552
0.681747	4.777485
1.353021	4.777485
1.353021	4.953338
1.810823	4.953338
1.810823	5.035348
2.523901	5.035348
2.523901	5.097043
3.221514	5.097043
3.221514	5.134704
3.790779	5.134704
3.790779	5.170518
4.810437	5.170518
4.810437	5.213269
5.764938	5.213269
5.764938	5.256067
6.512075	5.256067
6.512075	5.316944
7.708269	5.316944
7.708269	5.396860
8.736126	5.396860
8.736126	5.459590
9.552876	5.459590
9.552876	5.514487
10.967804	5.514487
10.967804	5.556956
12.295067	5.556956
12.295067	5.582884
13.438048	5.582884
13.438048	5.612202
15.399615	5.612202
15.399615	5.653712
17.083664	5.653712
17.083664	5.703026
18.394506	5.703026
18.394506	5.789645
20.268491	5.789645
20.268491	5.940800
21.580677	5.940800
21.580677	6.120978
22.504337	6.120978
22.504337	6.375713
23.782267	6.375713
23.782267	6.652732
24.776545	6.652732
24.776545	6.826947
25.612252	6.826947
25.612252	6.975982
26.962760	6.975982
26.962760	7.119697
28.168551	7.119697
28.168551	7.239923
29.245064	7.239923
29.245064	7.388721
31.000933	7.388721
31.000933	7.566083
32.553689	7.566083
32.553689	7.727107
33.926970	7.727107
33.926970	7.922169
36.038156	7.922169
36.038156	8.140986
37.864947	8.140986
37.864947	8.324910
39.493301	8.324910
39.493301	8.522366
41.922651	8.522366
41.922651	8.718114
44.098153	8.718114
44.098153	8.866600
46.078702	8.866600
46.078702	9.008432
48.973509	9.008432
48.973509	9.135611
51.597916	9.135611
51.597916	9.224462
54.011025	9.224462
54.011025	9.299431
57.406033	9.299431
57.406033	9.357237
60.490306	9.357237
60.490306	9.391370
63.322641	9.391370
& cycle # 2, chisq = 7522.361751, e = 31.176683
0.000000	3.373624
0.681747	3.373624
0.681747	4.745670
1.353021	4.745670
1.353021	4.900768
1.810823	4.900768
1.810823	4.971699
2.523901	4.971699
2.523901	5.024580
3.221514	5.024580
3.221514	5.056751
3.790779	5.056751
3.790779	5.087384
4.810437	5.087384
4.810437	5.124103
5.764938	5.124103
5.764938	5.161032
6.512075	5.161032
6.512075	5.213813
7.708269	5.213813
7.708269	5.283516
8.736126	5.283516
8.736126	5.338727
9.552876	5.338727
9.552876	5.387890
10.967804	5.387890
10.967804	5.427172
12.295067	5.427172
12.295067	5.452357
13.438048	5.452357
13.438048	5.482192
15.399615	5.482192
15.399615	5.525540
17.083664	5.525540
17.083664	5.577580
18.394506	5.577580
18.394506	5.669420
20.268491	5.669420
20.268491	5.830192
21.580677	5.830192
21.580677	6.022364
22.504337	6.022364
22.504337	6.294943
23.782267	6.294943
23.782267	6.592624
24.776545	6.592624
24.776545	6.780862
25.612252	6.780862
25.612252	6.942554
26.962760	6.942554
26.962760	7.098345
28.168551	7.098345
28.168551	7.228051
29.245064	7.228051
29.245064	7.387464
31.000933	7.387464
31.000933	7.575943
32.553689	7.575943
32.553689	7.745548
33.926970	7.745548
33.926970	7.948996
36.038156	7.948996
36.038156	8.174777
37.864947	8.174777
37.864947	8.362308
39.493301	8.362308
39.493301	8.561001
41.922651	8.561001
41.922651	8.755199
44.098153	8.755199
44.098153	8.900392
46.078702	8.900392
46.078702	9.037301
48.973509	9.037301
48.973509	9.158815
51.597916	9.158815
51.597916	9.243075
54.011025	9.243075
54.011025	9.313813
57.406033	9.313813
57.406033	9.368127
60.490306	9.368127
60.490306	9.400031
63.322641	9.400031
& cycle # 3, chisq = 7492.673564, e = 31.176683
0.000000	3.367717
0.681747	3.367717
0.681747	4.663095
1.353021	4.663095
1.353021	4.811599
1.810823	4.811599
1.810823	4.884677
2.523901	4.884677
2.523901	4.941631
3.221514	4.941631
3.221514	4.977392
3.790779	4.977392
3.790779	5.012346
4.810437	5.012346
4.810437	5.054977
5.764938	5.054977
5.764938	5.098172
6.512075	5.098172
6.512075	5.160067
7.708269	5.160067
7.708269	5.241881
8.736126	5.241881
8.736126	5.306692
9.552876	5.306692
9.552876	5.364331
10.967804	5.364331
10.967804	5.410202
12.295067	5.410202
12.295067	5.439384
13.438048	5.439384
13.438048	5.473655
15.399615	5.473655
15.399615	5.523156
17.083664	5.523156
17.083664	5.582370
18.394506	5.582370
18.394506	5.686546
20.268491	5.686546
20.268491	5.868270
21.580677	5.868270
21.580677	6.084520
22.504337	6.084520
22.504337	6.389077
23.782267	6.389077
23.782267	6.717657
24.776545	6.717657
24.776545	6.920857
25.612252	6.920857
25.612252	7.089621
26.962760	7.089621
26.962760	7.246822
28.168551	7.246822
28.168551	7.374214
29.245064	7.374214
29.245064	7.527300
31.000933	7.527300
31.000933	7.704673
32.553689	7.704673
32.553689	7.861348
33.926970	7.861348
33.926970	8.046011
36.038156	8.046011
36.038156	8.247447
37.864947	8.247447
37.864947	8.411815
39.493301	8.411815
39.493301	8.582718
41.922651	8.582718
41.922651	8.746443
44.098153	8.746443
44.098153	8.866359
46.078702	8.866359
46.078702	8.977355
48.973509	8.977355
48.973509	9.074416
51.597916	9.074416
51.597916	9.140995
54.011025	9.140995
54.011025	9.196496
57.406033	9.196496
57.406033	9.238866
60.490306	9.238866
60.490306	9.263587
63.322641	9.263587
& cycle # 4, chisq = 7499.285981, e = 31.176683
0.000000	3.474393
0.681747	3.474393
0.681747	4.871945
1.353021	4.871945
1.353021	5.032531
1.810823	5.032531
1.810823	5.107888
2.523901	5.107888
2.523901	5.164773
3.221514	5.164773
3.221514	5.199540
3.790779	5.199540
3.790779	5.232608
4.810437	5.232608
4.810437	5.272090
5.764938	5.272090
5.764938	5.311631
6.512075	5.311631
6.512075	5.367913
7.708269	5.367913
7.708269	5.441879
8.736126	5.441879
8.736126	5.500046
9.552876	5.500046
9.552876	5.551139
10.967804	5.551139
10.967804	5.590957
12.295067	5.590957
12.295067	5.615552
13.438048	5.615552
13.438048	5.643692
15.399615	5.643692
15.399615	5.683805
17.083664	5.683805
17.083664	5.731598
18.394506	5.731598
18.394506	5.815669
20.268491	5.815669
20.268491	5.962543
21.580677	5.962543
21.580677	6.137818
22.504337	6.137818
22.504337	6.386008
23.782267	6.386008
23.782267	6.656552
24.776545	6.656552
24.776545	6.827353
25.612252	6.827353
25.612252	6.974187
26.962760	6.974187
26.962760	7.116323
28.168551	7.116323
28.168551	7.235495
29.245064	7.235495
29.245064	7.383180
31.000933	7.383180
31.000933	7.559375
32.553689	7.559375
32.553689	7.719446
33.926970	7.719446
33.926970	7.913446
36.038156	7.913446
36.038156	8.131152
37.864947	8.131152
37.864947	8.314197
39.493301	8.314197
39.493301	8.510765
41.922651	8.510765
41.922651	8.705687
44.098153	8.705687
44.098153	8.853589
46.078702	8.853589
46.078702	8.994907
48.973509	8.994907
48.973509	9.121669
51.597916	9.121669
51.597916	9.210265
54.011025	9.210265
54.011025	9.285064
57.406033	9.285064
57.406033	9.342795
60.490306	9.342795
60.490306	9.376941
63.322641	9.376941
& cycle # 5, chisq = 7516.967237, e = 31.176683
0.000000	1.622594
0.793882	1.622594
0.793882	3.314279
1.468724	3.314279
1.468724	3.864882
1.940896	3.864882
1.940896	4.156201
2.636178	4.156201
2.636178	4.361145
3.312160	4.361145
3.312160	4.478603
3.870433	4.478603
3.870433	4.577354
4.814579	4.577354
4.814579	4.677379
5.718533	4.677379
5.718533	4.764566
6.459429	4.764566
6.459429	4.873162
7.631769	4.873162
7.631769	5.005825
8.693610	5.005825
8.693610	5.114402
9.566104	5.114402
9.566104	5.217253
10.993413	5.217253
10.993413	5.302926
12.329559	5.302926
12.329559	5.356187
13.489325	5.356187
13.489325	5.411436
15.373718	5.411436
15.373718	5.483233
17.028866	5.483233
17.028866	5.563920
18.361025	5.563920
18.361025	5.693612
20.235526	5.693612
20.235526	5.902951
21.633612	5.902951
21.633612	6.148834
22.661987	6.148834
22.661987	6.503050
24.024559	6.503050
24.024559	6.931398
25.066623	6.931398
25.066623	7.242879
25.917399	7.242879
25.917399	7.495749
27.187325	7.495749
27.187325	7.693624
28.322321	7.693624
28.322321	7.828609
29.348498	7.828609
29.348498	7.967939
30.959702	7.967939
30.959702	8.111047
32.429827	8.111047
32.429827	8.226557
33.770196	8.226557
33.770196	8.348568
35.792387	8.348568
35.792387	8.471265
37.615461	8.471265
37.615461	8.568853
39.289785	8.568853
39.289785	8.668423
41.730073	8.668423
41.730073	8.765364
43.968357	8.765364
43.968357	8.840382
46.035952	8.840382
46.035952	8.911530
48.951584	8.911530
48.951584	8.974810
51.622076	8.974810
51.622076	9.019267
54.090915	9.019267
54.090915	9.056234
57.433965	9.056234
57.433965	9.085109
60.482604	9.085109
60.482604	9.103375
63.285516	9.103375
& cycle # 1, chisq = 5013.610731, e = 28.037575
0.000000	1.495760
0.793882	1.495760
0.793882	2.946866
1.468724	2.946866
1.468724	3.389777
1.940896	3.389777
1.940896	3.635786
2.636178	3.635786
2.636178	3.827612
3.312160	3.827612
3.312160	3.954087
3.870433	3.954087
3.870433	4.079717
4.814579	4.079717
4.814579	4.226896
5.718533	4.226896
5.718533	4.367258
6.459429	4.367258
6.459429	4.550159
7.631769	4.550159
7.631769	4.778669
8.693610	4.778669
8.693610	4.967556
9.566104	4.967556
9.566104	5.145966
10.993413	5.145966
10.993413	5.291072
12.329559	5.291072
12.329559	5.376060
13.489325	5.376060
13.489325	5.456739
15.373718	5.456739
15.373718	5.554217
17.028866	5.554217
17.028866	5.659177
18.361025	5.659177
18.361025	5.823482
20.235526	5.823482
20.235526	6.083355
21.633612	6.083355
21.633612	6.382845
22.661987	6.382845
22.661987	6.804431
24.024559	6.804431
24.024559	7.298140
25.066623	7.298140
25.066623	7.639366
25.917399	7.639366
25.917399	7.894176
27.187325	7.894176
27.187325	8.072122
28.322321	8.072122
28.322321	8.181027
29.348498	8.181027
29.348498	8.286004
30.959702	8.286004
30.959702	8.389040
32.429827	8.389040
32.429827	8.469225
33.770196	8.469225
33.770196	8.551350
35.792387	8.551350
35.792387	8.631783
37.615461	8.631783
37.615461	8.694326
39.289785	8.694326
39.289785	8.756980
41.730073	8.756980
41.730073	8.817089
43.968357	8.817089
43.968357	8.863068
46.035952	8.863068
46.035952	8.906304
48.951584	8.906304
48.951584	8.944510
51.622076	8.944510
51.622076	8.971214
54.090915	8.971214
54.090915	8.993320
57.433965	8.993320
57.433965	9.010511
60.482604	9.010511
60.482604	9.021329
63.285516	9.021329
& cycle # 2, chisq = 5195.415630, e = 28.037575
0.000000	1.767941
0.793882	1.767941
0.793882	3.667154
1.468724	3.667154
1.468724	4.307357
1.940896	4.307357
1.940896	4.642645
2.636178	4.642645
2.636178	4.869048
3.312160	4.869048
3.312160	4.989693
3.870433	4.989693
3.870433	5.080267
4.814579	5.080267
4.814579	5.160864
5.718533	5.160864
5.718533	5.224455
6.459429	5.224455
6.459429	5.299274
7.631769	5.299274
7.631769	5.387884
8.693610	5.387884
8.693610	5.459204
9.566104	5.459204
9.566104	5.526463
10.993413	5.526463
10.993413	5.583177
12.329559	5.583177
12.329559	5.619763
13.489325	5.619763
13.489325	5.659785
15.373718	5.659785
15.373718	5.713943
17.028866	5.713943
17.028866	5.776234
18.361025	5.776234
18.361025	5.877877
20.235526	5.877877
20.235526	6.044008
21.633612	6.044008
21.633612	6.241575
22.661987	6.241575
22.661987	6.530654
24.024559	6.530654
24.024559	6.887810
25.066623	6.887810
25.066623	7.156102
25.917399	7.156102
25.917399	7.384876
27.187325	7.384876
27.187325	7.574750
28.322321	7.574750
28.322321	7.710777
29.348498	7.710777
29.348498	7.855172
30.959702	7.855172
30.959702	8.006024
32.429827	8.006024
32.429827	8.129251
33.770196	8.129251
33.770196	8.260498
35.792387	8.260498
35.792387	8.393208
37.615461	8.393208
37.615461	8.499101
39.289785	8.499101
39.289785	8.607285
41.730073	8.607285
41.730073	8.712605
43.968357	8.712605
43.968357	8.794017
46.035952	8.794017
46.035952	8.871081
48.951584	8.871081
48.951584	8.939437
51.622076	8.939437
51.622076	8.987285
54.090915	8.987285
54.090915	9.026868
57.433965	9.026868
57.433965	9.057556
60.482604	9.057556
60.482604	9.076745
63.285516	9.076745
& cycle # 3, chisq = 5012.623927, e = 28.037575
0.000000	1.425450
0.793882	1.425450
0.793882	2.852304
1.468724	2.852304
1.468724	3.301238
1.940896	3.301238
1.940896	3.550158
2.636178	3.550158
2.636178	3.741672
3.312160	3.741672
3.312160	3.865846
3.870433	3.865846
3.870433	3.987214
4.814579	3.987214
4.814579	4.127882
5.718533	4.127882
5.718533	4.261432
6.459429	4.261432
6.459429	4.435357
7.631769	4.435357
7.631769	4.652972
8.693610	4.652972
8.693610	4.833439
9.566104	4.833439
9.566104	5.005018
10.993413	5.005018
10.993413	5.146394
12.329559	5.146394
12.329559	5.231174
13.489325	5.231174
13.489325	5.314058
15.373718	5.314058
15.373718	5.416274
17.028866	5.416274
17.028866	5.527341
18.361025	5.527341
18.361025	5.701745
20.235526	5.701745
20.235526	5.977782
21.633612	5.977782
21.633612	6.295738
22.661987	6.295738
22.661987	6.742610
24.024559	6.742610
24.024559	7.264408
25.066623	7.264408
25.066623	7.623098
25.917399	7.623098
25.917399	7.888149
27.187325	7.888149
27.187325	8.070036
28.322321	8.070036
28.322321	8.179032
29.348498	8.179032
29.348498	8.282302
30.959702	8.282302
30.959702	8.382239
32.429827	8.382239
32.429827	8.459008
33.770196	8.459008
33.770196	8.536691
35.792387	8.536691
35.792387	8.611927
37.615461	8.611927
37.615461	8.669836
39.289785	8.669836
39.289785	8.727340
41.730073	8.727340
41.730073	8.782099
43.968357	8.782099
43.968357	8.823727
46.035952	8.823727
46.035952	8.862681
48.951584	8.862681
48.951584	8.896966
51.622076	8.896966
51.622076	8.920842
54.090915	8.920842
54.090915	8.940535
57.433965	8.940535
57.433965	8.955781
60.482604	8.955781
60.482604	8.965318
63.285516	8.965318
& cycle # 4, chisq = 5194.933293, e = 28.037575
0.000000	1.783087
0.793882	1.783087
0.793882	3.695958
1.468724	3.695958
1.468724	4.340307
1.940896	4.340307
1.940896	4.678086
2.636178	4.678086
2.636178	4.906662
3.312160	4.906662
3.312160	5.028885
3.870433	5.028885
3.870433	5.121115
4.814579	5.121115
4.814579	5.203660
5.718533	5.203660
5.718533	5.269044
6.459429	5.269044
6.459429	5.346056
7.631769	5.346056
7.631769	5.437151
8.693610	5.437151
8.693610	5.510209
9.566104	5.510209
9.566104	5.578554
10.993413	5.578554
10.993413	5.635255
12.329559	5.635255
12.329559	5.670841
13.489325	5.670841
13.489325	5.708659
15.373718	5.708659
15.373718	5.758982
17.028866	5.758982
17.028866	5.816484
18.361025	5.816484
18.361025	5.910110
20.235526	5.910110
20.235526	6.063073
21.633612	6.063073
21.633612	6.245085
22.661987	6.245085
22.661987	6.511857
24.024559	6.511857
24.024559	6.842574
25.066623	6.842574
25.066623	7.092658
25.917399	7.092658
25.917399	7.308688
27.187325	7.308688
27.187325	7.491687
28.322321	7.491687
28.322321	7.626016
29.348498	7.626016
29.348498	7.772113
30.959702	7.772113
30.959702	7.928589
32.429827	7.928589
32.429827	8.059797
33.770196	8.059797
33.770196	8.203392
35.792387	8.203392
35.792387	8.352595
37.615461	8.352595
37.615461	8.474850
39.289785	8.474850
39.289785	8.602854
41.730073	8.602854
41.730073	8.730277
43.968357	8.730277
43.968357	8.830766
46.035952	8.830766
46.035952	8.927586
48.951584	8.927586
48.951584	9.014916
51.622076	9.014916
51.622076	9.077139
54.090915	9.077139
54.090915	9.129696
57.433965	9.129696
57.433965	9.171579
60.482604	9.171579
60.482604	9.198830
63.285516	9.198830
& cycle # 5, chisq = 5015.373356, e = 28.037575
0.000000	2.854447
0.699575	2.854447
0.699575	4.274562
1.368858	4.274562
1.368858	4.487273
1.827601	4.487273
1.827601	4.595329
2.534240	4.595329
2.534240	4.681109
3.224762	4.681109
3.224762	4.736363
3.789960	4.736363
3.789960	4.790355
4.793903	4.790355
4.793903	4.854154
5.743671	4.854154
5.743671	4.916820
6.498192	4.916820
6.498192	5.004581
7.708984	5.004581
7.708984	5.120398
8.760086	5.120398
8.760086	5.214752
9.596540	5.214752
9.596540	5.300158
11.019463	5.300158
11.019463	5.365945
12.347108	5.365945
12.347108	5.404408
13.489028	5.404408
13.489028	5.446277
15.419791	5.446277
15.419791	5.504588
17.075078	5.504588
17.075078	5.573047
18.365192	5.573047
18.365192	5.690356
20.195116	5.690356
20.195116	5.889044
21.490751	5.889044
21.490751	6.118838
22.414619	6.118838
22.414619	6.430616
23.697230	6.430616
23.697230	6.756696
24.708417	6.756696
24.708417	6.955792
25.562506	6.955792
25.562506	7.119020
26.928777	7.119020
26.928777	7.270306
28.149564	7.270306
28.149564	7.393835
29.239770	7.393835
29.239770	7.542814
30.997608	7.542814
30.997608	7.716276
32.553837	7.716276
32.553837	7.870547
33.932390	7.870547
33.932390	8.052007
36.034573	8.052007
36.034573	8.249698
37.861729	8.249698
37.861729	8.411651
39.496680	8.411651
39.496680	8.580205
41.921925	8.580205
41.921925	8.742667
44.103296	8.742667
44.103296	8.863211
46.094865	8.863211
46.094865	8.975541
48.984764	8.975541
48.984764	9.074750
51.607407	9.074750
51.607407	9.144941
54.015866	9.144941
54.015866	9.208185
57.361872	9.208185
57.361872	9.265833
60.377371	9.265833
60.377371	9.312153
63.117255	9.312153
& cycle # 1, chisq = 7117.366091, e = 30.555886
0.000000	3.109786
0.699575	3.109786
0.699575	4.820709
1.368858	4.820709
1.368858	5.067629
1.827601	5.067629
1.827601	5.169549
2.534240	5.169549
2.534240	5.238450
3.224762	5.238450
3.224762	5.277487
3.789960	5.277487
3.789960	5.311554
4.793903	5.311554
4.793903	5.348609
5.743671	5.348609
5.743671	5.383649
6.498192	5.383649
6.498192	5.432181
7.708984	5.432181
7.708984	5.496209
8.760086	5.496209
8.760086	5.548737
9.596540	5.548737
9.596540	5.597247
11.019463	5.597247
11.019463	5.636379
12.347108	5.636379
12.347108	5.661218
13.489028	5.661218
13.489028	5.690621
15.419791	5.690621
15.419791	5.733582
17.075078	5.733582
17.075078	5.785154
18.365192	5.785154
18.365192	5.874726
20.195116	5.874726
20.195116	6.028232
21.490751	6.028232
21.490751	6.208067
22.414619	6.208067
22.414619	6.456588
23.697230	6.456588
23.697230	6.724149
24.708417	6.724149
24.708417	6.895622
25.562506	6.895622
25.562506	7.045566
26.928777	7.045566
26.928777	7.192295
28.149564	7.192295
28.149564	7.316234
29.239770	7.316234
29.239770	7.468924
30.997608	7.468924
30.997608	7.649472
32.553837	7.649472
32.553837	7.811905
33.932390	7.811905
33.932390	8.004568
36.034573	8.004568
36.034573	8.215730
37.861729	8.215730
37.861729	8.389445
39.496680	8.389445
39.496680	8.570646
41.921925	8.570646
41.921925	8.745283
44.103296	8.745283
44.103296	8.874434
46.094865	8.874434
46.094865	8.993801
48.984764	8.993801
48.984764	9.097673
51.607407	9.097673
51.607407	9.169430
54.015866	9.169430
54.015866	9.231872
57.361872	9.231872
57.361872	9.286280
60.377371	9.286280
60.377371	9.327870
63.117255	9.327870
& cycle # 2, chisq = 7099.219285, e = 30.555886
0.000000	3.022792
0.699575	3.022792
0.699575	4.590694
1.368858	4.590694
1.368858	4.808148
1.827601	4.808148
1.827601	4.901967
2.534240	4.901967
2.534240	4.968303
3.224762	4.968303
3.224762	5.007503
3.789960	5.007503
3.789960	5.043214
4.793903	5.043214
4.793903	5.083476
5.743671	5.083476
5.743671	5.122296
6.498192	5.122296
6.498192	5.176541
7.708984	5.176541
7.708984	5.248495
8.760086	5.248495
8.760086	5.307824
9.596540	5.307824
9.596540	5.362999
11.019463	5.362999
11.019463	5.407993
12.347108	5.407993
12.347108	5.436963
13.489028	5.436963
13.489028	5.471623
15.419791	5.471623
15.419791	5.522477
17.075078	5.522477
17.075078	5.583560
18.365192	5.583560
18.365192	5.689558
20.195116	5.689558
20.195116	5.870900
21.490751	5.870900
21.490751	6.082791
22.414619	6.082791
22.414619	6.374296
23.697230	6.374296
23.697230	6.685611
24.708417	6.685611
24.708417	6.882147
25.562506	6.882147
25.562506	7.050094
26.928777	7.050094
26.928777	7.210589
28.149564	7.210589
28.149564	7.343533
29.239770	7.343533
29.239770	7.504601
30.997608	7.504601
30.997608	7.692146
32.553837	7.692146
32.553837	7.858450
33.932390	7.858450
33.932390	8.052959
36.034573	8.052959
36.034573	8.263193
37.861729	8.263193
37.861729	8.433672
39.496680	8.433672
39.496680	8.608836
41.921925	8.608836
41.921925	8.775014
44.103296	8.775014
44.103296	8.895923
46.094865	8.895923
46.094865	9.005889
48.984764	9.005889
48.984764	9.099996
51.607407	9.099996
51.607407	9.163770
54.015866	9.163770
54.015866	9.217989
57.361872	9.217989
57.361872	9.263921
60.377371	9.263921
60.377371	9.297996
63.117255	9.297996
& cycle # 3, chisq = 7065.562288, e = 30.555886
0.000000	3.034798
0.699575	3.034798
0.699575	4.537254
1.368858	4.537254
1.368858	4.751057
1.827601	4.751057
1.827601	4.853055
2.534240	4.853055
2.534240	4.930544
3.224762	4.930544
3.224762	4.978717
3.789960	4.978717
3.789960	5.024269
4.793903	5.024269
4.793903	5.076779
5.743671	5.076779
5.743671	5.127720
6.498192	5.127720
6.498192	5.198714
7.708984	5.198714
7.708984	5.292236
8.760086	5.292236
8.760086	5.368420
9.596540	5.368420
9.596540	5.437551
11.019463	5.437551
11.019463	5.491225
12.347108	5.491225
12.347108	5.523136
13.489028	5.523136
13.489028	5.558564
15.419791	5.558564
15.419791	5.608534
17.075078	5.608534
17.075078	5.667589
18.365192	5.667589
18.365192	5.769250
20.195116	5.769250
20.195116	5.942194
21.490751	5.942194
21.490751	6.143231
22.414619	6.143231
22.414619	6.418070
23.697230	6.418070
23.697230	6.709117
24.708417	6.709117
24.708417	6.890745
25.562506	6.890745
25.562506	7.044360
26.928777	7.044360
26.928777	7.190871
28.149564	7.190871
28.149564	7.312917
29.239770	7.312917
29.239770	7.462246
30.997608	7.462246
30.997608	7.638214
32.553837	7.638214
32.553837	7.796363
33.932390	7.796363
33.932390	7.984177
36.034573	7.984177
36.034573	8.190693
37.861729	8.190693
37.861729	8.361499
39.496680	8.361499
39.496680	8.541108
41.921925	8.541108
41.921925	8.716219
44.103296	8.716219
44.103296	8.847849
46.094865	8.847849
46.094865	8.972346
48.984764	8.972346
48.984764	9.084288
51.607407	9.084288
51.607407	9.165308
54.015866	9.165308
54.015866	9.240410
57.361872	9.240410
57.361872	9.311146
60.377371	9.311146
60.377371	9.369851
63.117255	9.369851
& cycle # 4, chisq = 7093.699356, e = 30.555886
0.000000	3.171161
0.699575	3.171161
0.699575	4.751542
1.368858	4.751542
1.368858	4.968374
1.827601	4.968374
1.827601	5.065720
2.534240	5.065720
2.534240	5.136563
3.224762	5.136563
3.224762	5.179196
3.789960	5.179196
3.789960	5.218427
4.793903	5.218427
4.793903	5.262796
5.743671	5.262796
5.743671	5.305487
6.498192	5.305487
6.498192	5.364870
7.708984	5.364870
7.708984	5.443150
8.760086	5.443150
8.760086	5.507086
9.596540	5.507086
9.596540	5.565477
11.019463	5.565477
11.019463	5.611461
12.347108	5.611461
12.347108	5.639492
13.489028	5.639492
13.489028	5.671413
15.419791	5.671413
15.419791	5.717085
17.075078	5.717085
17.075078	5.771408
18.365192	5.771408
18.365192	5.865264
20.195116	5.865264
20.195116	6.025415
21.490751	6.025415
21.490751	6.212179
22.414619	6.212179
22.414619	6.468653
23.697230	6.468653
23.697230	6.742151
24.708417	6.742151
24.708417	6.914791
25.562506	6.914791
25.562506	7.062977
26.928777	7.062977
26.928777	7.205994
28.149564	7.205994
28.149564	7.325943
29.239770	7.325943
29.239770	7.473255
30.997608	7.473255
30.997608	7.647228
32.553837	7.647228
32.553837	7.803748
33.932390	7.803748
33.932390	7.989611
36.034573	7.989611
36.034573	8.193735
37.861729	8.193735
37.861729	8.362137
39.496680	8.362137
39.496680	8.538441
41.921925	8.538441
41.921925	8.709126
44.103296	8.709126
44.103296	8.836046
46.094865	8.836046
46.094865	8.954128
48.984764	8.954128
48.984764	9.057732
51.607407	9.057732
51.607407	9.130086
54.015866	9.130086
54.015866	9.193940
57.361872	9.193940
57.361872	9.250528
60.377371	9.250528
60.377371	9.294551
63.117255	9.294551
& cycle # 5, chisq = 7101.449707, e = 30.555886
0.000000	4.290583
0.559620	4.290583
0.559620	4.869398
1.210789	4.869398
1.210789	4.954232
1.642158	4.954232
1.642158	5.011694
2.359733	5.011694
2.359733	5.062177
3.067215	5.062177
3.067215	5.094146
3.638611	5.094146
3.638611	5.124006
4.748134	5.124006
4.748134	5.158275
5.786906	5.158275
5.786906	5.193698
6.574510	5.193698
6.574510	5.252278
7.859336	5.252278
7.859336	5.343218
8.873322	5.343218
8.873322	5.420809
9.626032	5.420809
9.626032	5.488927
10.984776	5.488927
10.984776	5.537390
12.247963	5.537390
12.247963	5.563188
13.328959	5.563188
13.328959	5.589027
15.335212	5.589027
15.335212	5.622549
17.055508	5.622549
17.055508	5.661480
18.376151	5.661480
18.376151	5.734945
20.346829	5.734945
20.346829	5.874419
21.648274	5.874419
21.648274	6.048659
22.516850	6.048659
22.516850	6.305753
23.749856	6.305753
23.749856	6.573172
24.690104	6.573172
24.690104	6.721521
25.480933	6.721521
25.480933	6.848194
26.849294	6.848194
26.849294	6.974145
28.060435	6.974145
28.060435	7.078542
29.131490	7.078542
29.131490	7.212968
30.978079	7.212968
30.978079	7.380945
32.574547	7.380945
32.574547	7.538979
33.954141	7.538979
33.954141	7.746311
36.145216	7.746311
36.145216	7.994613
37.967385	7.994613
37.967385	8.207978
39.545304	8.207978
39.545304	8.444560
41.974157	8.444560
41.974157	8.679000
44.096760	8.679000
44.096760	8.849518
46.002666	8.849518
46.002666	9.011292
48.913069	9.011292
48.913069	9.156260
51.521604	9.156260
51.521604	9.257069
53.902578	9.257069
53.902578	9.346118
57.392911	9.346118
57.392911	9.419747
60.529939	9.419747
60.529939	9.468433
63.384685	9.468433
& cycle # 1, chisq = 11497.938795, e = 34.836580
0.000000	4.259974
0.559620	4.259974
0.559620	4.826697
1.210789	4.826697
1.210789	4.921494
1.642158	4.921494
1.642158	4.985734
2.359733	4.985734
2.359733	5.041825
3.067215	5.041825
3.067215	5.077055
3.638611	5.077055
3.638611	5.109554
4.748134	5.109554
4.748134	5.146343
5.786906	5.146343
5.786906	5.184067
6.574510	5.184067
6.574510	5.246223
7.859336	5.246223
7.859336	5.342464
8.873322	5.342464
8.873322	5.424336
9.626032	5.424336
9.626032	5.495847
10.984776	5.495847
10.984776	5.546291
12.247963	5.546291
12.247963	5.572820
13.328959	5.572820
13.328959	5.599023
15.335212	5.599023
15.335212	5.632662
17.055508	5.632662
17.055508	5.671563
18.376151	5.671563
18.376151	5.744871
20.346829	5.744871
20.346829	5.883955
21.648274	5.883955
21.648274	6.057625
22.516850	6.057625
22.516850	6.313739
23.749856	6.313739
23.749856	6.579953
24.690104	6.579953
24.690104	6.727503
25.480933	6.727503
25.480933	6.853452
26.849294	6.853452
26.849294	6.978761
28.060435	6.978761
28.060435	7.082729
29.131490	7.082729
29.131490	7.216747
30.978079	7.216747
30.978079	7.384370
32.574547	7.384370
32.574547	7.542194
33.954141	7.542194
33.954141	7.749381
36.145216	7.749381
36.145216	7.997638
37.967385	7.997638
37.967385	8.211057
39.545304	8.211057
39.545304	8.447772
41.974157	8.447772
41.974157	8.682364
44.096760	8.682364
44.096760	8.852937
46.002666	8.852937
46.002666	9.014572
48.913069	9.014572
48.913069	9.159063
51.521604	9.159063
51.521604	9.259107
53.902578	9.259107
53.902578	9.346838
57.392911	9.346838
57.392911	9.418500
60.529939	9.418500
60.529939	9.464963
63.384685	9.464963
& cycle # 2, chisq = 11511.118562, e = 34.836580
0.000000	4.391427
0.559620	4.391427
0.559620	4.932175
1.210789	4.932175
1.210789	5.010474
1.642158	5.010474
1.642158	5.063232
2.359733	5.063232
2.359733	5.109446
3.067215	5.109446
3.067215	5.138669
3.638611	5.138669
3.638611	5.165951
4.748134	5.165951
4.748134	5.197266
5.786906	5.197266
5.786906	5.229652
6.574510	5.229652
6.574510	5.283244
7.859336	5.283244
7.859336	5.366508
8.873322	5.366508
8.873322	5.437642
9.626032	5.437642
9.626032	5.500268
10.984776	5.500268
10.984776	5.545099
12.247963	5.545099
12.247963	5.569231
13.328959	5.569231
13.328959	5.593767
15.335212	5.593767
15.335212	5.625985
17.055508	5.625985
17.055508	5.663608
18.376151	5.663608
18.376151	5.734780
20.346829	5.734780
20.346829	5.870154
21.648274	5.870154
21.648274	6.039604
22.516850	6.039604
22.516850	6.290365
23.749856	6.290365
23.749856	6.552492
24.690104	6.552492
24.690104	6.699207
25.480933	6.699207
25.480933	6.825864
26.849294	6.825864
26.849294	6.952818
28.060435	6.952818
28.060435	7.058617
29.131490	7.058617
29.131490	7.195361
30.978079	7.195361
30.978079	7.366646
32.574547	7.366646
32.574547	7.528011
33.954141	7.528011
33.954141	7.739821
36.145216	7.739821
36.145216	7.993454
37.967385	7.993454
37.967385	8.211248
39.545304	8.211248
39.545304	8.452388
41.974157	8.452388
41.974157	8.690752
44.096760	8.690752
44.096760	8.863443
46.002666	8.863443
46.002666	9.026296
48.913069	9.026296
48.913069	9.170946
51.521604	9.170946
51.521604	9.270207
53.902578	9.270207
53.902578	9.356079
57.392911	9.356079
57.392911	9.424686
60.529939	9.424686
60.529939	9.467570
63.384685	9.467570
& cycle # 3, chisq = 11489.921468, e = 34.836580
0.000000	4.352214
0.559620	4.352214
0.559620	4.906642
1.210789	4.906642
1.210789	4.979151
1.642158	4.979151
1.642158	5.027817
2.359733	5.027817
2.359733	5.070599
3.067215	5.070599
3.067215	5.097824
3.638611	5.097824
3.638611	5.123522
4.748134	5.123522
4.748134	5.153395
5.786906	5.153395
5.786906	5.184539
6.574510	5.184539
6.574510	5.236305
7.859336	5.236305
7.859336	5.317054
8.873322	5.317054
8.873322	5.386417
9.626032	5.386417
9.626032	5.448150
10.984776	5.448150
10.984776	5.493287
12.247963	5.493287
12.247963	5.518439
13.328959	5.518439
13.328959	5.545114
15.335212	5.545114
15.335212	5.581251
17.055508	5.581251
17.055508	5.623985
18.376151	5.623985
18.376151	5.705166
20.346829	5.705166
20.346829	5.859874
21.648274	5.859874
21.648274	6.053738
22.516850	6.053738
22.516850	6.340775
23.749856	6.340775
23.749856	6.640545
24.690104	6.640545
24.690104	6.807419
25.480933	6.807419
25.480933	6.949340
26.849294	6.949340
26.849294	7.088555
28.060435	7.088555
28.060435	7.201845
29.131490	7.201845
29.131490	7.344730
30.978079	7.344730
30.978079	7.519577
32.574547	7.519577
32.574547	7.680758
33.954141	7.680758
33.954141	7.887831
36.145216	7.887831
36.145216	8.130327
37.967385	8.130327
37.967385	8.333470
39.545304	8.333470
39.545304	8.551884
41.974157	8.551884
41.974157	8.760359
44.096760	8.760359
44.096760	8.905447
46.002666	8.905447
46.002666	9.036933
48.913069	9.036933
48.913069	9.149790
51.521604	9.149790
51.521604	9.225107
53.902578	9.225107
53.902578	9.288703
57.392911	9.288703
57.392911	9.338054
60.529939	9.338054
60.529939	9.367598
63.384685	9.367598
& cycle # 4, chisq = 11466.354709, e = 34.836580
0.000000	4.366032
0.559620	4.366032
0.559620	4.946882
1.210789	4.946882
1.210789	5.025582
1.642158	5.025582
1.642158	5.078270
2.359733	5.078270
2.359733	5.124347
3.067215	5.124347
3.067215	5.153438
3.638611	5.153438
3.638611	5.180535
4.748134	5.180535
4.748134	5.211560
5.786906	5.211560
5.786906	5.243599
6.574510	5.243599
6.574510	5.296581
7.859336	5.296581
7.859336	5.378863
8.873322	5.378863
8.873322	5.449132
9.626032	5.449132
9.626032	5.510971
10.984776	5.510971
10.984776	5.555226
12.247963	5.555226
12.247963	5.579061
13.328959	5.579061
13.328959	5.603333
15.335212	5.603333
15.335212	5.635253
17.055508	5.635253
17.055508	5.672557
18.376151	5.672557
18.376151	5.743166
20.346829	5.743166
20.346829	5.877533
21.648274	5.877533
21.648274	6.045819
22.516850	6.045819
22.516850	6.295071
23.749856	6.295071
23.749856	6.555995
24.690104	6.555995
24.690104	6.702409
25.480933	6.702409
25.480933	6.829180
26.849294	6.829180
26.849294	6.956497
28.060435	6.956497
28.060435	7.062707
29.131490	7.062707
29.131490	7.200038
30.978079	7.200038
30.978079	7.372041
32.574547	7.372041
32.574547	7.534006
33.954141	7.534006
33.954141	7.746426
36.145216	7.746426
36.145216	8.000498
37.967385	8.000498
37.967385	8.218350
39.545304	8.218350
39.545304	8.459102
41.974157	8.459102
41.974157	8.696542
44.096760	8.696542
44.096760	8.868124
46.002666	8.868124
46.002666	9.029541
48.913069	9.029541
48.913069	9.172650
51.521604	9.172650
51.521604	9.270746
53.902578	9.270746
53.902578	9.355589
57.392911	9.355589
57.392911	9.423429
60.529939	9.423429
60.529939	9.465936
63.384685	9.465936
& cycle # 5, chisq = 11489.530207, e = 34.836580
0.000000	3.855963
1.147221	3.855963
1.147221	4.374320
1.733763	4.374320
1.733763	4.502308
2.087445	4.502308
2.087445	4.574842
2.681304	4.574842
2.681304	4.642683
3.267481	4.642683
3.267481	4.689326
3.740707	4.689326
3.740707	4.735911
4.682100	4.735911
4.682100	4.782549
5.607314	4.782549
5.607314	4.819725
6.355011	4.819725
6.355011	4.873778
7.694477	4.873778
7.694477	4.959219
8.819943	4.959219
8.819943	5.047889
9.648293	5.047889
9.648293	5.156434
11.070560	5.156434
11.070560	5.253005
12.319122	5.253005
12.319122	5.300543
13.370132	5.300543
13.370132	5.340192
15.342006	5.340192
15.342006	5.387429
17.042988	5.387429
17.042988	5.440763
18.355783	5.440763
18.355783	5.541190
20.345766	5.541190
20.345766	5.732145
21.662275	5.732145
21.662275	5.971885
22.537992	5.971885
22.537992	6.331355
23.781287	6.331355
23.781287	6.707013
24.717976	6.707013
24.717976	6.906750
25.501723	6.906750
25.501723	7.064133
26.868081	7.064133
26.868081	7.208650
28.075765	7.208650
28.075765	7.320188
29.143048	7.320188
29.143048	7.456082
31.000005	7.456082
31.000005	7.618564
32.603024	7.618564
32.603024	7.766215
33.985770	7.766215
33.985770	7.956059
36.194852	7.956059
36.194852	8.179476
38.023097	8.179476
38.023097	8.367337
39.600044	8.367337
39.600044	8.571048
42.037200	8.571048
42.037200	8.766527
44.158336	8.766527
44.158336	8.902569
46.058425	8.902569
46.058425	9.026729
48.977194	9.026729
48.977194	9.134732
51.589080	9.134732
51.589080	9.208167
53.971979	9.208167
53.971979	9.271585
57.491739	9.271585
57.491739	9.320852
60.662636	9.320852
60.662636	9.348797
63.560363	9.348797
& cycle # 1, chisq = 826.235552, e = 35.355455
0.000000	3.853843
1.147221	3.853843
1.147221	4.399298
1.733763	4.399298
1.733763	4.526446
2.087445	4.526446
2.087445	4.598297
2.681304	4.598297
2.681304	4.665497
3.267481	4.665497
3.267481	4.711685
3.740707	4.711685
3.740707	4.757784
4.682100	4.757784
4.682100	4.803886
5.607314	4.803886
5.607314	4.840593
6.355011	4.840593
6.355011	4.893929
7.694477	4.893929
7.694477	4.978221
8.819943	4.978221
8.819943	5.065701
9.648293	5.065701
9.648293	5.172822
11.070560	5.172822
11.070560	5.268212
12.319122	5.268212
12.319122	5.315288
13.370132	5.315288
13.370132	5.354754
15.342006	5.354754
15.342006	5.401995
17.042988	5.401995
17.042988	5.455450
18.355783	5.455450
18.355783	5.556201
20.345766	5.556201
20.345766	5.747895
21.662275	5.747895
21.662275	5.988714
22.537992	5.988714
22.537992	6.350111
23.781287	6.350111
23.781287	6.728285
24.717976	6.728285
24.717976	6.929806
25.501723	6.929806
25.501723	7.088958
26.868081	7.088958
26.868081	7.235217
28.075765	7.235217
28.075765	7.348053
29.143048	7.348053
29.143048	7.485369
31.000005	7.485369
31.000005	7.649290
32.603024	7.649290
32.603024	7.797981
33.985770	7.797981
33.985770	7.988778
36.194852	7.988778
36.194852	8.212816
38.023097	8.212816
38.023097	8.400708
39.600044	8.400708
39.600044	8.603792
42.037200	8.603792
42.037200	8.797874
44.158336	8.797874
44.158336	8.932273
46.058425	8.932273
46.058425	9.054302
48.977194	9.054302
48.977194	9.159989
51.589080	9.159989
51.589080	9.231636
53.971979	9.231636
53.971979	9.293421
57.491739	9.293421
57.491739	9.341390
60.662636	9.341390
60.662636	9.368591
63.560363	9.368591
& cycle # 2, chisq = 826.624112, e = 35.355455
0.000000	3.819655
1.147221	3.819655
1.147221	4.364482
1.733763	4.364482
1.733763	4.499105
2.087445	4.499105
2.087445	4.575301
2.681304	4.575301
2.681304	4.646382
3.267481	4.646382
3.267481	4.695096
3.740707	4.695096
3.740707	4.743546
4.682100	4.743546
4.682100	4.791765
5.607314	4.791765
5.607314	4.829956
6.355011	4.829956
6.355011	4.885261
7.694477	4.885261
7.694477	4.972505
8.819943	4.972505
8.819943	5.062929
9.648293	5.062929
9.648293	5.173471
11.070560	5.173471
11.070560	5.271614
12.319122	5.271614
12.319122	5.319733
13.370132	5.319733
13.370132	5.359627
15.342006	5.359627
15.342006	5.406943
17.042988	5.406943
17.042988	5.460283
18.355783	5.460283
18.355783	5.560693
20.345766	5.560693
20.345766	5.751621
21.662275	5.751621
21.662275	5.991366
22.537992	5.991366
22.537992	6.350959
23.781287	6.350959
23.781287	6.726974
24.717976	6.726974
24.717976	6.927146
25.501723	6.927146
25.501723	7.085155
26.868081	7.085155
26.868081	7.230466
28.075765	7.230466
28.075765	7.342734
29.143048	7.342734
29.143048	7.479596
31.000005	7.479596
31.000005	7.643256
32.603024	7.643256
32.603024	7.791941
33.985770	7.791941
33.985770	7.983001
36.194852	7.983001
36.194852	8.207652
38.023097	8.207652
38.023097	8.396328
39.600044	8.396328
39.600044	8.600594
42.037200	8.600594
42.037200	8.796196
44.158336	8.796196
44.158336	8.931970
46.058425	8.931970
46.058425	9.055548
48.977194	9.055548
48.977194	9.162793
51.589080	9.162793
51.589080	9.235596
53.971979	9.235596
53.971979	9.298420
57.491739	9.298420
57.491739	9.347209
60.662636	9.347209
60.662636	9.374878
63.560363	9.374878
& cycle # 3, chisq = 829.287204, e = 35.355455
0.000000	4.059421
1.147221	4.059421
1.147221	4.545688
1.733763	4.545688
1.733763	4.648553
2.087445	4.648553
2.087445	4.704999
2.681304	4.704999
2.681304	4.757371
3.267481	4.757371
3.267481	4.793238
3.740707	4.793238
3.740707	4.829039
4.682100	4.829039
4.682100	4.864966
5.607314	4.864966
5.607314	4.893732
6.355011	4.893732
6.355011	4.935763
7.694477	4.935763
7.694477	5.002519
8.819943	5.002519
8.819943	5.072189
9.648293	5.072189
9.648293	5.158337
11.070560	5.158337
11.070560	5.236654
12.319122	5.236654
12.319122	5.277229
13.370132	5.277229
13.370132	5.314216
15.342006	5.314216
15.342006	5.361571
17.042988	5.361571
17.042988	5.416667
18.355783	5.416667
18.355783	5.521567
20.345766	5.521567
20.345766	5.722323
21.662275	5.722323
21.662275	5.975743
22.537992	5.975743
22.537992	6.358238
23.781287	6.358238
23.781287	6.761513
24.717976	6.761513
24.717976	6.978463
25.501723	6.978463
25.501723	7.150172
26.868081	7.150172
26.868081	7.306018
28.075765	7.306018
28.075765	7.423700
29.143048	7.423700
29.143048	7.563365
31.000005	7.563365
31.000005	7.726118
32.603024	7.726118
32.603024	7.870691
33.985770	7.870691
33.985770	8.052933
36.194852	8.052933
36.194852	8.263608
38.023097	8.263608
38.023097	8.437649
39.600044	8.437649
39.600044	8.622722
42.037200	8.622722
42.037200	8.796261
44.158336	8.796261
44.158336	8.913771
46.058425	8.913771
46.058425	9.018051
48.977194	9.018051
48.977194	9.106642
51.589080	9.106642
51.589080	9.165922
53.971979	9.165922
53.971979	9.216721
57.491739	9.216721
57.491739	9.256056
60.662636	9.256056
60.662636	9.278339
63.560363	9.278339
& cycle # 4, chisq = 811.096294, e = 35.355455
0.000000	3.529143
1.147221	3.529143
1.147221	4.152417
1.733763	4.152417
1.733763	4.345092
2.087445	4.345092
2.087445	4.453987
2.681304	4.453987
2.681304	4.553688
3.267481	4.553688
3.267481	4.620578
3.740707	4.620578
3.740707	4.685346
4.682100	4.685346
4.682100	4.747404
5.607314	4.747404
5.607314	4.794497
6.355011	4.794497
6.355011	4.860804
7.694477	4.860804
7.694477	4.963874
8.819943	4.963874
8.819943	5.069633
9.648293	5.069633
9.648293	5.197421
11.070560	5.197421
11.070560	5.308639
12.319122	5.308639
12.319122	5.360892
13.370132	5.360892
13.370132	5.401113
15.342006	5.401113
15.342006	5.445849
17.042988	5.445849
17.042988	5.494959
18.355783	5.494959
18.355783	5.586676
20.345766	5.586676
20.345766	5.760494
21.662275	5.760494
21.662275	5.978321
22.537992	5.978321
22.537992	6.304507
23.781287	6.304507
23.781287	6.645205
24.717976	6.645205
24.717976	6.826791
25.501723	6.826791
25.501723	6.971461
26.868081	6.971461
26.868081	7.106864
28.075765	7.106864
28.075765	7.213719
29.143048	7.213719
29.143048	7.346902
31.000005	7.346902
31.000005	7.509455
32.603024	7.509455
32.603024	7.659797
33.985770	7.659797
33.985770	7.856135
36.194852	7.856135
36.194852	8.090617
38.023097	8.090617
38.023097	8.290818
39.600044	8.290818
39.600044	8.511748
42.037200	8.511748
42.037200	8.728223
44.158336	8.728223
44.158336	8.882585
46.058425	8.882585
46.058425	9.026914
48.977194	9.026914
48.977194	9.154964
51.589080	9.154964
51.589080	9.243176
53.971979	9.243176
53.971979	9.319835
57.491739	9.319835
57.491739	9.379547
60.662636	9.379547
60.662636	9.413451
63.560363	9.413451
& cycle # 5, chisq = 852.636160, e = 35.355455
