0.000000	6.044265
0.062703	6.044265
0.062703	9.639355
0.506503	9.639355
0.506503	9.850250
0.731684	9.850250
0.731684	9.914847
1.180742	9.914847
1.180742	9.967735
1.519066	9.967735
1.519066	10.019277
2.265844	10.019277
2.265844	10.067546
2.847360	10.067546
2.847360	10.116562
4.094463	10.116562
4.094463	10.162696
5.066513	10.162696
5.066513	10.209152
7.120546	10.209152
7.120546	10.251797
8.699733	10.251797
8.699733	10.291615
11.913461	10.291615
11.913461	10.324822
14.426922	10.324822
14.426922	10.349268
19.152891	10.349268
19.152891	10.368518
22.700005	10.368518
22.700005	10.395389
28.394914	10.395389
28.394914	10.445519
31.751516	10.445519
31.751516	10.542703
35.567552	10.542703
35.567552	10.690409
37.656000	10.690409
37.656000	10.827130
40.504217	10.827130
40.504217	10.945739
42.493284	10.945739
42.493284	11.095289
45.137776	11.095289
45.137776	11.297360
46.967236	11.297360
46.967236	11.519674
49.428065	11.519674
49.428065	11.706797
51.361627	11.706797
51.361627	11.839010
54.177336	11.839010
54.177336	11.941347
56.590080	11.941347
56.590080	12.026142
59.996126	12.026142
59.996126	12.100919
62.907549	12.100919
62.907549	12.158465
65.456752	12.158465
65.456752	12.208133
67.719051	12.208133
& cycle # 1, chisq = 4224.256506, e = 36.260043
0.000000	5.897619
0.062703	5.897619
0.062703	9.585145
0.506503	9.585145
0.506503	9.813697
0.731684	9.813697
0.731684	9.884081
1.180742	9.884081
1.180742	9.941615
1.519066	9.941615
1.519066	9.997506
2.265844	9.997506
2.265844	10.049681
2.847360	10.049681
2.847360	10.102445
4.094463	10.102445
4.094463	10.151932
5.066513	10.151932
5.066513	10.201566
7.120546	10.201566
7.120546	10.246982
8.699733	10.246982
8.699733	10.289243
11.913461	10.289243
11.913461	10.324387
14.426922	10.324387
14.426922	10.350134
19.152891	10.350134
19.152891	10.370251
22.700005	10.370251
22.700005	10.398141
28.394914	10.398141
28.394914	10.450079
31.751516	10.450079
31.751516	10.550627
35.567552	10.550627
35.567552	10.703152
37.656000	10.703152
37.656000	10.843649
40.504217	10.843649
40.504217	10.964628
42.493284	10.964628
42.493284	11.116403
45.137776	11.116403
45.137776	11.320911
46.967236	11.320911
46.967236	11.544827
49.428065	11.544827
49.428065	11.731723
51.361627	11.731723
51.361627	11.861528
54.177336	11.861528
54.177336	11.959748
56.590080	11.959748
56.590080	12.038593
59.996126	12.038593
59.996126	12.105612
62.907549	12.105612
62.907549	12.155281
65.456752	12.155281
65.456752	12.196984
67.719051	12.196984
& cycle # 2, chisq = 4240.142382, e = 36.260043
0.000000	5.885398
0.062703	5.885398
0.062703	9.716148
0.506503	9.716148
0.506503	9.931327
0.731684	9.931327
0.731684	9.986530
1.180742	9.986530
1.180742	10.030823
1.519066	10.030823
1.519066	10.073741
2.265844	10.073741
2.265844	10.113986
2.847360	10.113986
2.847360	10.155043
4.094463	10.155043
4.094463	10.193887
5.066513	10.193887
5.066513	10.233268
7.120546	10.233268
7.120546	10.269638
8.699733	10.269638
8.699733	10.303849
11.913461	10.303849
11.913461	10.332597
14.426922	10.332597
14.426922	10.354104
19.152891	10.354104
19.152891	10.371502
22.700005	10.371502
22.700005	10.396375
28.394914	10.396375
28.394914	10.443113
31.751516	10.443113
31.751516	10.534292
35.567552	10.534292
35.567552	10.674073
37.656000	10.674073
37.656000	10.806203
40.504217	10.806203
40.504217	10.924246
42.493284	10.924246
42.493284	11.075393
45.137776	11.075393
45.137776	11.280449
46.967236	11.280449
46.967236	11.507043
49.428065	11.507043
49.428065	11.698827
51.361627	11.698827
51.361627	11.835287
54.177336	11.835287
54.177336	11.941287
56.590080	11.941287
56.590080	12.029058
59.996126	12.029058
59.996126	12.106182
62.907549	12.106182
62.907549	12.165231
65.456752	12.165231
65.456752	12.215962
67.719051	12.215962
& cycle # 4, chisq = 4204.661833, e = 36.260043
0.000000	6.058284
0.062703	6.058284
0.062703	9.615623
0.506503	9.615623
0.506503	9.828638
0.731684	9.828638
0.731684	9.896162
1.180742	9.896162
1.180742	9.951586
1.519066	9.951586
1.519066	10.005587
2.265844	10.005587
2.265844	10.056095
2.847360	10.056095
2.847360	10.107278
4.094463	10.107278
4.094463	10.155356
5.066513	10.155356
5.066513	10.203653
7.120546	10.203653
7.120546	10.247897
8.699733	10.247897
8.699733	10.289110
11.913461	10.289110
11.913461	10.323402
14.426922	10.323402
14.426922	10.348537
19.152891	10.348537
19.152891	10.368185
22.700005	10.368185
22.700005	10.395434
28.394914	10.395434
28.394914	10.446181
31.751516	10.446181
31.751516	10.544432
35.567552	10.544432
35.567552	10.693500
37.656000	10.693500
37.656000	10.830907
40.504217	10.830907
40.504217	10.949405
42.493284	10.949405
42.493284	11.098367
45.137776	11.098367
45.137776	11.299531
46.967236	11.299531
46.967236	11.520750
49.428065	11.520750
49.428065	11.706881
51.361627	11.706881
51.361627	11.838389
54.177336	11.838389
54.177336	11.940274
56.590080	11.940274
56.590080	12.024886
59.996126	12.024886
59.996126	12.099738
62.907549	12.099738
62.907549	12.157549
65.456752	12.157549
65.456752	12.207599
67.719051	12.207599
& cycle # 5, chisq = 4227.310367, e = 36.260043
0.000000	5.762221
0.062703	5.762221
0.062703	9.567940
0.506503	9.567940
0.506503	9.806833
0.731684	9.806833
0.731684	9.877391
1.180742	9.877391
1.180742	9.934992
1.519066	9.934992
1.519066	9.991057
2.265844	9.991057
2.265844	10.043520
2.847360	10.043520
2.847360	10.096732
4.094463	10.096732
4.094463	10.146753
5.066513	10.146753
5.066513	10.197036
7.120546	10.197036
7.120546	10.243118
8.699733	10.243118
8.699733	10.286052
11.913461	10.286052
11.913461	10.321773
14.426922	10.321773
14.426922	10.347937
19.152891	10.347937
19.152891	10.368358
22.700005	10.368358
22.700005	10.396635
28.394914	10.396635
28.394914	10.449260
31.751516	10.449260
31.751516	10.551071
35.567552	10.551071
35.567552	10.705369
37.656000	10.705369
37.656000	10.847200
40.504217	10.847200
40.504217	10.969012
42.493284	10.969012
42.493284	11.121792
45.137776	11.121792
45.137776	11.327966
46.967236	11.327966
46.967236	11.554501
49.428065	11.554501
49.428065	11.744866
51.361627	11.744866
51.361627	11.879083
54.177336	11.879083
54.177336	11.982834
56.590080	11.982834
56.590080	12.068760
59.996126	12.068760
59.996126	12.144533
62.907549	12.144533
62.907549	12.202854
65.456752	12.202854
65.456752	12.253202
67.719051	12.253202
& cycle # 6, chisq = 4238.134260, e = 36.260043
0.000000	7.270611
0.046961	7.270611
0.046961	9.882695
0.438472	9.882695
0.438472	9.990429
0.634918	9.990429
0.634918	10.033746
1.044549	10.033746
1.044549	10.070554
1.350942	10.070554
1.350942	10.107614
2.056976	10.107614
2.056976	10.142712
2.601787	10.142712
2.601787	10.179046
3.817562	10.179046
3.817562	10.213459
4.755162	10.213459
4.755162	10.248646
6.814060	10.248646
6.814060	10.281078
8.378798	10.281078
8.378798	10.311654
11.681714	10.311654
11.681714	10.337079
14.236308	10.337079
14.236308	10.355752
19.185760	10.355752
19.185760	10.371221
22.815268	10.371221
22.815268	10.395517
28.629566	10.395517
28.629566	10.444156
31.849875	10.444156
31.849875	10.538642
35.489525	10.538642
35.489525	10.665626
37.522496	10.665626
37.522496	10.766576
40.512892	10.766576
40.512892	10.870231
42.569456	10.870231
42.569456	11.027359
45.262481	11.027359
45.262481	11.250279
47.043530	11.250279
47.043530	11.489742
49.470835	11.489742
49.470835	11.681928
51.378816	11.681928
51.378816	11.822947
54.232788	11.822947
54.232788	11.946845
56.655697	11.946845
56.655697	12.065553
60.116082	12.065553
60.116082	12.178963
63.041774	12.178963
63.041774	12.262425
65.604135	12.262425
65.604135	12.324177
67.900396	12.324177
& cycle # 1, chisq = 4994.257030, e = 38.111962
0.000000	3.879979
0.046961	3.879979
0.046961	5.908712
0.438472	5.908712
0.438472	6.626173
0.634918	6.626173
0.634918	7.159926
1.044549	7.159926
1.044549	7.667306
1.350942	7.667306
1.350942	8.199722
2.056976	8.199722
2.056976	8.686797
2.601787	8.686797
2.601787	9.133302
3.817562	9.133302
3.817562	9.492995
4.755162	9.492995
4.755162	9.782867
6.814060	9.782867
6.814060	9.998304
8.378798	9.998304
8.378798	10.158785
11.681714	10.158785
11.681714	10.271616
14.236308	10.271616
14.236308	10.337794
19.185760	10.337794
19.185760	10.375772
22.815268	10.375772
22.815268	10.418401
28.629566	10.418401
28.629566	10.497850
31.849875	10.497850
31.849875	10.645458
35.489525	10.645458
35.489525	10.831358
37.522496	10.831358
37.522496	10.953297
40.512892	10.953297
40.512892	11.052995
42.569456	11.052995
42.569456	11.193195
45.262481	11.193195
45.262481	11.387241
47.043530	11.387241
47.043530	11.588266
49.470835	11.588266
49.470835	11.741080
51.378816	11.741080
51.378816	11.844637
54.232788	11.844637
54.232788	11.930872
56.655697	11.930872
56.655697	12.010873
60.116082	12.010873
60.116082	12.086032
63.041774	12.086032
63.041774	12.140814
65.604135	12.140814
65.604135	12.181139
67.900396	12.181139
& cycle # 2, chisq = 5155.023314, e = 38.111962
0.000000	6.918967
0.046961	6.918967
0.046961	9.498570
0.438472	9.498570
0.438472	9.745955
0.634918	9.745955
0.634918	9.843763
1.044549	9.843763
1.044549	9.918939
1.350942	9.918939
1.350942	9.987620
2.056976	9.987620
2.056976	10.048467
2.601787	10.048467
2.601787	10.107459
3.817562	10.107459
3.817562	10.160829
4.755162	10.160829
4.755162	10.212968
6.814060	10.212968
6.814060	10.259501
8.378798	10.259501
8.378798	10.301994
11.681714	10.301994
11.681714	10.336466
14.236308	10.336466
14.236308	10.360724
19.185760	10.360724
19.185760	10.379514
22.815268	10.379514
22.815268	10.407565
28.629566	10.407565
28.629566	10.463012
31.849875	10.463012
31.849875	10.569471
35.489525	10.569471
35.489525	10.709918
37.522496	10.709918
37.522496	10.815948
40.512892	10.815948
40.512892	10.919055
42.569456	10.919055
42.569456	11.072386
45.262481	11.072386
45.262481	11.287822
47.043530	11.287822
47.043530	11.515477
49.470835	11.515477
49.470835	11.693389
51.378816	11.693389
51.378816	11.818492
54.232788	11.818492
54.232788	11.924787
56.655697	11.924787
56.655697	12.024140
60.116082	12.024140
60.116082	12.117602
63.041774	12.117602
63.041774	12.185655
65.604135	12.185655
65.604135	12.235653
67.900396	12.235653
& cycle # 3, chisq = 5048.169458, e = 38.111962
0.000000	7.273674
0.046961	7.273674
0.046961	9.892013
0.438472	9.892013
0.438472	9.997700
0.634918	9.997700
0.634918	10.039777
1.044549	10.039777
1.044549	10.075546
1.350942	10.075546
1.350942	10.111599
2.056976	10.111599
2.056976	10.145778
2.601787	10.145778
2.601787	10.181210
3.817562	10.181210
3.817562	10.214807
4.755162	10.214807
4.755162	10.249204
6.814060	10.249204
6.814060	10.280941
8.378798	10.280941
8.378798	10.310899
11.681714	10.310899
11.681714	10.335842
14.236308	10.335842
14.236308	10.354211
19.185760	10.354211
19.185760	10.369494
22.815268	10.369494
22.815268	10.393577
28.629566	10.393577
28.629566	10.441832
31.849875	10.441832
31.849875	10.535661
35.489525	10.535661
35.489525	10.661946
37.522496	10.661946
37.522496	10.762729
40.512892	10.762729
40.512892	10.866604
42.569456	10.866604
42.569456	11.024235
45.262481	11.024235
45.262481	11.247936
47.043530	11.247936
47.043530	11.488331
49.470835	11.488331
49.470835	11.681350
51.378816	11.681350
51.378816	11.823042
54.232788	11.823042
54.232788	11.947536
56.655697	11.947536
56.655697	12.066795
60.116082	12.066795
60.116082	12.180707
63.041774	12.180707
63.041774	12.264521
65.604135	12.264521
65.604135	12.326523
67.900396	12.326523
& cycle # 4, chisq = 4992.310113, e = 38.111962
0.000000	6.978821
0.046961	6.978821
0.046961	9.663379
0.438472	9.663379
0.438472	9.813883
0.634918	9.813883
0.634918	9.880103
1.044549	9.880103
1.044549	9.936189
1.350942	9.936189
1.350942	9.992073
2.056976	9.992073
2.056976	10.044410
2.601787	10.044410
2.601787	10.097808
3.817562	10.097808
3.817562	10.147742
4.755162	10.147742
4.755162	10.198023
6.814060	10.198023
6.814060	10.243777
8.378798	10.243777
8.378798	10.286260
11.681714	10.286260
11.681714	10.321060
14.236308	10.321060
14.236308	10.345801
19.185760	10.345801
19.185760	10.365211
22.815268	10.365211
22.815268	10.394425
28.629566	10.394425
28.629566	10.452203
31.849875	10.452203
31.849875	10.563042
35.489525	10.563042
35.489525	10.708993
37.522496	10.708993
37.522496	10.818614
40.512892	10.818614
40.512892	10.924706
42.569456	10.924706
42.569456	11.082534
45.262481	11.082534
45.262481	11.304874
47.043530	11.304874
47.043530	11.541263
49.470835	11.541263
49.470835	11.728187
51.378816	11.728187
51.378816	11.862593
54.232788	11.862593
54.232788	11.979223
56.655697	11.979223
56.655697	12.090228
60.116082	12.090228
60.116082	12.195964
63.041774	12.195964
63.041774	12.273670
65.604135	12.273670
65.604135	12.331136
67.900396	12.331136
& cycle # 5, chisq = 5039.931128, e = 38.111962
0.000000	5.719692
0.066772	5.719692
0.066772	9.600840
0.522708	9.600840
0.522708	9.847148
0.754672	9.847148
0.754672	9.914128
1.212774	9.914128
1.212774	9.967961
1.558460	9.967961
1.558460	10.019856
2.314335	10.019856
2.314335	10.068320
2.904104	10.068320
2.904104	10.117380
4.157957	10.117380
4.157957	10.163562
5.137543	10.163562
5.137543	10.210012
7.190183	10.210012
7.190183	10.252698
8.772294	10.252698
8.772294	10.292574
11.966369	10.292574
11.966369	10.325940
14.470576	10.325940
14.470576	10.350649
19.148626	10.350649
19.148626	10.370040
22.677825	10.370040
22.677825	10.396561
28.345949	10.396561
28.345949	10.445405
31.731246	10.445405
31.731246	10.540300
35.586692	10.540300
35.586692	10.688751
37.690004	10.688751
37.690004	10.832773
40.507526	10.832773
40.507526	10.955007
42.481152	10.955007
42.481152	11.101122
45.120029	11.101122
45.120029	11.296018
46.967722	11.296018
46.967722	11.512835
49.447631	11.512835
49.447631	11.699055
51.394176	11.699055
51.394176	11.830876
54.207941	11.830876
54.207941	11.930362
56.620134	11.930362
56.620134	12.010702
60.009257	12.010702
60.009257	12.081830
62.903719	12.081830
62.903719	12.139429
65.428811	12.139429
65.428811	12.193144
67.656265	12.193144
& cycle # 1, chisq = 4060.729904, e = 35.856516
0.000000	5.390569
0.066772	5.390569
0.066772	9.430186
0.522708	9.430186
0.522708	9.725627
0.754672	9.725627
0.754672	9.811176
1.212774	9.811176
1.212774	9.880212
1.558460	9.880212
1.558460	9.946495
2.314335	9.946495
2.314335	10.007960
2.904104	10.007960
2.904104	10.069537
4.157957	10.069537
4.157957	10.126935
5.137543	10.126935
5.137543	10.183986
7.190183	10.183986
7.190183	10.235886
8.772294	10.235886
8.772294	10.283810
11.966369	10.283810
11.966369	10.323484
14.470576	10.323484
14.470576	10.352267
19.148626	10.352267
19.148626	10.374084
22.677825	10.374084
22.677825	10.402965
28.345949	10.402965
28.345949	10.455667
31.731246	10.455667
31.731246	10.557380
35.586692	10.557380
35.586692	10.715152
37.690004	10.715152
37.690004	10.865149
40.507526	10.865149
40.507526	10.988515
42.481152	10.988515
42.481152	11.133090
45.120029	11.133090
45.120029	11.324918
46.967722	11.324918
46.967722	11.537104
49.447631	11.537104
49.447631	11.717861
51.394176	11.717861
51.394176	11.844033
54.207941	11.844033
54.207941	11.937772
56.620134	11.937772
56.620134	12.012031
60.009257	12.012031
60.009257	12.076425
62.903719	12.076425
62.903719	12.127608
65.428811	12.127608
65.428811	12.174843
67.656265	12.174843
& cycle # 2, chisq = 4089.673429, e = 35.856516
0.000000	5.432242
0.066772	5.432242
0.066772	9.729278
0.522708	9.729278
0.522708	9.999051
0.754672	9.999051
0.754672	10.052071
1.212774	10.052071
1.212774	10.092448
1.558460	10.092448
1.558460	10.130628
2.314335	10.130628
2.314335	10.166291
2.904104	10.166291
2.904104	10.202718
4.157957	10.202718
4.157957	10.237396
5.137543	10.237396
5.137543	10.272815
7.190183	10.272815
7.190183	10.305822
8.772294	10.305822
8.772294	10.337191
11.966369	10.337191
11.966369	10.363904
14.470576	10.363904
14.470576	10.384407
19.148626	10.384407
19.148626	10.401458
22.677825	10.401458
22.677825	10.425974
28.345949	10.425974
28.345949	10.471727
31.731246	10.471727
31.731246	10.561384
35.586692	10.561384
35.586692	10.703068
37.690004	10.703068
37.690004	10.843618
40.507526	10.843618
40.507526	10.966565
42.481152	10.966565
42.481152	11.115421
45.120029	11.115421
45.120029	11.313222
46.967722	11.313222
46.967722	11.530839
49.447631	11.530839
49.447631	11.713870
51.394176	11.713870
51.394176	11.837553
54.207941	11.837553
54.207941	11.924567
56.620134	11.924567
56.620134	11.987344
60.009257	11.987344
60.009257	12.035398
62.903719	12.035398
62.903719	12.068882
65.428811	12.068882
65.428811	12.097274
67.656265	12.097274
& cycle # 3, chisq = 4092.001987, e = 35.856516
0.000000	5.418082
0.066772	5.418082
0.066772	9.570139
0.522708	9.570139
0.522708	9.848580
0.754672	9.848580
0.754672	9.916661
1.212774	9.916661
1.212774	9.970558
1.558460	9.970558
1.558460	10.022204
2.314335	10.022204
2.314335	10.070371
2.904104	10.070371
2.904104	10.119132
4.157957	10.119132
4.157957	10.165055
5.137543	10.165055
5.137543	10.211281
7.190183	10.211281
7.190183	10.253786
8.772294	10.253786
8.772294	10.293513
11.966369	10.293513
11.966369	10.326764
14.470576	10.326764
14.470576	10.351391
19.148626	10.351391
19.148626	10.370718
22.677825	10.370718
22.677825	10.397148
28.345949	10.397148
28.345949	10.445818
31.731246	10.445818
31.731246	10.540362
35.586692	10.540362
35.586692	10.688231
37.690004	10.688231
37.690004	10.831618
40.507526	10.831618
40.507526	10.953234
42.481152	10.953234
42.481152	11.098577
45.120029	11.098577
45.120029	11.292483
46.967722	11.292483
46.967722	11.508309
49.447631	11.508309
49.447631	11.693853
51.394176	11.693853
51.394176	11.825466
54.207941	11.825466
54.207941	11.925093
56.620134	11.925093
56.620134	12.005906
60.009257	12.005906
60.009257	12.077812
62.903719	12.077812
62.903719	12.136297
65.428811	12.136297
65.428811	12.190972
67.656265	12.190972
& cycle # 4, chisq = 4061.516802, e = 35.856516
0.000000	5.687379
0.066772	5.687379
0.066772	9.537195
0.522708	9.537195
0.522708	9.792972
0.754672	9.792972
0.754672	9.867265
1.212774	9.867265
1.212774	9.927391
1.558460	9.927391
1.558460	9.985397
2.314335	9.985397
2.314335	10.039453
2.904104	10.039453
2.904104	10.093957
4.157957	10.093957
4.157957	10.145055
5.137543	10.145055
5.137543	10.196188
7.190183	10.196188
7.190183	10.242966
8.772294	10.242966
8.772294	10.286432
11.966369	10.286432
11.966369	10.322615
14.470576	10.322615
14.470576	10.349134
19.148626	10.349134
19.148626	10.369583
22.677825	10.369583
22.677825	10.397100
28.345949	10.397100
28.345949	10.447542
31.731246	10.447542
31.731246	10.545210
35.586692	10.545210
35.586692	10.697344
37.690004	10.697344
37.690004	10.843449
40.507526	10.843449
40.507526	10.965562
42.481152	10.965562
42.481152	11.110210
45.120029	11.110210
45.120029	11.302813
46.967722	11.302813
46.967722	11.516834
49.447631	11.516834
49.447631	11.700485
51.394176	11.700485
51.394176	11.830491
54.207941	11.830491
54.207941	11.928871
56.620134	11.928871
56.620134	12.008837
60.009257	12.008837
60.009257	12.080241
62.903719	12.080241
62.903719	12.138529
65.428811	12.138529
65.428811	12.193151
67.656265	12.193151
& cycle # 5, chisq = 4069.566028, e = 35.856516
0.000000	5.058792
0.074006	5.058792
0.074006	9.420180
0.550225	9.420180
0.550225	9.767940
0.793644	9.767940
0.793644	9.850581
1.266717	9.850581
1.266717	9.914926
1.624634	9.914926
1.624634	9.975658
2.395193	9.975658
2.395193	10.031909
2.998386	10.031909
2.998386	10.088294
4.262523	10.088294
4.262523	10.141139
5.253934	10.141139
5.253934	10.193897
7.302779	10.193897
7.302779	10.242226
8.888561	10.242226
8.888561	10.287151
12.048208	10.287151
12.048208	10.324753
14.535492	10.324753
14.535492	10.352524
19.133847	10.352524
19.133847	10.373553
22.635760	10.373553
22.635760	10.400384
28.272208	10.400384
28.272208	10.448344
31.717168	10.448344
31.717168	10.541974
35.649827	10.541974
35.649827	10.696745
37.774363	10.696745
37.774363	10.860795
40.514099	10.860795
40.514099	10.993575
42.437143	10.993575
42.437143	11.131862
45.043960	11.131862
45.043960	11.309987
46.916100	11.309987
46.916100	11.513240
49.427787	11.513240
49.427787	11.697410
51.395656	11.697410
51.395656	11.833180
54.200966	11.833180
54.200966	11.935219
56.606272	11.935219
56.606272	12.016181
59.969232	12.016181
59.969232	12.084398
62.867473	12.084398
62.867473	12.133702
65.427785	12.133702
65.427785	12.173633
67.720762	12.173633
& cycle # 1, chisq = 3794.072757, e = 35.192164
0.000000	4.893020
0.074006	4.893020
0.074006	9.347429
0.550225	9.347429
0.550225	9.724493
0.793644	9.724493
0.793644	9.814989
1.266717	9.814989
1.266717	9.885323
1.624634	9.885323
1.624634	9.951413
2.395193	9.951413
2.395193	10.012329
2.998386	10.012329
2.998386	10.073000
4.262523	10.073000
4.262523	10.129542
5.253934	10.129542
5.253934	10.185627
7.302779	10.185627
7.302779	10.236734
8.888561	10.236734
8.888561	10.283979
12.048208	10.283979
12.048208	10.323345
14.535492	10.323345
14.535492	10.352210
19.133847	10.352210
19.133847	10.373807
22.635760	10.373807
22.635760	10.401038
28.272208	10.401038
28.272208	10.449567
31.717168	10.449567
31.717168	10.544172
35.649827	10.544172
35.649827	10.700332
37.774363	10.700332
37.774363	10.865354
40.514099	10.865354
40.514099	10.998228
42.437143	10.998228
42.437143	11.135985
45.043960	11.135985
45.043960	11.313172
46.916100	11.313172
46.916100	11.515027
49.427787	11.515027
49.427787	11.697457
51.395656	11.697457
51.395656	11.831230
54.200966	11.831230
54.200966	11.930992
56.606272	11.930992
56.606272	12.009251
59.969232	12.009251
59.969232	12.074291
62.867473	12.074291
62.867473	12.120556
65.427785	12.120556
65.427785	12.157520
67.720762	12.157520
& cycle # 2, chisq = 3800.734356, e = 35.192164
0.000000	5.287092
0.074006	5.287092
0.074006	9.763660
0.550225	9.763660
0.550225	10.062668
0.793644	10.062668
0.793644	10.108593
1.266717	10.108593
1.266717	10.140730
1.624634	10.140730
1.624634	10.169598
2.395193	10.169598
2.395193	10.196103
2.998386	10.196103
2.998386	10.222911
4.262523	10.222911
4.262523	10.248457
5.253934	10.248457
5.253934	10.274607
7.302779	10.274607
7.302779	10.299156
8.888561	10.299156
8.888561	10.322723
12.048208	10.322723
12.048208	10.343159
14.535492	10.343159
14.535492	10.359427
19.133847	10.359427
19.133847	10.373375
22.635760	10.373375
22.635760	10.393390
28.272208	10.393390
28.272208	10.430465
31.717168	10.430465
31.717168	10.504750
35.649827	10.504750
35.649827	10.631410
37.774363	10.631410
37.774363	10.774953
40.514099	10.774953
40.514099	10.904143
42.437143	10.904143
42.437143	11.050424
45.043960	11.050424
45.043960	11.243014
46.916100	11.243014
46.916100	11.466662
49.427787	11.466662
49.427787	11.673659
51.395656	11.673659
51.395656	11.831114
54.200966	11.831114
54.200966	11.952883
56.606272	11.952883
56.606272	12.051670
59.969232	12.051670
59.969232	12.136157
62.867473	12.136157
62.867473	12.197943
65.427785	12.197943
65.427785	12.248348
67.720762	12.248348
& cycle # 3, chisq = 3710.642805, e = 35.192164
0.000000	4.912714
0.074006	4.912714
0.074006	9.496005
0.550225	9.496005
0.550225	9.862379
0.793644	9.862379
0.793644	9.934682
1.266717	9.934682
1.266717	9.988712
1.624634	9.988712
1.624634	10.038780
2.395193	10.038780
2.395193	10.084982
2.998386	10.084982
2.998386	10.131390
4.262523	10.131390
4.262523	10.175088
5.253934	10.175088
5.253934	10.219022
7.302779	10.219022
7.302779	10.259542
8.888561	10.259542
8.888561	10.297527
12.048208	10.297527
12.048208	10.329597
14.535492	10.329597
14.535492	10.353701
19.133847	10.353701
19.133847	10.372519
22.635760	10.372519
22.635760	10.397286
28.272208	10.397286
28.272208	10.441979
31.717168	10.441979
31.717168	10.529809
35.649827	10.529809
35.649827	10.676135
37.774363	10.676135
37.774363	10.833962
40.514099	10.833962
40.514099	10.965513
42.437143	10.965513
42.437143	11.105935
45.043960	11.105935
45.043960	11.288003
46.916100	11.288003
46.916100	11.496849
49.427787	11.496849
49.427787	11.687312
51.395656	11.687312
51.395656	11.829101
54.200966	11.829101
54.200966	11.936657
56.606272	11.936657
56.606272	12.022656
59.969232	12.022656
59.969232	12.095533
62.867473	12.095533
62.867473	12.148469
65.427785	12.148469
65.427785	12.191491
67.720762	12.191491
& cycle # 4, chisq = 3768.935401, e = 35.192164
0.000000	5.055699
0.074006	5.055699
0.074006	9.361828
0.550225	9.361828
0.550225	9.713495
0.793644	9.713495
0.793644	9.802941
1.266717	9.802941
1.266717	9.873313
1.624634	9.873313
1.624634	9.939915
2.395193	9.939915
2.395193	10.001527
2.998386	10.001527
2.998386	10.063082
4.262523	10.063082
4.262523	10.120567
5.253934	10.120567
5.253934	10.177698
7.302779	10.177698
7.302779	10.229827
8.888561	10.229827
8.888561	10.278069
12.048208	10.278069
12.048208	10.318286
14.535492	10.318286
14.535492	10.347776
19.133847	10.347776
19.133847	10.369832
22.635760	10.369832
22.635760	10.397621
28.272208	10.397621
28.272208	10.447120
31.717168	10.447120
31.717168	10.543562
35.649827	10.543562
35.649827	10.702636
37.774363	10.702636
37.774363	10.870449
40.514099	10.870449
40.514099	11.005186
42.437143	11.005186
42.437143	11.144582
45.043960	11.144582
45.043960	11.323882
46.916100	11.323882
46.916100	11.528327
49.427787	11.528327
49.427787	11.713454
51.395656	11.713454
51.395656	11.849850
54.200966	11.849850
54.200966	11.952382
56.606272	11.952382
56.606272	12.033863
59.969232	12.033863
59.969232	12.102706
62.867473	12.102706
62.867473	12.152641
65.427785	12.152641
65.427785	12.193223
67.720762	12.193223
& cycle # 5, chisq = 3800.670826, e = 35.192164
0.000000	4.301275
0.085098	4.301275
0.085098	9.245908
0.590560	9.245908
0.590560	9.765255
0.850669	9.765255
0.850669	9.860773
1.345403	9.860773
1.345403	9.928534
1.721030	9.928534
1.721030	9.989017
2.512988	9.989017
2.512988	10.043967
3.135656	10.043967
3.135656	10.098314
4.415672	10.098314
4.415672	10.149165
5.424719	10.149165
5.424719	10.199816
7.471531	10.199816
7.471531	10.246374
9.064645	10.246374
9.064645	10.289772
12.183268	10.289772
12.183268	10.326410
14.651486	10.326410
14.651486	10.354000
19.145830	10.354000
19.145830	10.375330
22.599354	10.375330
22.599354	10.402147
28.140211	10.402147
28.140211	10.448711
31.618709	10.448711
31.618709	10.537913
35.635705	10.537913
35.635705	10.688054
37.836452	10.688054
37.836452	10.862563
40.580225	10.862563
40.580225	11.012869
42.482911	11.012869
42.482911	11.160025
45.042284	11.160025
45.042284	11.340246
46.911416	11.340246
46.911416	11.539716
49.423142	11.539716
49.423142	11.717547
51.412938	11.717547
51.412938	11.846454
54.225760	11.846454
54.225760	11.938809
56.645495	11.938809
56.645495	12.004869
59.996626	12.004869
59.996626	12.053365
62.888013	12.053365
62.888013	12.083997
65.436060	12.083997
65.436060	12.107259
67.704625	12.107259
& cycle # 1, chisq = 3457.744100, e = 34.300525
0.000000	4.169887
0.085098	4.169887
0.085098	9.180439
0.590560	9.180439
0.590560	9.731691
0.850669	9.731691
0.850669	9.833375
1.345403	9.833375
1.345403	9.905306
1.721030	9.905306
1.721030	9.969326
2.512988	9.969326
2.512988	10.027340
3.135656	10.027340
3.135656	10.084532
4.415672	10.084532
4.415672	10.137888
5.424719	10.137888
5.424719	10.190847
7.471531	10.190847
7.471531	10.239383
9.064645	10.239383
9.064645	10.284477
12.183268	10.284477
12.183268	10.322437
14.651486	10.322437
14.651486	10.350883
19.145830	10.350883
19.145830	10.372698
22.599354	10.372698
22.599354	10.399904
28.140211	10.399904
28.140211	10.447032
31.618709	10.447032
31.618709	10.537201
35.635705	10.537201
35.635705	10.688781
37.836452	10.688781
37.836452	10.864528
40.580225	10.864528
40.580225	11.015297
42.482911	11.015297
42.482911	11.162346
45.042284	11.162346
45.042284	11.342277
46.911416	11.342277
46.911416	11.541385
49.423142	11.541385
49.423142	11.718924
51.412938	11.718924
51.412938	11.847778
54.225760	11.847778
54.225760	11.940406
56.645495	11.940406
56.645495	12.007188
59.996626	12.007188
59.996626	12.056913
62.888013	12.056913
62.888013	12.089032
65.436060	12.089032
65.436060	12.113988
67.704625	12.113988
& cycle # 2, chisq = 3460.394335, e = 34.300525
0.000000	4.284872
0.085098	4.284872
0.085098	9.192893
0.590560	9.192893
0.590560	9.714594
0.850669	9.714594
0.850669	9.815924
1.345403	9.815924
1.345403	9.889172
1.721030	9.889172
1.721030	9.955267
2.512988	9.955267
2.512988	10.015543
3.135656	10.015543
3.135656	10.075219
4.415672	10.075219
4.415672	10.131010
5.424719	10.131010
5.424719	10.186462
7.471531	10.186462
7.471531	10.237306
9.064645	10.237306
9.064645	10.284535
12.183268	10.284535
12.183268	10.324248
14.651486	10.324248
14.651486	10.353901
19.145830	10.353901
19.145830	10.376479
22.599354	10.376479
22.599354	10.404405
28.140211	10.404405
28.140211	10.452623
31.618709	10.452623
31.618709	10.544616
35.635705	10.544616
35.635705	10.698727
37.836452	10.698727
37.836452	10.876100
40.580225	10.876100
40.580225	11.026359
42.482911	11.026359
42.482911	11.170997
45.042284	11.170997
45.042284	11.347167
46.911416	11.347167
46.911416	11.541390
49.423142	11.541390
49.423142	11.713763
51.412938	11.713763
51.412938	11.837939
54.225760	11.837939
54.225760	11.926466
56.645495	11.926466
56.645495	11.989660
59.996626	11.989660
59.996626	12.036118
62.888013	12.036118
62.888013	12.065593
65.436060	12.065593
65.436060	12.088102
67.704625	12.088102
& cycle # 4, chisq = 3476.264577, e = 34.300525
0.000000	4.262857
0.085098	4.262857
0.085098	9.182557
0.590560	9.182557
0.590560	9.709579
0.850669	9.709579
0.850669	9.811864
1.345403	9.811864
1.345403	9.885681
1.721030	9.885681
1.721030	9.952163
2.512988	9.952163
2.512988	10.012696
3.135656	10.012696
3.135656	10.072521
4.415672	10.072521
4.415672	10.128374
5.424719	10.128374
5.424719	10.183811
7.471531	10.183811
7.471531	10.234596
9.064645	10.234596
9.064645	10.281742
12.183268	10.281742
12.183268	10.321390
14.651486	10.321390
14.651486	10.351040
19.145830	10.351040
19.145830	10.373696
22.599354	10.373696
22.599354	10.401841
28.140211	10.401841
28.140211	10.450538
31.618709	10.450538
31.618709	10.543642
35.635705	10.543642
35.635705	10.700036
37.836452	10.700036
37.836452	10.881090
40.580225	10.881090
40.580225	11.036026
42.482911	11.036026
42.482911	11.186783
45.042284	11.186783
45.042284	11.371140
46.911416	11.371140
46.911416	11.575091
49.423142	11.575091
49.423142	11.756896
51.412938	11.756896
51.412938	11.888778
54.225760	11.888778
54.225760	11.983515
56.645495	11.983515
56.645495	12.051737
59.996626	12.051737
59.996626	12.102435
62.888013	12.102435
62.888013	12.135084
65.436060	12.135084
65.436060	12.160373
67.704625	12.160373
& cycle # 5, chisq = 3467.277716, e = 34.300525
0.000000	4.118119
0.085098	4.118119
0.085098	9.226429
0.590560	9.226429
0.590560	9.793483
0.850669	9.793483
0.850669	9.888936
1.345403	9.888936
1.345403	9.954087
1.721030	9.954087
1.721030	10.010949
2.512988	10.010949
2.512988	10.062203
3.135656	10.062203
3.135656	10.112768
4.415672	10.112768
4.415672	10.160122
5.424719	10.160122
5.424719	10.207417
7.471531	10.207417
7.471531	10.251024
9.064645	10.251024
9.064645	10.291831
12.183268	10.291831
12.183268	10.326420
14.651486	10.326420
14.651486	10.352671
19.145830	10.352671
19.145830	10.373231
22.599354	10.373231
22.599354	10.399425
28.140211	10.399425
28.140211	10.445091
31.618709	10.445091
31.618709	10.532781
35.635705	10.532781
35.635705	10.680752
37.836452	10.680752
37.836452	10.853617
40.580225	10.853617
40.580225	11.003752
42.482911	11.003752
42.482911	11.151946
45.042284	11.151946
45.042284	11.333898
46.911416	11.333898
46.911416	11.535680
49.423142	11.535680
49.423142	11.716062
51.412938	11.716062
51.412938	11.847498
54.225760	11.847498
54.225760	11.942396
56.645495	11.942396
56.645495	12.011176
59.996626	12.011176
59.996626	12.062735
62.888013	12.062735
62.888013	12.096350
65.436060	12.096350
65.436060	12.122697
67.704625	12.122697
& cycle # 6, chisq = 3450.204331, e = 34.300525
0.000000	5.519291
0.068525	5.519291
0.068525	9.530682
0.529895	9.530682
0.529895	9.804045
0.764879	9.804045
0.764879	9.877083
1.227181	9.877083
1.227181	9.935528
1.576252	9.935528
1.576252	9.991659
2.336725	9.991659
2.336725	10.043979
2.930540	10.043979
2.930540	10.096790
4.188712	10.096790
4.188712	10.146408
5.172565	10.146408
5.172565	10.196163
7.227386	10.196163
7.227386	10.241784
8.812744	10.241784
8.812744	10.284241
12.003392	10.284241
12.003392	10.319623
14.507042	10.319623
14.507042	10.345785
19.166505	10.345785
19.166505	10.366662
22.677155	10.366662
22.677155	10.395566
28.290157	10.395566
28.290157	10.448138
31.652962	10.448138
31.652962	10.546976
35.518353	10.546976
35.518353	10.695049
37.668225	10.695049
37.668225	10.836722
40.556449	10.836722
40.556449	10.963671
42.556747	10.963671
42.556747	11.121827
45.181403	11.121827
45.181403	11.331742
47.001347	11.331742
47.001347	11.556457
49.443319	11.556457
49.443319	11.741088
51.375183	11.741088
51.375183	11.869520
54.175667	11.869520
54.175667	11.967133
56.582227	11.967133
56.582227	12.043784
59.965955	12.043784
59.965955	12.104905
62.873856	12.104905
62.873856	12.146501
65.432375	12.146501
65.432375	12.179559
67.710661	12.179559
& cycle # 1, chisq = 3987.452506, e = 35.698840
0.000000	5.321719
0.068525	5.321719
0.068525	9.425279
0.529895	9.425279
0.529895	9.730966
0.764879	9.730966
0.764879	9.816227
1.227181	9.816227
1.227181	9.884511
1.576252	9.884511
1.576252	9.949746
2.336725	9.949746
2.336725	10.010139
2.930540	10.010139
2.930540	10.070534
4.188712	10.070534
4.188712	10.126811
5.172565	10.126811
5.172565	10.182700
7.227386	10.182700
7.227386	10.233542
8.812744	10.233542
8.812744	10.280446
12.003392	10.280446
12.003392	10.319230
14.507042	10.319230
14.507042	10.347498
19.166505	10.347498
19.166505	10.369540
22.677155	10.369540
22.677155	10.399444
28.290157	10.399444
28.290157	10.453519
31.652962	10.453519
31.652962	10.554729
35.518353	10.554729
35.518353	10.705477
37.668225	10.705477
37.668225	10.847751
40.556449	10.847751
40.556449	10.972813
42.556747	10.972813
42.556747	11.126933
45.181403	11.126933
45.181403	11.330863
47.001347	11.330863
47.001347	11.548392
49.443319	11.548392
49.443319	11.726244
51.375183	11.726244
51.375183	11.849082
54.175667	11.849082
54.175667	11.941944
56.582227	11.941944
56.582227	12.014603
59.965955	12.014603
59.965955	12.072417
62.873856	12.072417
62.873856	12.111721
65.432375	12.111721
65.432375	12.142980
67.710661	12.142980
& cycle # 2, chisq = 4002.368511, e = 35.698840
0.000000	5.581499
0.068525	5.581499
0.068525	9.557803
0.529895	9.557803
0.529895	9.822467
0.764879	9.822467
0.764879	9.892855
1.227181	9.892855
1.227181	9.949225
1.576252	9.949225
1.576252	10.003462
2.336725	10.003462
2.336725	10.054115
2.930540	10.054115
2.930540	10.105369
4.188712	10.105369
4.188712	10.153628
5.172565	10.153628
5.172565	10.202140
7.227386	10.202140
7.227386	10.246715
8.812744	10.246715
8.812744	10.288294
12.003392	10.288294
12.003392	10.323018
14.507042	10.323018
14.507042	10.348802
19.166505	10.348802
19.166505	10.369515
22.677155	10.369515
22.677155	10.398356
28.290157	10.398356
28.290157	10.450903
31.652962	10.450903
31.652962	10.549823
35.518353	10.549823
35.518353	10.698277
37.668225	10.698277
37.668225	10.840886
40.556449	10.840886
40.556449	10.969379
42.556747	10.969379
42.556747	11.129931
45.181403	11.129931
45.181403	11.343180
47.001347	11.343180
47.001347	11.571623
49.443319	11.571623
49.443319	11.759478
51.375183	11.759478
51.375183	11.890283
54.175667	11.890283
54.175667	11.989735
56.582227	11.989735
56.582227	12.067788
59.965955	12.067788
59.965955	12.129951
62.873856	12.129951
62.873856	12.172178
65.432375	12.172178
65.432375	12.205678
67.710661	12.205678
& cycle # 4, chisq = 3986.788995, e = 35.698840
0.000000	5.599530
0.068525	5.599530
0.068525	9.574766
0.529895	9.574766
0.529895	9.837253
0.764879	9.837253
0.764879	9.906320
1.227181	9.906320
1.227181	9.961436
1.576252	9.961436
1.576252	10.014306
2.336725	10.014306
2.336725	10.063583
2.930540	10.063583
2.930540	10.113348
4.188712	10.113348
4.188712	10.160141
5.172565	10.160141
5.172565	10.207119
7.227386	10.207119
7.227386	10.250246
8.812744	10.250246
8.812744	10.290447
12.003392	10.290447
12.003392	10.324011
14.507042	10.324011
14.507042	10.348934
19.166505	10.348934
19.166505	10.368965
22.677155	10.368965
22.677155	10.396878
28.290157	10.396878
28.290157	10.447758
31.652962	10.447758
31.652962	10.543614
35.518353	10.543614
35.518353	10.687633
37.668225	10.687633
37.668225	10.826363
40.556449	10.826363
40.556449	10.951844
42.556747	10.951844
42.556747	11.108997
45.181403	11.108997
45.181403	11.317906
47.001347	11.317906
47.001347	11.541953
49.443319	11.541953
49.443319	11.726501
51.375183	11.726501
51.375183	11.855361
54.175667	11.855361
54.175667	11.953617
56.582227	11.953617
56.582227	12.031015
59.965955	12.031015
59.965955	12.092970
62.873856	12.092970
62.873856	12.135350
65.432375	12.135350
65.432375	12.169198
67.710661	12.169198
& cycle # 5, chisq = 3977.835818, e = 35.698840
0.000000	5.397513
0.068525	5.397513
0.068525	9.541739
0.529895	9.541739
0.529895	9.826985
0.764879	9.826985
0.764879	9.897782
1.227181	9.897782
1.227181	9.953846
1.576252	9.953846
1.576252	10.007498
2.336725	10.007498
2.336725	10.057504
2.930540	10.057504
2.930540	10.108047
4.188712	10.108047
4.188712	10.155615
5.172565	10.155615
5.172565	10.203416
7.227386	10.203416
7.227386	10.247330
8.812744	10.247330
8.812744	10.288284
12.003392	10.288284
12.003392	10.322478
14.507042	10.322478
14.507042	10.347852
19.166505	10.347852
19.166505	10.368211
22.677155	10.368211
22.677155	10.396530
28.290157	10.396530
28.290157	10.448104
31.652962	10.448104
31.652962	10.545151
35.518353	10.545151
35.518353	10.690706
37.668225	10.690706
37.668225	10.830329
40.556449	10.830329
40.556449	10.955885
42.556747	10.955885
42.556747	11.112611
45.181403	11.112611
45.181403	11.320748
47.001347	11.320748
47.001347	11.543727
49.443319	11.543727
49.443319	11.727159
51.375183	11.727159
51.375183	11.855070
54.175667	11.855070
54.175667	11.952604
56.582227	11.952604
56.582227	12.029581
59.965955	12.029581
59.965955	12.091418
62.873856	12.091418
62.873856	12.133922
65.432375	12.133922
65.432375	12.168009
67.710661	12.168009
& cycle # 6, chisq = 3983.837987, e = 35.698840
0.000000	6.885061
0.052518	6.885061
0.052518	9.723025
0.463425	9.723025
0.463425	9.870108
0.670451	9.870108
0.670451	9.929058
1.094723	9.929058
1.094723	9.978794
1.412960	9.978794
1.412960	10.028270
2.134141	10.028270
2.134141	10.074830
2.692611	10.074830
2.692611	10.122495
3.919777	10.122495
3.919777	10.167373
4.870081	10.167373
4.870081	10.212784
6.925944	10.212784
6.925944	10.254415
8.495401	10.254415
8.495401	10.293339
11.761541	10.293339
11.761541	10.325602
14.298719	10.325602
14.298719	10.349028
19.159721	10.349028
19.159721	10.367490
22.761484	10.367490
22.761484	10.394491
28.548109	10.394491
28.548109	10.446935
31.834473	10.446935
31.834473	10.549649
35.537903	10.549649
35.537903	10.696742
37.568726	10.696742
37.568726	10.817592
40.467597	10.817592
40.467597	10.926005
42.487710	10.926005
42.487710	11.076381
45.166888	11.076381
45.166888	11.286216
46.974494	11.286216
46.974494	11.516403
49.415980	11.516403
49.415980	11.704794
51.325931	11.704794
51.325931	11.835418
54.150900	11.835418
54.150900	11.937555
56.563405	11.937555
56.563405	12.023314
60.004429	12.023314
60.004429	12.101270
62.922997	12.101270
62.922997	12.165335
65.455273	12.165335
65.455273	12.225566
67.678881	12.225566
& cycle # 1, chisq = 4742.302638, e = 37.391645
0.000000	6.896050
0.052518	6.896050
0.052518	9.717573
0.463425	9.717573
0.463425	9.864962
0.670451	9.864962
0.670451	9.924519
1.094723	9.924519
1.094723	9.974815
1.412960	9.974815
1.412960	10.024884
2.134141	10.024884
2.134141	10.072026
2.692611	10.072026
2.692611	10.120316
3.919777	10.120316
3.919777	10.165806
4.870081	10.165806
4.870081	10.211869
6.925944	10.211869
6.925944	10.254123
8.495401	10.254123
8.495401	10.293663
11.761541	10.293663
11.761541	10.326466
14.298719	10.326466
14.298719	10.350332
19.159721	10.350332
19.159721	10.369206
22.761484	10.369206
22.761484	10.396881
28.548109	10.396881
28.548109	10.450654
31.834473	10.450654
31.834473	10.555945
35.537903	10.555945
35.537903	10.706621
37.568726	10.706621
37.568726	10.830107
40.467597	10.830107
40.467597	10.940384
42.487710	10.940384
42.487710	11.092663
45.166888	11.092663
45.166888	11.304154
46.974494	11.304154
46.974494	11.533961
49.415980	11.533961
49.415980	11.718701
51.325931	11.718701
51.325931	11.841882
54.150900	11.841882
54.150900	11.933124
56.563405	11.933124
56.563405	12.003582
60.004429	12.003582
60.004429	12.061264
62.922997	12.061264
62.922997	12.104046
65.455273	12.104046
65.455273	12.141823
67.678881	12.141823
& cycle # 2, chisq = 4765.980860, e = 37.391645
0.000000	6.626866
0.052518	6.626866
0.052518	9.712527
0.463425	9.712527
0.463425	9.871210
0.670451	9.871210
0.670451	9.930557
1.094723	9.930557
1.094723	9.980403
1.412960	9.980403
1.412960	10.029890
2.134141	10.029890
2.134141	10.076421
2.692611	10.076421
2.692611	10.124027
3.919777	10.124027
3.919777	10.168830
4.870081	10.168830
4.870081	10.214144
6.925944	10.214144
6.925944	10.255672
8.495401	10.255672
8.495401	10.294484
11.761541	10.294484
11.761541	10.326646
14.298719	10.326646
14.298719	10.349987
19.159721	10.349987
19.159721	10.368370
22.761484	10.368370
22.761484	10.395244
28.548109	10.395244
28.548109	10.447439
31.834473	10.447439
31.834473	10.549678
35.537903	10.549678
35.537903	10.696123
37.568726	10.696123
37.568726	10.816520
40.467597	10.816520
40.467597	10.924626
42.487710	10.924626
42.487710	11.074639
45.166888	11.074639
45.166888	11.284006
46.974494	11.284006
46.974494	11.513729
49.415980	11.513729
49.415980	11.701781
51.325931	11.701781
51.325931	11.832176
54.150900	11.832176
54.150900	11.934078
56.563405	11.934078
56.563405	12.019531
60.004429	12.019531
60.004429	12.097073
62.922997	12.097073
62.922997	12.160693
65.455273	12.160693
65.455273	12.220447
67.678881	12.220447
& cycle # 4, chisq = 4741.997047, e = 37.391645
0.000000	6.586031
0.052518	6.586031
0.052518	9.703562
0.463425	9.703562
0.463425	9.865272
0.670451	9.865272
0.670451	9.925461
1.094723	9.925461
1.094723	9.975982
1.412960	9.975982
1.412960	10.026103
2.134141	10.026103
2.134141	10.073203
2.692611	10.073203
2.692611	10.121355
3.919777	10.121355
3.919777	10.166641
4.870081	10.166641
4.870081	10.212411
6.925944	10.212411
6.925944	10.254331
8.495401	10.254331
8.495401	10.293485
11.761541	10.293485
11.761541	10.325909
14.298719	10.325909
14.298719	10.349412
19.159721	10.349412
19.159721	10.367886
22.761484	10.367886
22.761484	10.394847
28.548109	10.394847
28.548109	10.447190
31.834473	10.447190
31.834473	10.549684
35.537903	10.549684
35.537903	10.696428
37.568726	10.696428
37.568726	10.816928
40.467597	10.816928
40.467597	10.924969
42.487710	10.924969
42.487710	11.074824
45.166888	11.074824
45.166888	11.283979
46.974494	11.283979
46.974494	11.513519
49.415980	11.513519
49.415980	11.701526
51.325931	11.701526
51.325931	11.832080
54.150900	11.832080
54.150900	11.934344
56.563405	11.934344
56.563405	12.020420
60.004429	12.020420
60.004429	12.098876
62.922997	12.098876
62.922997	12.163510
65.455273	12.163510
65.455273	12.224362
67.678881	12.224362
& cycle # 5, chisq = 4742.138957, e = 37.391645
0.000000	6.906538
0.052518	6.906538
0.052518	9.831723
0.463425	9.831723
0.463425	9.962031
0.670451	9.962031
0.670451	10.009266
1.094723	10.009266
1.094723	10.048999
1.412960	10.048999
1.412960	10.088661
2.134141	10.088661
2.134141	10.126185
2.692611	10.126185
2.692611	10.164892
3.919777	10.164892
3.919777	10.201588
4.870081	10.201588
4.870081	10.239037
6.925944	10.239037
6.925944	10.273621
8.495401	10.273621
8.495401	10.306249
11.761541	10.306249
11.761541	10.333549
14.298719	10.333549
14.298719	10.353788
19.159721	10.353788
19.159721	10.370311
22.761484	10.370311
22.761484	10.395198
28.548109	10.395198
28.548109	10.443954
31.834473	10.443954
31.834473	10.540235
35.537903	10.540235
35.537903	10.679830
37.568726	10.679830
37.568726	10.798337
40.467597	10.798337
40.467597	10.909046
42.487710	10.909046
42.487710	11.065007
45.166888	11.065007
45.166888	11.283474
46.974494	11.283474
46.974494	11.524106
49.415980	11.524106
49.415980	11.721875
51.325931	11.721875
51.325931	11.859285
54.150900	11.859285
54.150900	11.966085
56.563405	11.966085
56.563405	12.054307
60.004429	12.054307
60.004429	12.132767
62.922997	12.132767
62.922997	12.195916
65.455273	12.195916
65.455273	12.254542
67.678881	12.254542
& cycle # 6, chisq = 4720.833256, e = 37.391645
0.000000	6.077734
0.061386	6.077734
0.061386	9.598592
0.501185	9.598592
0.501185	9.810197
0.724137	9.810197
0.724137	9.879599
1.170222	9.879599
1.170222	9.936895
1.506126	9.936895
1.506126	9.992948
2.249932	9.992948
2.249932	10.045453
2.828745	10.045453
2.828745	10.098744
4.073718	10.098744
4.073718	10.148817
5.043341	10.148817
5.043341	10.199147
7.098098	10.199147
7.098098	10.245235
8.676488	10.245235
8.676488	10.288145
11.897307	10.288145
11.897307	10.323781
14.414233	10.323781
14.414233	10.349777
19.157310	10.349777
19.157310	10.370003
22.711347	10.370003
22.711347	10.398082
28.417287	10.398082
28.417287	10.450502
31.765520	10.450502
31.765520	10.551750
35.569623	10.551750
35.569623	10.703428
37.653671	10.703428
37.653671	10.839748
40.513642	10.839748
40.513642	10.956336
42.510260	10.956336
42.510260	11.103975
45.162305	11.103975
45.162305	11.303675
46.990508	11.303675
46.990508	11.522090
49.450728	11.522090
49.450728	11.703831
51.383152	11.703831
51.383152	11.830468
54.202694	11.830468
54.202694	11.928002
56.616317	11.928002
56.616317	12.010159
60.019554	12.010159
60.019554	12.086661
62.910218	12.086661
62.910218	12.150745
65.420620	12.150745
65.420620	12.210617
67.628555	12.210617
& cycle # 1, chisq = 4307.629488, e = 36.397078
0.000000	5.991564
0.061386	5.991564
0.061386	9.587342
0.501185	9.587342
0.501185	9.807533
0.724137	9.807533
0.724137	9.878380
1.170222	9.878380
1.170222	9.936589
1.506126	9.936589
1.506126	9.993280
2.249932	9.993280
2.249932	10.046203
2.828745	10.046203
2.828745	10.099728
4.073718	10.099728
4.073718	10.149885
5.043341	10.149885
5.043341	10.200161
7.098098	10.200161
7.098098	10.246111
8.676488	10.246111
8.676488	10.288819
11.897307	10.288819
11.897307	10.324257
14.414233	10.324257
14.414233	10.350100
19.157310	10.350100
19.157310	10.370209
22.711347	10.370209
22.711347	10.398144
28.417287	10.398144
28.417287	10.450325
31.765520	10.450325
31.765520	10.551188
35.569623	10.551188
35.569623	10.702472
37.653671	10.702472
37.653671	10.838844
40.513642	10.838844
40.513642	10.955939
42.510260	10.955939
42.510260	11.104404
45.162305	11.104404
45.162305	11.305036
46.990508	11.305036
46.990508	11.523918
49.450728	11.523918
49.450728	11.705082
51.383152	11.705082
51.383152	11.829721
54.202694	11.829721
54.202694	11.923881
56.616317	11.923881
56.616317	12.000952
60.019554	12.000952
60.019554	12.070521
62.910218	12.070521
62.910218	12.127270
65.420620	12.127270
65.420620	12.179464
67.628555	12.179464
& cycle # 2, chisq = 4311.207817, e = 36.397078
0.000000	6.228045
0.061386	6.228045
0.061386	9.928398
0.501185	9.928398
0.501185	10.096213
0.724137	10.096213
0.724137	10.131906
1.170222	10.131906
1.170222	10.159910
1.506126	10.159910
1.506126	10.186971
2.249932	10.186971
2.249932	10.212492
2.828745	10.212492
2.828745	10.238849
4.073718	10.238849
4.073718	10.264085
5.043341	10.264085
5.043341	10.290091
7.098098	10.290091
7.098098	10.314458
8.676488	10.314458
8.676488	10.337829
11.897307	10.337829
11.897307	10.357882
14.414233	10.357882
14.414233	10.373597
19.157310	10.373597
19.157310	10.387330
22.711347	10.387330
22.711347	10.408341
28.417287	10.408341
28.417287	10.448714
31.765520	10.448714
31.765520	10.528708
35.569623	10.528708
35.569623	10.652821
37.653671	10.652821
37.653671	10.774083
40.513642	10.774083
40.513642	10.889815
42.510260	10.889815
42.510260	11.044137
45.162305	11.044137
45.162305	11.255201
46.990508	11.255201
46.990508	11.488375
49.450728	11.488375
49.450728	11.684450
51.383152	11.684450
51.383152	11.822210
54.202694	11.822210
54.202694	11.927690
56.616317	11.927690
56.616317	12.014554
60.019554	12.014554
60.019554	12.093126
62.910218	12.093126
62.910218	12.157250
65.420620	12.157250
65.420620	12.216203
67.628555	12.216203
& cycle # 3, chisq = 4251.771165, e = 36.397078
0.000000	5.820028
0.061386	5.820028
0.061386	9.593165
0.501185	9.593165
0.501185	9.823036
0.724137	9.823036
0.724137	9.891173
1.170222	9.891173
1.170222	9.946905
1.506126	9.946905
1.506126	10.001267
2.249932	10.001267
2.249932	10.052180
2.828745	10.052180
2.828745	10.103896
4.073718	10.103896
4.073718	10.152539
5.043341	10.152539
5.043341	10.201499
7.098098	10.201499
7.098098	10.246386
8.676488	10.246386
8.676488	10.288238
11.897307	10.288238
11.897307	10.323050
14.414233	10.323050
14.414233	10.348533
19.157310	10.348533
19.157310	10.368479
22.711347	10.368479
22.711347	10.396326
28.417287	10.396326
28.417287	10.448411
31.765520	10.448411
31.765520	10.549195
35.569623	10.549195
35.569623	10.700579
37.653671	10.700579
37.653671	10.837567
40.513642	10.837567
40.513642	10.955905
42.510260	10.955905
42.510260	11.106599
45.162305	11.106599
45.162305	11.310813
46.990508	11.310813
46.990508	11.534728
49.450728	11.534728
49.450728	11.721738
51.383152	11.721738
51.383152	11.852855
54.202694	11.852855
54.202694	11.954470
56.616317	11.954470
56.616317	12.040638
60.019554	12.040638
60.019554	12.121364
62.910218	12.121364
62.910218	12.189307
65.420620	12.189307
65.420620	12.252946
67.628555	12.252946
& cycle # 4, chisq = 4301.765729, e = 36.397078
0.000000	5.740311
0.061386	5.740311
0.061386	9.560428
0.501185	9.560428
0.501185	9.800766
0.724137	9.800766
0.724137	9.872444
1.170222	9.872444
1.170222	9.930990
1.506126	9.930990
1.506126	9.987933
2.249932	9.987933
2.249932	10.041106
2.828745	10.041106
2.828745	10.094917
4.073718	10.094917
4.073718	10.145368
5.043341	10.145368
5.043341	10.195957
7.098098	10.195957
7.098098	10.242197
8.676488	10.242197
8.676488	10.285167
11.897307	10.285167
11.897307	10.320807
14.414233	10.320807
14.414233	10.346761
19.157310	10.346761
19.157310	10.366903
22.711347	10.366903
22.711347	10.394819
28.417287	10.394819
28.417287	10.446935
31.765520	10.446935
31.765520	10.547657
35.569623	10.547657
35.569623	10.698714
37.653671	10.698714
37.653671	10.834894
40.513642	10.834894
40.513642	10.951924
42.510260	10.951924
42.510260	11.100594
45.162305	11.100594
45.162305	11.302015
46.990508	11.302015
46.990508	11.522883
49.450728	11.522883
49.450728	11.707430
51.383152	11.707430
51.383152	11.837018
54.202694	11.837018
54.202694	11.937731
56.616317	11.937731
56.616317	12.023520
60.019554	12.023520
60.019554	12.104288
62.910218	12.104288
62.910218	12.172557
65.420620	12.172557
65.420620	12.236671
67.628555	12.236671
& cycle # 5, chisq = 4301.745025, e = 36.397078
0.000000	6.625061
0.054148	6.625061
0.054148	9.620423
0.470641	9.620423
0.470641	9.794512
0.680724	9.794512
0.680724	9.863174
1.109273	9.863174
1.109273	9.921053
1.430959	9.921053
1.430959	9.978493
2.156713	9.978493
2.156713	10.032478
2.719254	10.032478
2.719254	10.087585
3.950281	10.087585
3.950281	10.139373
4.904628	10.139373
4.904628	10.191601
6.961024	10.191601
6.961024	10.239375
8.532769	10.239375
8.532769	10.283879
11.791293	10.283879
11.791293	10.320651
14.325398	10.320651
14.325398	10.347207
19.163421	10.347207
19.163421	10.368004
22.752567	10.368004
22.752567	10.398052
28.510600	10.398052
28.510600	10.455696
31.799885	10.455696
31.799885	10.566800
35.523156	10.566800
35.523156	10.723821
37.576887	10.723821
37.576887	10.852110
40.491914	10.852110
40.491914	10.966072
42.515611	10.966072
42.515611	11.121997
45.184543	11.121997
45.184543	11.336564
46.986502	11.336564
46.986502	11.565938
49.421650	11.565938
49.421650	11.747721
51.333742	11.747721
51.333742	11.868259
54.159026	11.868259
54.159026	11.957021
56.574581	11.957021
56.574581	12.023851
60.014589	12.023851
60.014589	12.076542
62.933155	12.076542
62.933155	12.114876
65.460835	12.114876
65.460835	12.149289
67.671185	12.149289
& cycle # 1, chisq = 4696.130609, e = 37.199597
0.000000	6.690428
0.054148	6.690428
0.054148	9.684328
0.470641	9.684328
0.470641	9.846741
0.680724	9.846741
0.680724	9.908686
1.109273	9.908686
1.109273	9.960854
1.430959	9.960854
1.430959	10.012692
2.156713	10.012692
2.156713	10.061502
2.719254	10.061502
2.719254	10.111464
3.950281	10.111464
3.950281	10.158538
4.904628	10.158538
4.904628	10.206166
6.961024	10.206166
6.961024	10.249856
8.532769	10.249856
8.532769	10.290699
11.791293	10.290699
11.791293	10.324569
14.325398	10.324569
14.325398	10.349228
19.163421	10.349228
19.163421	10.368810
22.752567	10.368810
22.752567	10.397445
28.510600	10.397445
28.510600	10.452579
31.799885	10.452579
31.799885	10.559223
35.523156	10.559223
35.523156	10.710761
37.576887	10.710761
37.576887	10.836389
40.491914	10.836389
40.491914	10.950105
42.515611	10.950105
42.515611	11.106861
45.184543	11.106861
45.184543	11.322953
46.986502	11.322953
46.986502	11.554360
49.421650	11.554360
49.421650	11.738038
51.333742	11.738038
51.333742	11.859775
54.159026	11.859775
54.159026	11.948889
56.574581	11.948889
56.574581	12.014959
60.014589	12.014959
60.014589	12.065765
62.933155	12.065765
62.933155	12.101658
65.460835	12.101658
65.460835	12.133280
67.671185	12.133280
& cycle # 2, chisq = 4683.469283, e = 37.199597
0.000000	7.018179
0.054148	7.018179
0.054148	10.283042
0.470641	10.283042
0.470641	10.396235
0.680724	10.396235
0.680724	10.422621
1.109273	10.422621
1.109273	10.444014
1.430959	10.444014
1.430959	10.465222
2.156713	10.465222
2.156713	10.485440
2.719254	10.485440
2.719254	10.506597
3.950281	10.506597
3.950281	10.526969
4.904628	10.526969
4.904628	10.548155
6.961024	10.548155
6.961024	10.568068
8.532769	10.568068
8.532769	10.587256
11.791293	10.587256
11.791293	10.603682
14.325398	10.603682
14.325398	10.616489
19.163421	10.616489
19.163421	10.627813
22.752567	10.627813
22.752567	10.645786
28.510600	10.645786
28.510600	10.681140
31.799885	10.681140
31.799885	10.750749
35.523156	10.750749
35.523156	10.852162
37.576887	10.852162
37.576887	10.941613
40.491914	10.941613
40.491914	11.028487
42.515611	11.028487
42.515611	11.150827
45.184543	11.150827
45.184543	11.319377
46.986502	11.319377
46.986502	11.498921
49.421650	11.498921
49.421650	11.639930
51.333742	11.639930
51.333742	11.731402
54.159026	11.731402
54.159026	11.796603
56.574581	11.796603
56.574581	11.842998
60.014589	11.842998
60.014589	11.876565
62.933155	11.876565
62.933155	11.898603
65.460835	11.898603
65.460835	11.917114
67.671185	11.917114
& cycle # 3, chisq = 5563.740699, e = 37.199597
0.000000	6.586193
0.054148	6.586193
0.054148	9.762914
0.470641	9.762914
0.470641	9.918682
0.680724	9.918682
0.680724	9.971315
1.109273	9.971315
1.109273	10.015322
1.430959	10.015322
1.430959	10.059046
2.156713	10.059046
2.156713	10.100328
2.719254	10.100328
2.719254	10.142783
3.950281	10.142783
3.950281	10.182971
4.904628	10.182971
4.904628	10.223873
6.961024	10.223873
6.961024	10.261592
8.532769	10.261592
8.532769	10.297086
11.791293	10.297086
11.791293	10.326727
14.325398	10.326727
14.325398	10.348647
19.163421	10.348647
19.163421	10.366521
22.752567	10.366521
22.752567	10.393244
28.510600	10.393244
28.510600	10.445044
31.799885	10.445044
31.799885	10.545913
35.523156	10.545913
35.523156	10.690711
37.576887	10.690711
37.576887	10.814027
40.491914	10.814027
40.491914	10.929462
42.515611	10.929462
42.515611	11.090804
45.184543	11.090804
45.184543	11.314240
46.986502	11.314240
46.986502	11.555033
49.421650	11.555033
49.421650	11.747933
51.333742	11.747933
51.333742	11.877631
54.159026	11.877631
54.159026	11.973798
56.574581	11.973798
56.574581	12.046184
60.014589	12.046184
60.014589	12.102980
62.933155	12.102980
62.933155	12.144011
65.460835	12.144011
65.460835	12.180646
67.671185	12.180646
& cycle # 4, chisq = 4657.063854, e = 37.199597
0.000000	6.680747
0.054148	6.680747
0.054148	9.600344
0.470641	9.600344
0.470641	9.776604
0.680724	9.776604
0.680724	9.848134
1.109273	9.848134
1.109273	9.908334
1.430959	9.908334
1.430959	9.967881
2.156713	9.967881
2.156713	10.023672
2.719254	10.023672
2.719254	10.080408
3.950281	10.080408
3.950281	10.133563
4.904628	10.133563
4.904628	10.186985
6.961024	10.186985
6.961024	10.235720
8.532769	10.235720
8.532769	10.280994
11.791293	10.280994
11.791293	10.318323
14.325398	10.318323
14.325398	10.345193
19.163421	10.345193
19.163421	10.366132
22.752567	10.366132
22.752567	10.396274
28.510600	10.396274
28.510600	10.454073
31.799885	10.454073
31.799885	10.565505
35.523156	10.565505
35.523156	10.723103
37.576887	10.723103
37.576887	10.852153
40.491914	10.852153
40.491914	10.967178
42.515611	10.967178
42.515611	11.124890
45.184543	11.124890
45.184543	11.342225
46.986502	11.342225
46.986502	11.575130
49.421650	11.575130
49.421650	11.760478
51.333742	11.760478
51.333742	11.884350
54.159026	11.884350
54.159026	11.976449
56.574581	11.976449
56.574581	12.046844
60.014589	12.046844
60.014589	12.103567
62.933155	12.103567
62.933155	12.145855
65.460835	12.145855
65.460835	12.184411
67.671185	12.184411
& cycle # 5, chisq = 4690.419852, e = 37.199597
0.000000	6.154522
0.060957	6.154522
0.060957	9.660719
0.499338	9.660719
0.499338	9.859402
0.721510	9.859402
0.721510	9.922093
1.166489	9.922093
1.166489	9.973692
1.501504	9.973692
1.501504	10.024189
2.244077	10.024189
2.244077	10.071561
2.821808	10.071561
2.821808	10.119781
4.065592	10.119781
4.065592	10.165212
5.034053	10.165212
5.034053	10.211047
7.088159	10.211047
7.088159	10.253154
8.665629	10.253154
8.665629	10.292523
11.887274	10.292523
11.887274	10.325361
14.404217	10.325361
14.404217	10.349538
19.150947	10.349538
19.150947	10.368649
22.706577	10.368649
22.706577	10.395604
28.416562	10.395604
28.416562	10.446247
31.762875	10.446247
31.762875	10.544649
35.561520	10.544649
35.561520	10.693084
37.639582	10.693084
37.639582	10.828396
40.492056	10.828396
40.492056	10.946747
42.482071	10.946747
42.482071	11.098402
45.125430	11.098402
45.125430	11.303597
46.947414	11.303597
46.947414	11.527321
49.402924	11.527321
49.402924	11.712652
51.333455	11.712652
51.333455	11.840931
54.153455	11.840931
54.153455	11.937850
56.568950	11.937850
56.568950	12.015110
59.982669	12.015110
59.982669	12.081719
62.889507	12.081719
62.889507	12.134705
65.417028	12.134705
65.417028	12.184353
67.637717	12.184353
& cycle # 1, chisq = 4325.389616, e = 36.439509
0.000000	5.931996
0.060957	5.931996
0.060957	9.512209
0.499338	9.512209
0.499338	9.745712
0.721510	9.745712
0.721510	9.825353
1.166489	9.825353
1.166489	9.891049
1.501504	9.891049
1.501504	9.955001
2.244077	9.955001
2.244077	10.014552
2.821808	10.014552
2.821808	10.074548
4.065592	10.074548
4.065592	10.130548
5.034053	10.130548
5.034053	10.186417
7.088159	10.186417
7.088159	10.237261
8.665629	10.237261
8.665629	10.284290
11.887274	10.284290
11.887274	10.323126
14.404217	10.323126
14.404217	10.351164
19.150947	10.351164
19.150947	10.372602
22.706577	10.372602
22.706577	10.401956
28.416562	10.401956
28.416562	10.456648
31.762875	10.456648
31.762875	10.562221
35.561520	10.562221
35.561520	10.720047
37.639582	10.720047
37.639582	10.860714
40.492056	10.860714
40.492056	10.979830
42.482071	10.979830
42.482071	11.129912
45.125430	11.129912
45.125430	11.332018
46.947414	11.332018
46.947414	11.551081
49.402924	11.551081
49.402924	11.731000
51.333455	11.731000
51.333455	11.853756
54.153455	11.853756
54.153455	11.945118
56.568950	11.945118
56.568950	12.016598
59.982669	12.016598
59.982669	12.076880
62.889507	12.076880
62.889507	12.123832
65.417028	12.123832
65.417028	12.167302
67.637717	12.167302
& cycle # 2, chisq = 4353.876513, e = 36.439509
0.000000	5.571167
0.060957	5.571167
0.060957	8.759296
0.499338	8.759296
0.499338	8.986872
0.721510	8.986872
0.721510	9.091802
1.166489	9.091802
1.166489	9.191460
1.501504	9.191460
1.501504	9.304440
2.244077	9.304440
2.244077	9.423222
2.821808	9.423222
2.821808	9.559943
4.065592	9.559943
4.065592	9.701071
5.034053	9.701071
5.034053	9.856354
7.088159	9.856354
7.088159	10.006532
8.665629	10.006532
8.665629	10.150766
11.887274	10.150766
11.887274	10.269151
14.404217	10.269151
14.404217	10.347339
19.150947	10.347339
19.150947	10.395266
22.706577	10.395266
22.706577	10.445633
28.416562	10.445633
28.416562	10.532186
31.762875	10.532186
31.762875	10.691174
35.561520	10.691174
35.561520	10.914810
37.639582	10.914810
37.639582	11.083796
40.492056	11.083796
40.492056	11.190349
42.482071	11.190349
42.482071	11.302370
45.125430	11.302370
45.125430	11.447923
46.947414	11.447923
46.947414	11.600595
49.402924	11.600595
49.402924	11.720735
51.333455	11.720735
51.333455	11.797829
54.153455	11.797829
54.153455	11.852809
56.568950	11.852809
56.568950	11.894895
59.982669	11.894895
59.982669	11.930015
62.889507	11.930015
62.889507	11.957224
65.417028	11.957224
65.417028	11.982410
67.637717	11.982410
& cycle # 3, chisq = 4628.032664, e = 36.439509
0.000000	5.811830
0.060957	5.811830
0.060957	9.575025
0.499338	9.575025
0.499338	9.806234
0.721510	9.806234
0.721510	9.876107
1.166489	9.876107
1.166489	9.933445
1.501504	9.933445
1.501504	9.989484
2.244077	9.989484
2.244077	10.041999
2.821808	10.041999
2.821808	10.095367
4.065592	10.095367
4.065592	10.145558
5.034053	10.145558
5.034053	10.196069
7.088159	10.196069
7.088159	10.242356
8.665629	10.242356
8.665629	10.285488
11.887274	10.285488
11.887274	10.321326
14.404217	10.321326
14.404217	10.347480
19.150947	10.347480
19.150947	10.367833
22.706577	10.367833
22.706577	10.396135
28.416562	10.396135
28.416562	10.449074
31.762875	10.449074
31.762875	10.551526
35.561520	10.551526
35.561520	10.705197
37.639582	10.705197
37.639582	10.843308
40.492056	10.843308
40.492056	10.961691
42.482071	10.961691
42.482071	11.111832
45.125430	11.111832
45.125430	11.314450
46.947414	11.314450
46.947414	11.534745
49.402924	11.534745
49.402924	11.716604
51.333455	11.716604
51.333455	11.841955
54.153455	11.841955
54.153455	11.936515
56.568950	11.936515
56.568950	12.012014
59.982669	12.012014
59.982669	12.077335
62.889507	12.077335
62.889507	12.129494
65.417028	12.129494
65.417028	12.178485
67.637717	12.178485
& cycle # 4, chisq = 4341.396233, e = 36.439509
0.000000	6.169501
0.060957	6.169501
0.060957	9.590352
0.499338	9.590352
0.499338	9.797432
0.721510	9.797432
0.721510	9.868480
1.166489	9.868480
1.166489	9.927272
1.501504	9.927272
1.501504	9.984760
2.244077	9.984760
2.244077	10.038516
2.821808	10.038516
2.821808	10.092958
4.065592	10.092958
4.065592	10.144003
5.034053	10.144003
5.034053	10.195196
7.088159	10.195196
7.088159	10.241983
8.665629	10.241983
8.665629	10.285464
11.887274	10.285464
11.887274	10.321517
14.404217	10.321517
14.404217	10.347746
19.150947	10.347746
19.150947	10.368060
22.706577	10.368060
22.706577	10.396199
28.416562	10.396199
28.416562	10.448795
31.762875	10.448795
31.762875	10.550576
35.561520	10.550576
35.561520	10.703257
37.639582	10.703257
37.639582	10.840537
40.492056	10.840537
40.492056	10.958311
42.482071	10.958311
42.482071	11.107809
45.125430	11.107809
45.125430	11.309704
46.947414	11.309704
46.947414	11.529486
49.402924	11.529486
49.402924	11.711307
51.333455	11.711307
51.333455	11.837151
54.153455	11.837151
54.153455	11.932589
56.568950	11.932589
56.568950	12.009389
59.982669	12.009389
59.982669	12.076477
62.889507	12.076477
62.889507	12.130541
65.417028	12.130541
65.417028	12.181594
67.637717	12.181594
& cycle # 5, chisq = 4336.063341, e = 36.439509
