18.000000	389.264379
17.148600	385.261274
16.844400	381.253088
16.695000	377.228855
16.585200	373.167043
16.495200	369.105842
16.417800	365.092350
16.347600	361.038011
16.282800	356.958871
16.221600	352.834904
16.164000	348.738776
16.110000	344.728791
16.057800	340.710439
16.005600	336.567138
15.955200	332.466038
15.906600	328.438185
15.858000	324.359823
15.809400	320.250808
15.760800	316.127904
15.712200	312.005080
15.663600	307.895480
15.615000	303.813647
15.566400	299.776488
15.516000	295.656666
15.465600	291.624398
15.413400	287.557896
15.359400	283.482697
15.303600	279.423231
15.246000	275.405136
15.184800	271.341946
15.120000	267.290194
15.049800	263.212471
14.974200	259.197411
14.889600	255.165536
14.792400	251.117794
14.677200	247.109302
14.526000	243.086191
14.283000	239.073771
11.730600	235.072899
11.266200	231.053596
11.080800	227.040326
10.947600	222.979115
10.843200	218.969833
10.755000	214.935254
10.677600	210.876686
10.607400	206.774539
10.544400	202.756053
10.485000	198.675222
10.429200	194.577398
10.377000	190.501927
10.328400	186.486714
10.281600	182.410607
10.236600	178.292724
10.193400	174.156145
10.152000	170.026903
10.112400	165.932236
10.074600	161.898711
10.036800	157.750691
10.000800	153.700223
9.964800	149.557229
9.930600	145.538520
9.896400	141.439939
9.862200	137.260523
9.829800	133.224274
9.797400	129.110315
9.765000	124.915479
9.734400	120.876958
9.703800	116.762469
9.673200	112.572006
9.644400	108.560186
9.615600	104.485680
9.586800	100.353157
0.000000	0.000000
& cycle # 1, chisq = 4224.256506, e = 36.260043
18.000000	377.646527
17.978400	373.476868
17.955000	369.383895
17.928000	365.147192
17.899200	361.138730
17.865000	356.977379
17.825400	352.839290
17.778600	348.739450
17.722800	344.733650
17.652600	340.725544
17.560800	336.699143
17.438400	332.648551
17.283600	328.605315
17.112600	324.582593
16.947000	320.537902
16.799400	316.529490
16.666200	312.517038
16.543800	308.482639
16.428600	304.452219
16.317000	300.393191
16.207200	296.335769
16.097400	292.334549
15.982200	288.291875
15.859800	284.288277
15.721200	280.287822
15.550200	276.270210
15.285600	272.258322
14.151600	268.242341
13.863600	264.212369
13.665600	260.185290
13.498200	256.157702
13.341600	252.127834
13.186800	248.097872
13.026600	244.082132
12.846600	240.075307
12.616200	236.051515
12.025800	232.049906
11.205000	228.022988
11.030400	223.983004
10.906200	219.952018
10.807200	215.937843
10.722600	211.895609
10.647000	207.800860
10.578600	203.715215
10.515600	199.642882
10.456200	195.535181
10.400400	191.435835
10.348200	187.383025
10.297800	183.263536
10.251000	179.253661
10.206000	175.231691
10.162800	171.222657
10.119600	167.077817
10.078200	162.989200
10.038600	158.982458
9.999000	154.891761
9.959400	150.725052
9.921600	146.681708
9.883800	142.575852
9.846000	138.406898
9.810000	134.375523
9.774000	130.281679
9.738000	126.122635
9.703800	122.109846
9.669600	118.037647
9.635400	113.909264
9.601200	109.730741
9.567000	105.510907
9.534600	101.485167
0.000000	0.000000
& cycle # 2, chisq = 4240.142382, e = 36.260043
18.000000	380.011376
17.470800	376.001399
16.660800	371.998776
16.506000	367.989909
16.398000	363.914790
16.311600	359.862620
16.237800	355.857879
16.171200	351.846380
16.108200	347.732665
16.050600	343.719951
15.994800	339.623236
15.940800	335.486746
15.888600	331.355122
15.838200	327.268657
15.789600	323.259896
15.741000	319.202555
15.692400	315.112929
15.643800	311.007636
15.595200	306.905437
15.546600	302.827458
15.498000	298.795643
15.447600	294.685014
15.397200	290.664736
15.345000	286.611559
15.291000	282.550708
15.235200	278.509974
15.175800	274.400652
15.114600	270.395984
15.048000	266.325618
14.976000	262.280031
14.896800	258.260905
14.806800	254.235312
14.700600	250.216658
14.563800	246.176083
14.355000	242.166203
13.082400	238.163277
12.290400	234.161084
11.149200	230.138722
10.967400	226.112751
10.845000	222.045355
10.751400	218.013749
10.674000	214.005348
10.605600	209.928503
10.544400	205.842712
10.488600	201.744512
10.438200	197.723142
10.391400	193.702361
10.346400	189.561151
10.305000	185.500839
10.265400	181.383306
10.227600	177.233772
10.191600	173.079886
10.157400	168.950727
10.125000	164.875625
10.092600	160.643935
10.062000	156.506169
10.033200	152.488883
10.004400	148.354356
9.975600	144.103956
9.948600	140.014495
9.921600	135.823408
9.896400	131.819072
9.871200	127.723728
9.846000	123.535321
9.820800	119.251384
9.797400	115.185536
9.774000	111.032773
9.750600	106.791013
9.727200	102.458468
0.000000	0.000000
& cycle # 4, chisq = 4204.661833, e = 36.260043
18.000000	339.289849
17.881200	335.263088
17.046000	331.256527
16.734600	327.221463
16.574400	323.217180
16.453800	319.202713
16.353000	315.201318
16.263000	311.157379
16.180200	307.101658
16.102800	303.073216
16.029000	299.055757
15.957000	295.008110
15.886800	290.987747
15.816600	286.946290
15.746400	282.927332
15.674400	278.863510
15.600600	274.795049
15.525000	270.775021
15.444000	266.688915
15.357600	262.630691
15.264000	258.615211
15.157800	254.569951
15.031800	250.527484
14.868000	246.504465
14.594400	242.491403
13.102200	238.486273
11.545200	234.479571
11.232000	230.478798
11.064600	226.443200
10.940400	222.412690
10.839600	218.385671
10.753200	214.331954
10.677600	210.310486
10.609200	206.294440
10.546200	202.286575
10.486800	198.240304
10.431000	194.199847
10.377000	190.060806
10.326600	185.985307
10.278000	181.853844
10.233000	177.848958
10.189800	173.843201
10.146600	169.684945
10.105200	165.564925
10.065600	161.509465
10.026000	157.351122
9.988200	153.293319
9.950400	149.154549
9.914400	145.140312
9.878400	141.055615
9.842400	136.898702
9.808200	132.879763
9.774000	128.789270
9.739800	124.624036
9.707400	120.607168
9.675000	116.521126
9.642600	112.367750
9.610200	108.151225
9.579600	104.116866
9.549000	100.039323
0.000000	0.000000
& cycle # 5, chisq = 4227.310367, e = 36.260043
18.000000	403.132721
17.510400	399.112393
17.280000	395.085573
17.132400	391.076485
17.019000	387.072802
16.923600	383.035124
16.840800	379.014834
16.765200	374.943157
16.696800	370.937524
16.632000	366.864748
16.570800	362.786116
16.513200	358.764351
16.457400	354.717662
16.403400	350.672050
16.351200	346.650016
16.299000	342.532481
16.248600	338.484543
16.198200	334.385293
16.147800	330.252122
16.099200	326.246874
16.050600	322.231987
16.002000	318.217665
15.953400	314.216964
15.903000	310.099413
15.852600	306.031784
15.802200	302.029719
15.750000	297.965938
15.696000	293.858290
15.642000	289.857434
15.586200	285.847379
15.526800	281.734357
15.465600	277.683708
15.400800	273.617373
15.332400	269.581222
15.258600	265.522884
15.179400	261.513453
15.091200	257.481995
14.990400	253.442786
14.871600	249.426751
14.722200	245.415058
14.504400	241.412493
13.028400	237.412451
11.444400	233.408314
11.221200	229.385807
11.068200	225.333523
10.947600	221.301027
10.846800	217.274482
10.758600	213.200499
10.681200	209.182292
10.609200	205.076440
10.542600	200.971656
10.481400	196.942666
10.423800	192.920870
10.368000	188.801759
10.315800	184.738428
10.265400	180.614070
10.218600	176.604055
10.173600	172.586367
10.130400	168.585824
10.087200	164.453341
10.045800	160.378704
10.004400	156.201137
9.964800	152.115461
9.925200	147.945777
9.887400	143.887828
9.849600	139.751812
9.813600	135.736463
9.777600	131.642200
9.741600	127.464722
9.707400	123.416199
9.673200	119.288977
9.639000	115.084752
9.606600	111.034876
9.574200	106.926259
9.541800	102.767267
0.000000	0.000000
& cycle # 6, chisq = 4238.134260, e = 36.260043
18.000000	389.264379
16.599600	385.247926
16.405200	381.213060
16.282800	377.185972
16.185600	373.113749
16.102800	369.051556
16.029000	364.983293
15.962400	360.966698
15.899400	356.893582
15.840000	352.840723
15.782400	348.741162
15.726600	344.631954
15.672600	340.544330
15.620400	336.507834
15.568200	332.409758
15.516000	328.275357
15.465600	324.273227
15.413400	320.140039
15.361200	316.037900
15.309000	311.982907
15.255000	307.854108
15.201000	303.811058
15.145200	299.745729
15.087600	295.693994
15.028200	291.693177
14.965200	287.666142
14.898600	283.664566
14.826600	279.645105
14.747400	275.606994
14.659200	271.605345
14.554800	267.559326
14.425200	263.536854
14.239800	259.506849
13.190400	255.504367
12.400200	251.496196
11.167200	247.486895
10.969200	243.453507
10.848600	239.403166
10.758600	235.352435
10.684800	231.278025
10.621800	227.221909
10.566000	223.162803
10.515600	219.103336
10.468800	214.983928
10.425600	210.866876
10.386000	206.813531
10.348200	202.682395
10.312200	198.499110
10.278000	194.291382
10.245600	190.088825
10.215000	185.922412
10.186200	181.823705
10.157400	177.551981
10.130400	173.390076
10.105200	169.368964
10.080000	165.216784
10.054800	160.934592
10.031400	156.842790
10.008000	152.640531
9.984600	148.328296
9.963000	144.250280
9.941400	140.078453
9.919800	135.812248
9.898200	131.450738
9.878400	127.367881
9.858600	123.202653
9.838800	118.953651
9.819000	114.619337
9.801000	110.603663
9.783000	106.514935
9.765000	102.351986
0.000000	0.000000
& cycle # 1, chisq = 4994.257030, e = 38.111962
18.000000	377.646527
17.964000	373.523664
17.924400	369.474653
17.879400	365.396580
17.829000	361.369392
17.771400	357.337922
17.704800	353.259958
17.629200	349.209448
17.544600	345.193442
17.449200	341.122287
17.346600	337.087347
17.236800	333.024351
17.123400	328.990981
17.006400	324.963251
16.885800	320.939512
16.759800	316.914944
16.624800	312.885677
16.475400	308.875641
16.295400	304.860369
16.032600	300.842656
14.875200	296.827988
14.560200	292.797974
14.355000	288.782551
14.180400	284.750895
14.018400	280.708373
13.858200	276.697213
13.687200	272.662311
13.492800	268.653897
13.224600	264.648858
12.076200	260.641868
11.770200	256.611054
11.599200	252.600682
11.467800	248.598672
11.356200	244.532526
11.259000	240.486915
11.170800	236.442345
11.088000	232.365201
11.010600	228.339847
10.936800	224.324033
10.864800	220.245507
10.796400	216.232482
10.729800	212.213285
10.663200	208.112847
10.598400	204.079902
10.533600	200.037517
10.468800	196.010669
10.402200	191.902344
10.335600	187.829626
10.269000	183.795651
10.200600	179.704528
10.132200	175.692426
10.060200	171.597750
9.986400	167.586628
9.907200	163.530229
9.822600	159.488227
9.730800	155.411198
9.633600	151.410655
9.525600	147.382947
9.397800	143.354875
9.226800	139.337746
8.996400	135.311768
8.728200	131.292576
6.152400	127.290503
5.635800	123.261690
5.454000	119.245484
5.328000	115.216992
5.227200	111.156638
5.142600	107.112555
5.068800	103.065805
0.000000	0.000000
& cycle # 2, chisq = 5155.023314, e = 38.111962
18.000000	425.223353
17.987400	421.149389
17.973000	417.006129
17.956800	412.948857
17.937000	408.761052
17.911800	404.498315
17.879400	400.487322
17.823600	396.449553
17.496000	392.403839
17.395200	388.383729
17.325000	384.300651
17.265600	380.186803
17.211600	376.073450
17.161200	372.040660
17.110800	367.925770
17.060400	363.820193
17.010000	359.812129
16.956000	355.719974
16.898400	351.674855
16.833600	347.596497
16.758000	343.539457
16.660800	339.498495
16.497000	335.488869
15.791400	331.462743
15.615000	327.456558
15.489000	323.413413
15.381000	319.359061
15.282000	315.328172
15.186600	311.301307
15.091200	307.290741
14.990400	303.241460
14.880600	299.209960
14.752800	295.176289
14.583600	291.161065
13.845600	287.159780
13.383000	283.138461
13.199400	279.121921
13.057200	275.093385
12.931200	271.049108
12.812400	267.018924
12.695400	262.999912
12.574800	258.976822
12.443400	254.969385
12.285000	250.957948
12.047400	246.943015
11.174400	242.941831
10.992600	238.912055
10.879200	234.911427
10.791000	230.874874
10.717200	226.838998
10.652400	222.804427
10.593000	218.720689
10.539000	214.707240
10.486800	210.571402
10.438200	206.506190
10.391400	202.404639
10.346400	198.295271
10.303200	194.205407
10.261800	190.162300
10.220400	186.010799
10.180800	181.953601
10.141200	177.830328
10.101600	173.661781
10.063800	169.661198
10.026000	165.659888
9.986400	161.488076
9.946800	157.356241
9.907200	153.281149
9.867600	149.276319
9.826200	145.176175
9.784800	141.174677
9.741600	137.114910
9.696600	133.025229
9.649800	128.942373
9.601200	124.914866
9.549000	120.870974
9.491400	116.804129
9.426600	112.793721
9.347400	108.769755
9.237600	104.746790
9.009000	100.745478
0.000000	0.000000
& cycle # 3, chisq = 5048.169458, e = 38.111962
18.000000	380.011376
17.812800	375.995397
17.690400	371.953360
17.577000	367.896135
17.456400	363.849805
17.305200	359.813088
16.860600	355.813006
16.293600	351.793834
16.147800	347.788328
16.038000	343.741232
15.946200	339.695863
15.865200	335.676371
15.789600	331.601128
15.719400	327.579444
15.651000	323.475245
15.586200	319.453672
15.521400	315.345048
15.458400	311.310479
15.395400	307.274721
15.332400	303.268372
15.267600	299.205773
15.201000	295.122790
15.132600	291.065100
15.060600	286.985820
14.985000	282.954145
14.904000	278.949039
14.814000	274.901796
14.713200	270.900855
14.592600	266.892729
14.434200	262.892687
14.160600	258.882094
12.839400	254.879211
12.290400	250.870583
11.129400	246.853287
10.942200	242.841373
10.827000	238.838387
10.738800	234.751390
10.666800	230.665849
10.605600	226.623012
10.551600	222.597250
10.503000	218.588109
10.458000	214.532664
10.416600	210.493884
10.377000	206.339174
10.341000	202.301755
10.306800	198.225725
10.274400	194.139661
10.243800	190.073766
10.215000	186.059290
10.186200	181.859865
10.159200	177.753321
10.132200	173.481918
10.107000	169.346449
10.081800	165.067576
10.058400	160.966350
10.035000	156.742288
10.013400	152.734376
9.991800	148.622087
9.970200	144.405219
9.948600	140.083258
9.928800	136.028410
9.909000	131.883591
9.889200	127.647595
9.869400	123.318965
9.851400	119.302053
9.833400	115.205811
9.815400	111.028762
9.797400	106.769388
9.779400	102.426173
0.000000	0.000000
& cycle # 4, chisq = 4992.310113, e = 38.111962
18.000000	339.289849
17.922600	335.255113
17.742600	331.252855
16.858800	327.245665
16.605000	323.241204
16.444800	319.210521
16.318800	315.208010
16.209000	311.170796
16.108200	307.105886
16.014600	303.088288
15.924600	299.065895
15.836400	295.053532
15.748200	291.048721
15.658200	287.027606
15.564600	282.975289
15.465600	278.916781
15.359400	274.909122
15.240600	270.905884
15.100200	266.885248
14.916600	262.871586
14.596200	258.870343
12.556800	254.868712
11.433600	250.861577
11.233800	246.859687
11.095200	242.854213
10.983600	238.829163
10.888200	234.760311
10.805400	230.708887
10.731600	226.667482
10.663200	222.559034
10.600200	218.476282
10.540800	214.375035
10.485000	210.304983
10.431000	206.164750
10.380600	202.116406
10.332000	198.037515
10.285200	193.941732
10.240200	189.845809
10.197000	185.769946
10.155600	181.736883
10.114200	177.587567
10.074600	173.519220
10.035000	169.363363
9.997200	165.322994
9.959400	161.217218
9.921600	157.049905
9.885600	153.024950
9.849600	148.944156
9.813600	144.804747
9.777600	140.603074
9.743400	136.550597
9.709200	132.436727
9.675000	128.261253
9.642600	124.250712
9.610200	120.191117
9.577800	116.089026
9.545400	111.953050
9.513000	107.793306
9.480600	103.620630
0.000000	0.000000
& cycle # 5, chisq = 5039.931128, e = 38.111962
18.000000	389.264379
17.118000	385.261959
16.815600	381.252996
16.669800	377.241399
16.563600	373.229044
16.475400	369.170000
16.399800	365.166427
16.331400	361.128109
16.268400	357.073744
16.209000	352.981849
16.153200	348.923463
16.099200	344.816023
16.047000	340.691432
15.996600	336.580175
15.948000	332.513444
15.899400	328.367056
15.852600	324.319399
15.805800	320.236393
15.759000	316.133512
15.712200	312.023913
15.665400	307.920141
15.618600	303.836013
15.571800	299.787461
15.523200	295.639496
15.474600	291.567708
15.424200	287.443077
15.373800	283.431953
15.321600	279.408094
15.267600	275.395164
15.210000	271.294864
15.150600	267.277337
15.087600	263.269292
15.019200	259.229850
14.943600	255.151682
14.860800	251.145281
14.765400	247.111403
14.650200	243.054912
14.500800	239.049350
14.257800	235.030044
11.734200	231.028641
11.250000	227.009469
11.062800	222.964565
10.931400	218.955030
10.827000	214.937581
10.738800	210.890922
10.661400	206.822195
10.591200	202.713181
10.528200	198.689779
10.468800	194.603411
10.413000	190.497577
10.360800	186.410955
10.312200	182.382044
10.265400	178.290458
10.220400	174.156871
10.177200	170.005931
10.135800	165.864881
10.096200	161.761588
10.058400	157.722635
10.020600	153.571825
9.984600	149.520651
9.948600	145.378056
9.914400	141.359858
9.880200	137.261030
9.846000	133.079836
9.813600	129.039999
9.781200	124.920405
9.748800	120.718028
9.718200	116.671064
9.687600	112.547535
9.657000	108.348318
9.628200	104.329437
9.599400	100.249917
0.000000	0.000000
& cycle # 1, chisq = 4060.729904, e = 35.856516
18.000000	377.646527
17.973000	373.518657
17.944200	369.518252
17.911800	365.447427
17.875800	361.399453
17.834400	357.260158
17.787600	353.143949
17.735400	349.125149
17.676000	345.125019
17.607600	341.107616
17.530200	337.095971
17.443800	333.088090
17.350200	329.078838
17.251200	325.043635
17.150400	321.002159
17.049600	316.930532
16.952400	312.929404
16.857000	308.887939
16.763400	304.827663
16.671600	300.767473
16.581600	296.725558
16.491600	292.674422
16.401600	288.663850
16.309800	284.649171
16.214400	280.618778
16.113600	276.598995
16.003800	272.559194
15.881400	268.540498
15.735600	264.539839
15.537600	260.518001
14.985000	256.517598
13.991400	252.498337
13.714200	248.493107
13.480200	244.480707
13.244400	240.468691
12.969000	236.465065
12.376800	232.464473
11.385000	228.438554
11.190600	224.402902
11.052000	220.356685
10.940400	216.351529
10.845000	212.350796
10.760400	208.328818
10.683000	204.259606
10.611000	200.159956
10.544400	196.120128
10.481400	192.093905
10.420200	187.996337
10.362600	183.968855
10.306800	179.903899
10.252800	175.814652
10.200600	171.719989
10.150200	167.644368
10.101600	163.615317
10.053000	159.506459
10.006200	155.490591
9.959400	151.429751
9.912600	147.332121
9.865800	143.200215
9.820800	139.192506
9.775800	135.145615
9.730800	131.054278
9.685800	126.915920
9.642600	122.901286
9.599400	118.854079
9.556200	114.788640
9.513000	110.724102
9.469800	106.681904
9.424800	102.516970
0.000000	0.000000
& cycle # 2, chisq = 4089.673429, e = 35.856516
18.000000	425.223353
17.915400	421.219481
17.843400	417.147442
17.776800	413.106053
17.710200	409.032219
17.641800	405.016937
17.566200	400.982432
17.476200	396.941458
17.352000	392.926987
16.731000	388.925023
16.498800	384.896915
16.378200	380.882372
16.284600	376.821614
16.205400	372.793450
16.133400	368.724269
16.066800	364.663940
16.003800	360.602477
15.942600	356.496874
15.883200	352.410623
15.825600	348.399987
15.768000	344.382905
15.708600	340.269901
15.649200	336.220954
15.588000	332.154040
15.525000	328.122107
15.458400	324.077844
15.386400	320.002917
15.309000	316.001915
15.220800	311.951953
15.116400	307.897761
14.981400	303.876723
14.749200	299.862946
13.834800	295.853762
13.629600	291.843999
13.489200	287.805401
13.374000	283.753794
13.273200	279.711321
13.181400	275.663892
13.095000	271.585224
13.014000	267.584183
12.934800	263.566858
12.855600	259.498587
12.776400	255.422704
12.697200	251.379102
12.616200	247.324762
12.531600	243.241337
12.443400	239.222610
12.348000	235.221904
12.240000	231.185137
12.112200	227.136537
11.944800	223.130473
11.521800	219.130468
10.854000	215.125792
10.724400	211.088481
10.634400	207.018636
10.562400	202.910375
10.503000	198.899550
10.450800	194.874463
10.404000	190.838064
10.360800	186.728156
10.321200	182.616765
10.285200	178.578735
10.251000	174.466592
10.218600	170.314965
10.188000	166.160133
10.159200	162.039029
10.132200	157.988266
10.105200	153.755456
10.080000	149.640284
10.054800	145.366184
10.031400	141.255064
10.008000	137.006786
9.986400	132.963270
9.964800	128.802073
9.943200	124.522370
9.923400	120.494210
9.903600	116.364323
9.883800	112.131283
9.864000	107.793431
9.846000	103.757410
0.000000	0.000000
& cycle # 3, chisq = 4092.001987, e = 35.856516
18.000000	380.011376
16.837200	375.981149
16.686000	371.951722
16.579800	367.937201
16.493400	363.930405
16.417800	359.893913
16.349400	355.824429
16.286400	351.743187
16.227000	347.630693
16.171200	343.561782
16.117200	339.456926
16.065000	335.349727
16.014600	331.270138
15.966000	327.247692
15.917400	323.159024
15.868800	319.026657
15.822000	315.026216
15.775200	311.021831
15.726600	306.873862
15.678000	302.749938
15.629400	298.664247
15.580800	294.633011
15.530400	290.529157
15.480000	286.522869
15.427800	282.494257
15.373800	278.470355
15.316200	274.350428
15.256800	270.297850
15.193800	266.229878
15.127200	262.204555
15.055200	258.190270
14.974200	254.105314
14.884200	250.093775
14.778000	246.043578
14.646600	242.011797
14.461200	238.001545
14.014800	233.998657
11.413800	229.979174
11.170800	225.976237
11.016000	221.935145
10.897200	217.885835
10.800000	213.847020
10.717200	209.836169
10.643400	205.804673
10.576800	201.798644
10.513800	197.689583
10.456200	193.656365
10.402200	189.625466
10.350000	185.486328
10.301400	181.406660
10.254600	177.263973
10.211400	173.250192
10.170000	169.233550
10.128600	165.054655
10.089000	160.911923
10.051200	156.831523
10.013400	152.634490
9.977400	148.533679
9.941400	144.334662
9.907200	140.255303
9.873000	136.086677
9.840600	132.052438
9.808200	127.931876
9.775800	123.720972
9.745200	119.657574
9.714600	115.507605
9.684000	111.269718
9.655200	107.201036
9.626400	103.056512
0.000000	0.000000
& cycle # 4, chisq = 4061.516802, e = 35.856516
18.000000	339.289849
17.868600	335.257009
17.040600	331.253356
16.749000	327.217935
16.590600	323.176815
16.471800	319.161274
16.371000	315.107835
16.282800	311.093833
16.201800	307.071878
16.124400	302.981997
16.050600	298.895995
15.980400	294.873170
15.912000	290.866357
15.843600	286.821038
15.775200	282.780759
15.706800	278.778782
15.636600	274.740693
15.564600	270.707621
15.489000	266.637787
15.409800	262.602824
15.325200	258.586308
15.231600	254.519690
15.127200	250.483934
15.004800	246.471669
14.848200	242.454834
14.607000	238.439889
12.961800	234.438510
11.437200	230.435792
11.210400	226.407954
11.061000	222.406173
10.942200	218.368201
10.843200	214.343967
10.756800	210.291541
10.679400	206.220924
10.609200	202.178036
10.544400	198.162435
10.483200	194.126502
10.425600	190.110479
10.369800	186.011481
10.317600	181.982574
10.267200	177.908099
10.218600	173.806012
10.171800	169.699102
10.126800	165.613404
10.083600	161.575679
10.040400	157.436556
9.999000	153.385030
9.957600	149.258363
9.918000	145.245135
9.878400	141.168371
9.838800	137.026099
9.801000	133.007257
9.763200	128.920714
9.725400	124.762763
9.689400	120.734760
9.653400	116.641406
9.617400	112.486943
9.581400	108.279024
9.547200	104.241770
9.513000	100.177171
0.000000	0.000000
& cycle # 5, chisq = 4069.566028, e = 35.856516
18.000000	389.264379
17.092800	385.262232
16.713000	381.228711
16.565400	377.176010
16.459200	373.129732
16.372800	369.107941
16.297200	365.043704
16.228800	360.947245
16.165800	356.849277
16.106400	352.721744
16.050600	348.626691
15.998400	344.619819
15.948000	340.607727
15.897600	336.476724
15.849000	332.402740
15.800400	328.259993
15.753600	324.221535
15.706800	320.148135
15.660000	316.052653
15.613200	311.949517
15.566400	307.855424
15.519600	303.788536
15.472800	299.766609
15.424200	295.654127
15.375600	291.620416
15.325200	287.531613
15.273000	283.408468
15.219000	279.274953
15.163200	275.159970
15.105600	271.096846
15.044400	267.003059
14.979600	262.932053
14.909400	258.832442
14.833800	254.776745
14.751000	250.760707
14.657400	246.759800
14.545800	242.724280
14.405400	238.685630
14.207400	234.661404
13.759200	230.656880
11.579400	226.647483
11.313000	222.624235
11.143800	218.604693
11.012400	214.588823
10.902600	210.565949
10.807200	206.508449
10.722600	202.438501
10.647000	198.425456
10.576800	194.394194
10.510200	190.309354
10.447200	186.213810
10.387800	182.139155
10.332000	178.112451
10.278000	174.022969
10.225800	169.885676
10.177200	165.873490
10.130400	161.871629
10.083600	157.745683
10.038600	153.673977
9.993600	149.511518
9.950400	145.438331
9.907200	141.293549
9.865800	137.254073
9.824400	133.145132
9.784800	129.144758
9.745200	125.070658
9.705600	120.919072
9.667800	116.883121
9.630000	112.778631
9.592200	108.612429
9.556200	104.597012
9.520200	100.547214
0.000000	0.000000
& cycle # 1, chisq = 3794.072757, e = 35.192164
18.000000	377.646527
17.969400	373.444486
17.935200	369.239798
17.897400	365.106575
17.854200	360.946767
17.805600	356.850678
17.749800	352.769413
17.686800	348.764261
17.613000	344.687747
17.530200	340.646042
17.438400	336.594956
17.341200	332.560168
17.242200	328.559399
17.143200	324.530633
17.046000	320.470157
16.952400	316.423959
16.862400	312.373254
16.776000	308.353129
16.691400	304.308722
16.608600	300.256883
16.527600	296.241435
16.446600	292.222965
16.363800	288.145149
16.281000	284.132822
16.194600	280.076238
16.104600	276.056097
16.007400	271.995668
15.901200	267.948599
15.780600	263.938292
15.631200	259.896463
15.417000	255.872868
14.308200	251.868299
13.906800	247.844188
13.658400	243.842033
13.440600	239.813318
13.221000	235.799906
12.969000	231.781693
12.555000	227.776562
11.408400	223.756320
11.196000	219.718483
11.052000	215.684736
10.936800	211.650803
10.839600	207.634742
10.753200	203.563006
10.675800	199.516228
10.603800	195.433750
10.537200	191.406337
10.474200	187.387869
10.413000	183.293168
10.355400	179.263719
10.299600	175.192740
10.245600	171.094591
10.193400	166.989563
10.143000	162.903409
10.094400	158.864547
10.045800	154.746645
9.999000	150.722759
9.952200	146.654170
9.905400	142.548429
9.858600	138.407404
9.813600	134.389577
9.768600	130.331220
9.723600	126.227502
9.678600	122.076731
9.635400	118.051285
9.592200	113.995569
9.549000	109.925024
9.505800	105.859547
9.462600	101.820814
0.000000	0.000000
& cycle # 2, chisq = 3800.734356, e = 35.192164
18.000000	425.223353
17.994600	420.267252
17.989200	415.551199
17.983800	411.067967
17.978400	406.807520
17.973000	402.760171
17.965800	397.680506
17.958600	392.946556
17.951400	388.541607
17.944200	384.449135
17.935200	379.747625
17.926200	375.476188
17.915400	370.874794
17.904600	366.798803
17.892000	362.647563
17.877600	358.620155
17.859600	354.529615
17.834400	350.275420
17.794800	346.212298
17.544600	342.194506
17.452800	338.097857
17.393400	333.997860
17.343000	329.842071
17.298000	325.786040
17.254800	321.728821
17.211600	317.631562
17.168400	313.601694
17.123400	309.581216
17.074800	305.548743
17.020800	301.544712
16.956000	297.486800
16.871400	293.466767
16.709400	289.444135
16.138800	285.418601
16.005600	281.403181
15.906600	277.369721
15.822000	273.334003
15.744600	269.283584
15.670800	265.223052
15.598800	261.185403
15.526800	257.166472
15.453000	253.150443
15.375600	249.138705
15.291000	245.090639
15.195600	241.055246
15.080400	237.012371
14.923800	232.986743
14.513400	228.984926
13.370400	224.981197
11.059200	220.978895
10.774800	216.946522
10.661400	212.924544
10.584000	208.913276
10.522800	204.840938
10.472400	200.788420
10.429200	196.742773
10.391400	192.719094
10.357200	188.650651
10.326600	184.636223
10.297800	180.510918
10.270800	176.317873
10.245600	172.103722
10.222200	167.917552
10.200600	163.809776
10.179000	159.458951
10.159200	155.249699
10.141200	151.233917
10.123200	147.032877
10.105200	142.641706
10.089000	138.523080
10.072800	134.242965
10.056600	129.797776
10.042200	125.704972
10.027800	121.476246
10.013400	117.108914
9.999000	112.600212
9.986400	108.536883
9.973800	104.361146
9.961200	100.070946
0.000000	0.000000
& cycle # 3, chisq = 3710.642805, e = 35.192164
18.000000	380.011376
16.849800	376.009558
16.695000	371.972508
16.587000	367.911736
16.500600	363.897618
16.425000	359.840247
16.356600	355.738864
16.295400	351.737101
16.237800	347.708318
16.182000	343.589583
16.129800	339.565712
16.079400	335.539809
16.029000	331.390215
15.980400	327.287888
15.933600	323.262281
15.886800	319.183128
15.840000	315.070556
15.793200	310.942537
15.746400	306.814011
15.699600	302.697757
15.652800	298.606309
15.606000	294.553656
15.557400	290.403250
15.508800	286.330606
15.458400	282.207934
15.408000	278.203440
15.355800	274.192498
15.300000	270.068477
15.242400	265.998606
15.181200	261.896145
15.116400	257.819249
15.046200	253.731228
14.970600	249.721596
14.886000	245.711995
14.788800	241.706137
14.670000	237.653616
14.513400	233.644763
14.247000	229.641047
11.608200	225.638737
11.205000	221.616612
11.025000	217.581402
10.897200	213.567767
10.794600	209.498231
10.708200	205.410291
10.632600	201.314689
10.566000	197.301805
10.504800	193.276465
10.447200	189.183374
10.393200	185.064189
10.342800	180.958606
10.296000	176.908193
10.251000	172.788702
10.207800	168.622348
10.168200	164.620966
10.128600	160.448233
10.090800	156.310095
10.054800	152.233448
10.018800	148.029608
9.984600	143.921976
9.950400	139.705633
9.918000	135.611479
9.885600	131.419228
9.855000	127.367536
9.824400	123.222969
9.793800	118.981809
9.765000	114.898432
9.736200	110.723161
9.707400	106.453800
9.680400	102.364830
0.000000	0.000000
& cycle # 4, chisq = 3768.935401, e = 35.192164
18.000000	339.289849
17.845200	335.270950
17.200800	331.267920
16.880400	327.264548
16.709400	323.252723
16.581600	319.195999
16.475400	315.129483
16.381800	311.053733
16.297200	306.995791
16.218000	302.919468
16.142400	298.829809
16.070400	294.791423
16.000200	290.747851
15.931800	286.741453
15.863400	282.712436
15.795000	278.702718
15.724800	274.640947
15.652800	270.558212
15.579000	266.491929
15.503400	262.491782
15.422400	258.436846
15.336000	254.408478
15.242400	250.408453
15.136200	246.352185
15.012000	242.300230
14.857200	238.279526
14.634000	234.268814
12.803400	230.268742
11.534400	226.251363
11.305800	222.230997
11.149200	218.217674
11.023200	214.194623
10.915200	210.145089
10.821600	206.136812
10.737000	202.089732
10.659600	198.038604
10.587600	193.990567
10.519200	189.913731
10.454400	185.851801
10.393200	181.834673
10.333800	177.759489
10.276200	173.634417
10.222200	169.610320
10.170000	165.581632
10.119600	161.574242
10.069200	157.467475
10.020600	153.429775
9.972000	149.330039
9.923400	145.177537
9.876600	141.131802
9.829800	137.037203
9.783000	132.887358
9.738000	128.838305
9.693000	124.727323
9.649800	120.723132
9.606600	116.668994
9.563400	112.577580
9.520200	108.466797
9.477000	104.357523
9.433800	100.270354
0.000000	0.000000
& cycle # 5, chisq = 3800.670826, e = 35.192164
18.000000	389.264379
17.917200	385.262132
16.700400	381.252861
16.452000	377.240365
16.327800	373.205187
16.236000	369.198152
16.158600	365.140278
16.090200	361.048582
16.029000	356.995300
15.973200	352.991043
15.919200	348.856892
15.868800	344.791947
15.820200	340.705378
15.773400	336.633475
15.728400	332.606232
15.683400	328.482688
15.640200	324.446929
15.597000	320.350650
15.553800	316.210760
15.510600	312.045261
15.467400	307.871784
15.424200	303.706262
15.381000	299.562314
15.337800	295.451523
15.294600	291.384406
15.251400	287.371564
15.206400	283.261595
15.161400	279.236942
15.114600	275.157072
15.066000	271.049894
15.015600	266.943933
14.963400	262.866526
14.909400	258.843262
14.851800	254.775612
14.790600	250.713513
14.724000	246.607198
14.652000	242.548095
14.572800	238.544152
14.481000	234.490166
14.373000	230.472975
14.236200	226.452809
14.034600	222.433191
13.332600	218.432391
11.368800	214.426262
11.147400	210.410402
10.994400	206.361941
10.873800	202.303010
10.774800	198.300776
10.688400	194.275201
10.611000	190.247141
10.539000	186.151971
10.472400	182.068318
10.411200	178.058550
10.353600	174.047314
10.297800	169.929324
10.245600	165.862314
10.195200	161.737320
10.146600	157.580400
10.099800	153.420950
10.054800	149.288406
10.011600	145.209301
9.970200	141.205466
9.928800	137.113883
9.887400	132.935889
9.847800	128.856706
9.808200	124.692178
9.770400	120.632317
9.732600	116.485282
9.696600	112.452122
9.660600	108.337428
9.624600	104.144394
9.590400	100.094485
0.000000	0.000000
& cycle # 1, chisq = 3457.744100, e = 34.300525
18.000000	377.646527
17.928000	373.608399
17.811000	369.563936
17.573400	365.550684
17.247600	361.540396
17.038800	357.503680
16.898400	353.493730
16.788600	349.436030
16.696800	345.377100
16.617600	341.360908
16.545600	337.303980
16.479000	333.230346
16.416000	329.109633
16.356600	324.998282
16.300800	320.952472
16.246800	316.890680
16.194600	312.851895
16.142400	308.724846
16.092000	304.673453
16.041600	300.571423
15.991200	296.435101
15.942600	292.432892
15.892200	288.290922
15.841800	284.180679
15.791400	280.122476
15.739200	275.991197
15.687000	271.947180
15.633000	267.870425
15.577200	263.790388
15.519600	259.742824
15.458400	255.649574
15.393600	251.569294
15.325200	247.558242
15.249600	243.485532
15.166800	239.468617
15.071400	235.431841
14.956200	231.398762
14.805000	227.391065
14.547600	223.388113
13.075200	219.387869
11.505600	215.383411
11.206800	211.352676
11.037600	207.313400
10.909800	203.273221
10.805400	199.242015
10.715400	195.193872
10.636200	191.192788
10.562400	187.111557
10.494000	183.037701
10.429200	178.921436
10.368000	174.796972
10.310400	170.695028
10.256400	166.649392
10.204200	162.554843
10.153800	158.437286
10.105200	154.326499
10.058400	150.252547
10.013400	146.242372
9.968400	142.152571
9.923400	137.990729
9.880200	133.930231
9.837000	129.804354
9.795600	125.784888
9.754200	121.696382
9.712800	117.535046
9.673200	113.485761
9.633600	109.372455
9.594000	105.203073
9.556200	101.182352
0.000000	0.000000
& cycle # 2, chisq = 3460.394335, e = 34.300525
18.000000	380.011376
17.888400	375.996511
16.664400	371.983113
16.423200	367.947371
16.300800	363.935906
16.207200	359.849561
16.129800	355.811738
16.061400	351.760215
15.998400	347.641796
15.940800	343.573441
15.886800	339.523047
15.834600	335.416939
15.784200	331.297492
15.735600	327.199466
15.688800	323.152089
15.642000	319.021356
15.597000	314.987783
15.552000	310.912393
15.507000	306.814817
15.462000	302.714113
15.417000	298.627247
15.372000	294.568465
15.327000	290.549785
15.280200	286.424749
15.233400	282.367800
15.184800	278.241889
15.136200	274.221135
15.085800	270.179684
15.033600	266.147316
14.977800	262.022556
14.920200	257.974602
14.859000	253.912855
14.794200	249.886729
14.724000	245.853274
14.646600	241.813426
14.560200	237.810919
14.459400	233.789391
14.337000	229.766036
14.175000	225.746199
13.906800	221.741842
11.815200	217.736763
11.397600	213.729235
11.188800	209.708832
11.037600	205.693529
10.915200	201.689221
10.810800	197.657779
10.719000	193.600418
10.636200	189.529073
10.560600	185.487418
10.490400	181.469012
10.423800	177.419613
10.360800	173.366155
10.301400	169.333226
10.243800	165.218632
10.189800	161.178909
10.137600	157.114116
10.087200	153.053826
10.038600	149.027298
9.990000	144.905464
9.943200	140.855729
9.896400	136.731041
9.851400	132.692900
9.806400	128.578629
9.763200	124.550442
9.720000	120.439312
9.678600	116.418872
9.637200	112.321278
9.595800	108.153622
9.556200	104.113077
9.516600	100.034525
0.000000	0.000000
& cycle # 4, chisq = 3476.264577, e = 34.300525
18.000000	339.289849
17.818200	335.289807
17.020800	331.277278
16.786800	327.276287
16.642800	323.233872
16.533000	319.224257
16.439400	315.186383
16.356600	311.153198
16.281000	307.113196
16.210800	303.094426
16.144200	299.082567
16.079400	295.021937
16.016400	290.948867
15.955200	286.900709
15.894000	282.796358
15.834600	278.793541
15.773400	274.680775
15.712200	270.603829
15.651000	266.583724
15.588000	262.529389
15.523200	258.479466
15.456600	254.478100
15.386400	250.466681
15.310800	246.403976
15.229800	242.362770
15.141600	238.352023
15.040800	234.299777
14.922000	230.263760
14.772600	226.253558
14.549400	222.247269
12.796200	218.245673
11.403000	214.224516
11.183400	210.205784
11.030400	206.168566
10.908000	202.125797
10.805400	198.100561
10.715400	194.054396
10.634400	190.005014
10.560600	185.997895
10.490400	181.919067
10.423800	177.810073
10.360800	173.700261
10.301400	169.616048
10.245600	165.588203
10.191600	161.515401
10.139400	157.423998
10.089000	153.344211
10.040400	149.305823
9.991800	145.180163
9.945000	141.135532
9.898200	137.025757
9.853200	133.012292
9.808200	128.933848
9.763200	124.783967
9.720000	120.727443
9.676800	116.597569
9.635400	112.573587
9.594000	108.492837
9.552600	104.368543
9.511200	100.218099
0.000000	0.000000
& cycle # 5, chisq = 3467.277716, e = 34.300525
18.000000	403.132721
17.586000	399.130789
17.467200	395.073543
17.379000	391.048545
17.305200	387.033471
17.238600	382.942788
17.179200	378.935940
17.123400	374.884810
17.071200	370.871906
17.020800	366.815110
16.972200	362.746490
16.925400	358.694330
16.880400	354.688942
16.835400	350.595277
16.790400	346.431104
16.747200	342.379626
16.704000	338.283925
16.660800	334.152146
16.617600	329.995060
16.574400	325.826496
16.531200	321.661171
16.488000	317.511763
16.444800	313.387379
16.401600	309.294338
16.358400	305.238501
16.315200	301.227422
16.270200	297.107419
16.225200	293.058907
16.178400	288.935973
16.131600	284.910650
16.083000	280.838886
16.032600	276.736525
15.980400	272.621990
15.926400	268.518724
15.870600	264.454544
15.811200	260.335935
15.750000	256.321683
15.683400	252.215486
15.613200	248.179579
15.537600	244.171217
15.453000	240.109323
15.357600	236.059978
15.247800	232.052882
15.112800	228.011932
14.931000	223.991561
14.607000	219.983295
11.633400	215.979338
11.223000	211.955015
11.034000	207.947475
10.897200	203.908648
10.789200	199.888053
10.697400	195.818134
10.618200	191.807564
10.546200	187.760084
10.479600	183.672022
10.418400	179.611781
10.360800	175.507484
10.306800	171.393720
10.256400	167.309913
10.209600	163.301028
10.164600	159.249533
10.121400	155.182843
10.080000	151.129253
10.040400	147.115711
10.000800	142.975376
9.963000	138.909322
9.925200	134.733998
9.889200	130.655345
9.853200	126.474277
9.819000	122.403342
9.784800	118.231263
9.752400	114.181165
9.720000	110.032667
9.689400	106.022441
9.658800	101.922491
0.000000	0.000000
& cycle # 6, chisq = 3450.204331, e = 34.300525
18.000000	389.264379
17.127000	385.260302
16.822800	381.231030
16.677000	377.227741
16.569000	373.155353
16.480800	369.102562
16.403400	365.010529
16.335000	360.979531
16.272000	356.937108
16.212600	352.860964
16.156800	348.821601
16.102800	344.736721
16.050600	340.637747
16.000200	336.554357
15.951600	332.516841
15.903000	328.401438
15.856200	324.384941
15.809400	320.334163
15.762600	316.264366
15.715800	312.188367
15.669000	308.118196
15.622200	304.066994
15.575400	300.049979
15.526800	295.932613
15.478200	291.888704
15.427800	287.789702
15.375600	283.660197
15.323400	279.659275
15.267600	275.534571
15.210000	271.453625
15.150600	267.448780
15.087600	263.445359
15.019200	259.399953
14.945400	255.394363
14.862600	251.338525
14.769000	247.298180
14.659200	243.282354
14.520600	239.280775
14.319000	235.280730
13.026600	231.280729
11.376000	227.259330
11.161800	223.255837
11.014200	219.235218
10.897200	215.197825
10.800000	211.177398
10.715400	207.140638
10.639800	203.103520
10.569600	198.999914
10.504800	194.915124
10.443600	190.793722
10.386000	186.671742
10.332000	182.581760
10.281600	178.558156
10.233000	174.484935
10.186200	170.383948
10.141200	166.281025
10.098000	162.203715
10.056600	158.178755
10.015200	154.048376
9.975600	150.006483
9.936000	145.880470
9.898200	141.865308
9.860400	137.774278
9.822600	133.604233
9.786600	129.555204
9.750600	125.426411
9.714600	121.214763
9.680400	117.135938
9.646200	112.982822
9.612000	108.759703
9.579600	104.700776
9.547200	100.593779
0.000000	0.000000
& cycle # 1, chisq = 3987.452506, e = 35.698840
18.000000	377.646527
17.974800	373.616045
17.946000	369.603711
17.911800	365.536506
17.870400	361.468273
17.818200	357.387104
17.749800	353.373426
17.650800	349.331505
17.497800	345.321254
17.281800	341.296844
17.074800	337.264996
16.914600	333.263190
16.786800	329.241922
16.678800	325.201822
16.585200	321.195371
16.498800	317.107886
16.419600	313.068387
16.344000	308.975445
16.272000	304.895573
16.201800	300.795106
16.133400	296.729968
16.065000	292.632375
15.996600	288.535105
15.928200	284.478370
15.858000	280.407107
15.786000	276.377846
15.710400	272.346314
15.629400	268.287442
15.541200	264.219814
15.442200	260.154961
15.327000	256.141561
15.179400	252.111225
14.943600	248.099863
13.775400	244.090777
13.408200	240.079731
13.107600	236.077227
12.751200	232.066266
11.509200	228.052305
11.233800	224.022057
11.075400	220.018459
10.953000	215.983412
10.852200	211.978521
10.764000	207.927659
10.684800	203.851227
10.612800	199.803069
10.546200	195.789863
10.483200	191.770426
10.422000	187.662915
10.364400	183.611855
10.308600	179.511521
10.254600	175.376850
10.204200	171.373823
10.153800	167.242047
10.105200	163.151069
10.058400	159.129619
10.011600	155.044619
9.964800	150.910475
9.919800	146.898244
9.874800	142.853610
9.829800	138.775862
9.784800	134.661188
9.739800	130.505083
9.696600	126.474030
9.653400	122.404716
9.610200	118.304936
9.567000	114.188619
9.523800	110.074927
9.480600	105.986015
9.437400	101.943803
0.000000	0.000000
& cycle # 2, chisq = 4002.368511, e = 35.698840
18.000000	380.011376
16.792200	376.001369
16.641000	371.960654
16.534800	367.920218
16.448400	363.885934
16.372800	359.808766
16.306200	355.802900
16.245000	351.802801
16.187400	347.786595
16.131600	343.687554
16.079400	339.684780
16.029000	335.680594
15.978600	331.556562
15.930000	327.486527
15.881400	323.347505
15.834600	319.317518
15.787800	315.262157
15.741000	311.196315
15.694200	307.132991
15.647400	303.085215
15.600600	299.067636
15.552000	294.945241
15.503400	290.892564
15.453000	286.782435
15.402600	282.782377
15.350400	278.767760
15.296400	274.761927
15.238800	270.664664
15.179400	266.642954
15.116400	262.621116
15.048000	258.557242
14.974200	254.537712
14.891400	250.476380
14.797800	246.439320
14.688000	242.432150
14.547600	238.406050
14.340600	234.399432
12.672000	230.398639
11.345400	226.385840
11.134800	222.349181
10.989000	218.305762
10.873800	214.254180
10.778400	210.230139
10.695600	206.205838
10.621800	202.197560
10.553400	198.133548
10.490400	194.095074
10.431000	190.021822
10.375200	185.948765
10.323000	181.909292
10.272600	177.788508
10.225800	173.762788
10.180800	169.710922
10.137600	165.658450
10.096200	161.632183
10.054800	157.474642
10.015200	153.382807
9.977400	149.377832
9.939600	145.279548
9.901800	141.088897
9.865800	137.010384
9.829800	132.843100
9.795600	128.797640
9.761400	124.663373
9.729000	120.661244
9.696600	116.573745
9.664200	112.400440
9.633600	108.381750
9.603000	104.291538
9.572400	100.135196
0.000000	0.000000
& cycle # 4, chisq = 3986.788995, e = 35.698840
18.000000	339.289849
17.854200	335.286512
16.831800	331.272582
16.621200	327.230760
16.486200	323.172133
16.380000	319.143030
16.288200	315.074637
16.205400	310.984344
16.129800	306.953456
16.057800	302.889287
15.989400	298.856520
15.922800	294.808024
15.858000	290.798390
15.793200	286.761943
15.728400	282.733158
15.661800	278.630357
15.595200	274.598035
15.526800	270.570011
15.454800	266.499718
15.379200	262.454392
15.298200	258.409751
15.210000	254.371997
15.111000	250.333358
14.994000	246.281086
14.846400	242.267026
14.621400	238.263493
13.293000	234.255444
12.538800	230.251048
11.286000	226.224938
11.082600	222.198315
10.945800	218.195941
10.837800	214.151542
10.747800	210.102103
10.670400	206.100150
10.600200	202.056149
10.535400	197.979466
10.476000	193.953452
10.420200	189.913790
10.368000	185.899184
10.317600	181.796773
10.270800	177.781131
10.225800	173.729567
10.182600	169.665807
10.141200	165.616121
10.101600	161.607466
10.062000	157.475234
10.024200	153.423583
9.986400	149.274119
9.950400	145.235986
9.914400	141.116112
9.878400	136.914636
9.844200	132.845913
9.810000	128.698855
9.777600	124.694557
9.745200	120.613829
9.712800	116.454597
9.682200	112.453785
9.651600	108.383543
9.621000	104.246894
9.590400	100.048840
0.000000	0.000000
& cycle # 5, chisq = 3977.835818, e = 35.698840
18.000000	403.132721
17.470800	399.126133
17.269200	395.088302
17.134200	391.061555
17.028000	387.036557
16.938000	383.006269
16.858800	378.973300
16.786800	374.929702
16.720200	370.882873
16.657200	366.787794
16.597800	362.700167
16.542000	358.679924
16.488000	354.642818
16.435800	350.616848
16.383600	346.479053
16.333200	342.388040
16.284600	338.367771
16.236000	334.290765
16.187400	330.174668
16.138800	326.034402
16.090200	321.881214
16.043400	317.878414
15.994800	313.728306
15.946200	309.598357
15.897600	305.504680
15.849000	301.463534
15.798600	297.342811
15.748200	293.304277
15.696000	289.216399
15.642000	285.097604
15.586200	280.970882
15.528600	276.865084
15.469200	272.812569
15.406200	268.730739
15.339600	264.665445
15.269400	260.659817
15.192000	256.578332
15.107400	252.529631
15.012000	248.491928
14.900400	244.458396
14.763600	240.445390
14.574600	236.428268
14.189400	232.421815
11.458800	228.420681
11.199600	224.411523
11.037600	220.369144
10.913400	216.311703
10.812600	212.291376
10.726200	208.264950
10.648800	204.186253
10.578600	200.104265
10.513800	196.016519
10.454400	191.996137
10.398600	187.971312
10.344600	183.834267
10.294200	179.746450
10.245600	175.589727
10.200600	171.550568
10.157400	167.503233
10.116000	163.474191
10.074600	159.305847
10.035000	155.196447
9.997200	151.168995
9.959400	147.043982
9.923400	143.027027
9.887400	138.923846
9.851400	134.732288
9.817200	130.664960
9.783000	126.510308
9.750600	122.490057
9.718200	118.384992
9.685800	114.193721
9.655200	110.156614
9.624600	106.045468
9.594000	101.864652
0.000000	0.000000
& cycle # 6, chisq = 3983.837987, e = 35.698840
18.000000	389.264379
17.199000	385.259772
16.891200	381.228902
16.734600	377.196666
16.619400	373.152611
16.525800	369.149521
16.443000	365.086782
16.369200	361.060094
16.300800	356.997648
16.236000	352.881141
16.174800	348.783714
16.117200	344.764133
16.061400	340.735416
16.007400	336.725296
15.953400	332.624689
15.901200	328.597469
15.849000	324.531994
15.796800	320.449881
15.744600	316.368631
15.692400	312.302680
15.640200	308.266398
15.586200	304.140135
15.532200	300.085374
15.476400	295.994032
15.418800	291.897512
15.359400	287.824787
15.298200	283.802145
15.233400	279.747018
15.165000	275.711644
15.091200	271.663676
15.010200	267.609271
14.920200	263.588099
14.815800	259.543477
14.689800	255.517904
14.520600	251.510019
14.211000	247.496462
11.536200	243.490270
11.217600	239.469833
11.050200	235.422105
10.927800	231.391882
10.828800	227.340073
10.746000	223.336165
10.672200	219.269350
10.605600	215.192972
10.544400	211.109041
10.488600	207.101837
10.434600	202.959679
10.384200	198.849069
10.337400	194.810183
10.292400	190.716452
10.249200	186.587072
10.207800	182.444657
10.168200	178.314509
10.130400	174.223222
10.094400	170.197111
10.058400	166.050796
10.024200	162.006241
9.990000	157.863793
9.957600	153.852418
9.925200	149.758263
9.892800	145.581600
9.862200	141.560147
9.831600	137.462010
9.801000	133.284503
9.772200	129.277628
9.743400	125.195689
9.714600	121.037137
9.685800	116.801446
9.658800	112.761139
9.631800	108.655674
9.604800	104.488283
9.577800	100.263465
0.000000	0.000000
& cycle # 1, chisq = 4742.302638, e = 37.391645
18.000000	377.646527
17.982000	373.276118
17.962200	368.989496
17.940600	364.876870
17.915400	360.734628
17.884800	356.543526
17.847000	352.428207
17.796600	348.403408
17.713800	344.396012
16.758000	340.394956
14.949000	336.379482
14.679000	332.373892
14.500800	328.329381
14.362200	324.329225
14.243400	320.309321
14.137200	316.249885
14.041800	312.246623
13.951800	308.201265
13.867200	304.200066
13.784400	300.125507
13.705200	296.102456
13.627800	292.078187
13.550400	287.999482
13.473000	283.910623
13.395600	279.853112
13.316400	275.766855
13.235400	271.683307
13.152600	267.639249
13.066200	263.603631
12.974400	259.579940
12.873600	255.534698
12.760200	251.491013
12.627000	247.451689
12.454200	243.417025
12.135600	239.412704
11.174400	235.393424
10.990800	231.344740
10.868400	227.341258
10.771200	223.274240
10.690200	219.233060
10.618200	215.134560
10.553400	211.041849
10.494000	206.955046
10.438200	202.819095
10.386000	198.680466
10.337400	194.582967
10.292400	190.571003
10.249200	186.517640
10.207800	182.446573
10.168200	178.383927
10.130400	174.356901
10.092600	170.190798
10.056600	166.100680
10.020600	161.897872
9.986400	157.806147
9.952200	153.621687
9.919800	149.573747
9.887400	145.444495
9.855000	141.232573
9.824400	137.176442
9.793800	133.041514
9.763200	128.824879
9.734400	124.779370
9.705600	120.657872
9.676800	116.460110
9.649800	112.456412
9.622800	108.388824
9.595800	104.260787
9.568800	100.076946
0.000000	0.000000
& cycle # 2, chisq = 4765.980860, e = 37.391645
18.000000	380.011376
16.801200	375.994263
16.637400	371.966559
16.525800	367.943436
16.435800	363.923533
16.358400	359.914944
16.288200	355.852336
16.223400	351.772757
16.162200	347.663289
16.104600	343.594089
16.048800	339.486128
15.994800	335.375545
15.942600	331.299320
15.892200	327.293654
15.841800	323.245012
15.791400	319.176549
15.741000	315.107636
15.690600	311.054995
15.640200	307.035292
15.588000	302.926712
15.535800	298.896652
15.481800	294.834942
15.426000	290.775716
15.368400	286.751344
15.307200	282.674761
15.242400	278.596111
15.174000	274.573968
15.098400	270.491334
15.015600	266.480270
14.920200	262.458971
14.805000	258.422968
14.653800	254.401092
14.394600	250.400843
12.888000	246.397308
11.395800	242.385084
11.152800	238.354020
11.005200	234.336181
10.891800	230.268982
10.800000	226.244614
10.720800	222.194912
10.650600	218.144023
10.587600	214.140491
10.528200	210.049183
10.472400	205.923917
10.420200	201.810544
10.371600	197.750382
10.324800	193.620879
10.281600	189.610539
10.240200	185.584569
10.200600	181.565735
10.161000	177.385241
10.123200	173.248825
10.087200	169.182858
10.051200	164.999992
10.017000	160.923828
9.982800	156.752692
9.950400	152.716606
9.918000	148.599851
9.885600	144.402379
9.855000	140.362651
9.824400	136.247372
9.793800	132.053742
9.765000	128.032609
9.736200	123.937382
9.707400	119.766680
9.678600	115.520222
9.651600	111.471336
9.624600	107.359030
9.597600	103.186787
0.000000	0.000000
& cycle # 4, chisq = 4741.997047, e = 37.391645
18.000000	339.289849
17.919000	335.253947
16.923600	331.249346
16.558200	327.218098
16.394400	323.200561
16.272000	319.165743
16.169400	315.145352
16.077600	311.120830
15.993000	307.100448
15.912000	303.026436
15.834600	298.995182
15.759000	294.986930
15.683400	290.954610
15.607800	286.941010
15.530400	282.904900
15.449400	278.824611
15.364800	274.778243
15.274800	270.758041
15.175800	266.717397
15.064200	262.706971
14.929200	258.689419
14.747400	254.669847
14.374800	250.669650
12.852000	246.662387
11.408400	242.657426
11.161800	238.619585
11.012400	234.569219
10.899000	230.518190
10.807200	226.516860
10.728000	222.494691
10.657800	218.474196
10.593000	214.384963
10.533600	210.321466
10.477800	206.229170
10.425600	202.153946
10.377000	198.136621
10.330200	194.055669
10.285200	189.927777
10.242000	185.772745
10.200600	181.613654
10.161000	177.475998
10.123200	173.386203
10.087200	169.370052
10.051200	165.242464
10.017000	161.224023
9.982800	157.115819
9.948600	152.921409
9.916200	148.869918
9.883800	144.742706
9.851400	140.538331
9.820800	136.494370
9.790200	132.376573
9.759600	128.182168
9.730800	124.162442
9.702000	120.071693
9.673200	115.909948
9.644400	111.678657
9.617400	107.651347
9.590400	103.569390
0.000000	0.000000
& cycle # 5, chisq = 4742.138957, e = 37.391645
18.000000	403.132721
16.691400	399.121117
16.488000	395.071325
16.369200	391.018148
16.279200	387.013743
16.201800	382.924794
16.133400	378.834994
16.072200	374.811430
16.014600	370.723324
15.960600	366.642839
15.910200	362.639199
15.861600	358.622263
15.813000	354.473207
15.766200	350.370821
15.721200	346.341657
15.676200	342.243088
15.631200	338.089789
15.588000	334.066896
15.544800	330.026113
15.501600	325.985047
15.458400	321.960554
15.413400	317.802066
15.368400	313.691933
15.323400	309.642205
15.276600	305.506603
15.229800	301.461544
15.181200	297.372100
15.130800	293.268689
15.078600	289.185120
15.024600	285.155918
14.967000	281.090309
14.905800	277.042021
14.839200	272.960361
14.767200	268.934841
14.686200	264.898420
14.592600	260.890039
14.477400	256.886233
14.319000	252.879891
13.980600	248.877168
12.690000	244.863794
11.836800	240.863070
11.052000	236.854899
10.895400	232.852208
10.787400	228.802069
10.702800	224.740492
10.632600	220.720898
10.571400	216.711313
10.515600	212.627902
10.465200	208.572607
10.418400	204.478212
10.375200	200.401906
10.335600	196.401547
10.297800	192.336803
10.261800	188.233828
10.227600	184.121021
10.195200	180.028373
10.164600	175.986553
10.134000	171.773416
10.105200	167.652687
10.076400	163.382869
10.049400	159.246184
10.022400	154.981643
9.997200	150.887162
9.972000	146.683036
9.948600	142.681153
9.925200	138.584499
9.901800	134.392252
9.878400	130.103122
9.856800	126.056460
9.835200	121.924179
9.813600	117.704490
9.792000	113.395520
9.772200	109.365615
9.752400	105.257803
9.732600	101.070929
0.000000	0.000000
& cycle # 6, chisq = 4720.833256, e = 37.391645
18.000000	389.264379
17.132400	385.260222
16.750800	381.258652
16.588800	377.209354
16.473600	373.207540
16.378200	369.157307
16.295400	365.090481
16.221600	361.053580
16.153200	356.994790
16.088400	352.889513
16.027200	348.795187
15.969600	344.766347
15.913800	340.723959
15.859800	336.706123
15.805800	332.607502
15.753600	328.586874
15.701400	324.523206
15.649200	320.430696
15.597000	316.326155
15.544800	312.229758
15.492600	308.163196
15.440400	304.146506
15.386400	300.060790
15.332400	296.058603
15.276600	292.022010
15.219000	287.973719
15.159600	283.942105
15.096600	279.846410
15.030000	275.739792
14.959800	271.674060
14.884200	267.602327
14.803200	263.593117
14.713200	259.572943
14.610600	255.558436
14.488200	251.540801
14.333400	247.540022
14.104800	243.527779
13.237200	239.527538
11.500200	235.520395
11.260800	231.487794
11.102400	227.466592
10.978200	223.455314
10.873800	219.412038
10.783800	215.364385
10.704600	211.342283
10.632600	207.310689
10.566000	203.271719
10.503000	199.182581
10.443600	195.085739
10.387800	191.015031
10.335600	187.001256
10.285200	182.927879
10.236600	178.810560
10.189800	174.670094
10.144800	170.531407
10.101600	166.421355
10.060200	162.366210
10.018800	158.206683
9.979200	154.137869
9.939600	149.985937
9.901800	145.947058
9.864000	141.833372
9.826200	137.641735
9.790200	133.573046
9.754200	129.425288
9.720000	125.408591
9.685800	121.316169
9.651600	117.148993
9.619200	113.135542
9.586800	109.063951
9.554400	104.942044
9.522000	100.779399
0.000000	0.000000
& cycle # 1, chisq = 4307.629488, e = 36.397078
18.000000	377.646527
17.978400	373.502076
17.955000	369.442600
17.928000	365.250859
17.897400	361.065064
17.863200	357.003736
17.823600	352.979504
17.775000	348.871161
17.715600	344.815192
17.640000	340.791920
17.539200	336.756078
17.404200	332.730933
17.236800	328.700346
17.062200	324.680300
16.902000	320.657523
16.761600	316.652796
16.635600	312.627977
16.520400	308.592582
16.412400	304.569072
16.308000	300.508579
16.207200	296.505037
16.104600	292.449822
16.000200	288.423393
15.890400	284.389004
15.769800	280.332523
15.633000	276.325058
15.460200	272.290358
15.175800	268.282677
14.040000	264.275582
13.759200	260.244529
13.555800	256.210089
13.377600	252.203034
13.204800	248.192991
13.026600	244.190150
12.821400	240.170788
12.538800	236.156038
11.408400	232.143290
11.149200	228.124127
10.998000	224.086841
10.882800	220.020692
10.789200	215.998921
10.708200	211.966278
10.636200	207.953354
10.569600	203.895667
10.508400	199.884505
10.450800	195.865257
10.395000	191.742428
10.342800	187.674817
10.292400	183.548212
10.245600	179.538827
10.200600	175.524607
10.155600	171.361203
10.112400	167.234118
10.071000	163.170829
10.029600	159.013484
9.990000	154.958855
9.950400	150.835519
9.910800	146.648119
9.873000	142.592697
9.835200	138.479151
9.797400	134.304684
9.761400	130.269277
9.725400	126.173246
9.689400	122.015954
9.655200	118.011536
9.621000	113.957960
9.586800	109.862415
9.552600	105.734693
9.518400	101.586585
0.000000	0.000000
& cycle # 2, chisq = 4311.207817, e = 36.397078
18.000000	425.223353
17.994600	419.466429
17.989200	413.965730
17.983800	408.713878
17.978400	403.700449
17.973000	398.915390
17.967600	394.349834
17.962200	389.995907
17.956800	385.846290
17.949600	380.618958
17.942400	375.725216
17.935200	371.147982
17.928000	366.870329
17.919000	361.919678
17.910000	357.381485
17.901000	353.227968
17.890200	348.715527
17.879400	344.678965
17.866800	340.519527
17.852400	336.419899
17.834400	332.157649
17.812800	328.118838
17.782200	324.014542
17.726400	319.970766
17.361000	315.947603
17.193600	311.910061
16.907400	307.907144
16.336800	303.875071
16.196400	299.815222
16.086600	295.808011
15.985800	291.774109
15.886800	287.748041
15.782400	283.682059
15.665400	279.639401
15.516000	275.638663
15.179400	271.632626
14.421600	267.611830
14.238000	263.583841
14.092200	259.571721
13.957200	255.519186
13.824000	251.476687
13.681800	247.452370
13.510800	243.419490
13.248000	239.416166
12.171600	235.408072
11.836800	231.401094
11.331000	227.399954
10.737000	223.350472
10.634400	219.274347
10.564200	215.174160
10.510200	211.147489
10.465200	207.131266
10.425600	203.045290
10.389600	198.840781
10.357200	194.625691
10.328400	190.512580
10.301400	186.325005
10.276200	182.112582
10.252800	177.926782
10.231200	173.819821
10.209600	169.471863
10.189800	165.268559
10.171800	161.262288
10.153800	157.076030
10.135800	152.706396
10.119600	148.614286
10.103400	144.368821
10.087200	139.967871
10.072800	135.923720
10.058400	131.753678
10.044000	127.456350
10.029600	123.030344
10.015200	118.474259
10.002600	114.379860
9.990000	110.183801
9.977400	105.885077
9.964800	101.482649
0.000000	0.000000
& cycle # 3, chisq = 4251.771165, e = 36.397078
18.000000	380.011376
16.909200	376.000129
16.758000	371.990865
16.650000	367.983733
16.561800	363.968417
16.484400	359.918064
16.414200	355.841387
16.349400	351.752850
16.290000	347.750529
16.232400	343.664933
16.176600	339.543950
16.122600	335.426842
16.070400	331.344101
16.020000	327.321756
15.969600	323.238315
15.919200	319.115461
15.868800	314.976993
15.818400	310.845417
15.768000	306.739405
15.717600	302.673715
15.667200	298.661336
15.615000	294.576693
15.561000	290.446138
15.507000	286.433229
15.451200	282.430802
15.391800	278.348821
15.330600	274.347653
15.265800	270.345637
15.195600	266.292788
15.120000	262.273840
15.035400	258.220682
14.940000	254.215121
14.826600	250.194546
14.682600	246.165765
14.468400	242.162921
12.695400	238.162227
11.395800	234.153555
11.185200	230.149200
11.039400	226.131437
10.922400	222.065798
10.825200	218.026943
10.740600	213.970332
10.665000	209.904866
10.596600	205.873189
10.533600	201.869521
10.474200	197.840526
10.418400	193.824960
10.364400	189.715412
10.314000	185.670599
10.265400	181.570779
10.218600	177.434165
10.173600	173.283527
10.130400	169.144704
10.089000	165.044383
10.049400	161.007906
10.009800	156.867300
9.972000	152.823533
9.934200	148.693955
9.898200	144.681990
9.862200	140.591359
9.826200	136.418627
9.792000	132.374263
9.757800	128.247380
9.723600	124.034364
9.691200	119.961672
9.658800	115.809772
9.626400	111.580922
9.595800	107.520544
9.565200	103.401553
0.000000	0.000000
& cycle # 4, chisq = 4301.765729, e = 36.397078
18.000000	339.289849
17.890200	335.265592
17.155800	331.259142
16.768800	327.254456
16.594200	323.229126
16.466400	319.188702
16.360200	315.139070
16.266600	311.072841
16.182000	307.054351
16.102800	303.051811
16.027200	299.051713
15.953400	295.016177
15.881400	291.004236
15.809400	286.971529
15.737400	282.961610
15.663600	278.909683
15.588000	274.857194
15.508800	270.768637
15.426000	266.722062
15.337800	262.712154
15.240600	258.680715
15.130800	254.650731
14.999400	250.614107
14.826600	246.585061
14.529600	242.583147
12.524400	238.582292
11.383200	234.563751
11.181600	230.544587
11.041200	226.536416
10.927800	222.489976
10.832400	218.449340
10.749600	214.427073
10.674000	210.326796
10.605600	206.274225
10.542600	202.264985
10.483200	198.247631
10.425600	194.130349
10.371600	190.065077
10.319400	185.937831
10.270800	181.914663
10.224000	177.874221
10.179000	173.838325
10.135800	169.831585
10.092600	165.705111
10.051200	161.648888
10.009800	157.503438
9.970200	153.462629
9.930600	149.353003
9.891000	145.176506
9.853200	141.126466
9.815400	137.011399
9.777600	132.827076
9.741600	128.773811
9.705600	124.651567
9.669600	120.460153
9.635400	116.416757
9.601200	112.318708
9.567000	108.174040
9.532800	103.993130
0.000000	0.000000
& cycle # 5, chisq = 4301.745025, e = 36.397078
18.000000	389.264379
17.208000	385.260221
16.767000	381.254659
16.596000	377.224915
16.473600	373.166164
16.374600	369.134007
16.288200	365.055901
16.210800	360.982856
16.140600	356.976101
16.074000	352.920185
16.011000	348.870459
15.949800	344.758439
15.892200	340.753748
15.834600	336.646080
15.778800	332.591462
15.723000	328.480491
15.669000	324.463023
15.615000	320.423024
15.561000	316.380104
15.507000	312.356605
15.451200	308.242415
15.395400	304.191706
15.337800	300.091977
15.280200	296.087225
15.220800	292.070188
15.159600	288.069043
15.094800	284.007315
15.026400	279.937465
14.954400	275.909941
14.877000	271.879032
14.792400	267.828675
14.698800	263.789158
14.592600	259.780946
14.464800	255.742151
14.302800	251.724502
14.061600	247.713203
12.866400	243.712862
11.512800	239.694362
11.268000	235.681585
11.106000	231.665267
10.978200	227.622768
10.872000	223.586389
10.780200	219.529251
10.699200	215.481601
10.625400	211.411335
10.557000	207.322189
10.494000	203.290921
10.434600	199.253621
10.378800	195.242210
10.324800	191.146474
10.274400	187.124835
10.225800	183.060467
10.179000	178.974832
10.134000	174.893265
10.090800	170.842572
10.047600	166.672483
10.006200	162.573490
9.966600	158.565531
9.927000	154.476282
9.887400	150.306596
9.849600	146.249464
9.811800	142.113221
9.775800	138.095907
9.739800	133.998317
9.703800	129.817646
9.669600	125.768548
9.635400	121.646110
9.601200	117.455331
9.568800	113.429169
9.536400	109.357428
9.504000	105.250209
9.471600	101.118157
0.000000	0.000000
& cycle # 1, chisq = 4696.130609, e = 37.199597
18.000000	377.646527
17.974800	373.444859
17.947800	369.251108
17.919000	365.090349
17.888400	360.999033
17.856000	356.996380
17.820000	352.899697
17.780400	348.782159
17.737200	344.689667
17.690400	340.658849
17.638200	336.597627
17.580600	332.555331
17.515800	328.459212
17.443800	324.377785
17.364600	320.327638
17.276400	316.249749
17.181000	312.239502
17.076600	308.206649
16.963200	304.177084
16.840800	300.142456
16.707600	296.103905
16.561800	292.068639
16.398000	288.061777
16.201800	284.039202
15.931800	280.038841
14.661000	276.037914
14.220000	272.019631
13.975200	268.007683
13.775400	263.984885
13.595400	259.973081
13.420800	255.955739
13.240800	251.947337
13.044600	247.943358
12.801600	243.926885
12.366000	239.921894
11.268000	235.916089
11.071800	231.901660
10.936800	227.856517
10.830600	223.793902
10.742400	219.752452
10.665000	215.682626
10.596600	211.679395
10.533600	207.658853
10.474200	203.574319
10.418400	199.470135
10.366200	195.385178
10.317600	191.357615
10.270800	187.266441
10.225800	183.131468
10.182600	178.976485
10.141200	174.828033
10.101600	170.713539
10.063800	166.659422
10.026000	162.488496
9.990000	158.413112
9.954000	154.240992
9.919800	150.189478
9.885600	146.051818
9.853200	142.050485
9.820800	137.966796
9.788400	133.796981
9.757800	129.776252
9.727200	125.672459
9.696600	121.483801
9.667800	117.463679
9.639000	113.369240
9.610200	109.203238
9.581400	104.970020
9.554400	100.945465
0.000000	0.000000
& cycle # 2, chisq = 4683.469283, e = 37.199597
18.000000	425.223353
17.987400	420.742722
17.973000	416.427738
17.955000	412.075183
17.931600	407.865612
17.895600	403.819741
17.654400	399.785347
17.550000	395.722888
17.483400	391.699886
17.424000	387.593379
17.366400	383.468863
17.307000	379.372327
17.242200	375.366606
17.161200	371.309112
17.031600	367.284246
16.479000	363.275955
16.336800	359.212050
16.236000	355.157031
16.149600	351.099325
16.070400	347.096839
15.991200	343.018810
15.910200	338.953297
15.823800	334.908134
15.724800	330.843424
15.598800	326.813028
15.357600	322.801895
14.650200	318.766196
14.493600	314.717149
14.378400	310.692638
14.279400	306.647977
14.189400	302.647209
14.101200	298.573845
14.014800	294.566434
13.924800	290.500796
13.829400	286.456762
13.723200	282.456680
13.590000	278.410710
13.379400	274.406626
12.580200	270.395669
12.400200	266.367581
12.276000	262.329990
12.173400	258.310233
12.079800	254.232049
11.991600	250.189441
11.903400	246.133366
11.811600	242.088844
11.710800	238.063755
11.588400	234.038265
11.379600	230.021662
10.868400	226.014328
10.785600	221.983482
10.731600	217.929820
10.690200	213.877283
10.656000	209.818967
10.625400	205.582596
10.598400	201.327489
10.575000	197.218141
10.553400	193.055094
10.533600	188.909557
10.515600	184.853673
10.497600	180.511525
10.481400	176.348356
10.465200	171.933533
10.450800	167.790103
10.436400	163.433131
10.422000	158.855466
10.409400	154.663250
10.396800	150.291529
10.384200	145.735276
10.373400	141.679187
10.362600	137.480546
10.351800	133.136090
10.341000	128.642535
10.330200	123.996581
10.319400	119.194915
10.310400	115.072182
10.301400	110.837086
10.292400	106.487701
10.283400	102.022108
0.000000	0.000000
& cycle # 3, chisq = 5563.740699, e = 37.199597
18.000000	380.011376
16.884000	376.008539
16.529400	371.971046
16.394400	367.932561
16.295400	363.887277
16.212600	359.797626
16.140600	355.749609
16.075800	351.739049
16.014600	347.651634
15.957000	343.562784
15.903000	339.544761
15.850800	335.519589
15.798600	331.382605
15.748200	327.304232
15.697800	323.162487
15.649200	319.126611
15.600600	315.069125
15.552000	311.012130
15.503400	306.978980
15.453000	302.845378
15.402600	298.782490
15.350400	294.667036
15.298200	290.660922
15.244200	286.647186
15.186600	282.531468
15.127200	278.489391
15.064200	274.451739
14.995800	270.380515
14.922000	266.365041
14.839200	262.327672
14.743800	258.287431
14.628600	254.277877
14.472000	250.266259
14.171400	246.259686
12.826800	242.254800
11.862000	238.254669
11.095200	234.223013
10.927800	230.183410
10.812600	226.138516
10.722600	222.107820
10.647000	218.077540
10.580400	214.020227
10.521000	209.989608
10.467000	205.975969
10.416600	201.914966
10.369800	197.856625
10.326600	193.851576
10.285200	189.769581
10.245600	185.634364
10.207800	181.472602
10.171800	177.313107
10.137600	173.185619
10.105200	169.119562
10.072800	164.905036
10.042200	160.791428
10.011600	156.551225
9.982800	152.446792
9.954000	148.233292
9.927000	144.184272
9.900000	140.038930
9.873000	135.795839
9.847800	131.745566
9.822600	127.606149
9.797400	123.375188
9.774000	119.362331
9.750600	115.266603
9.727200	111.086471
9.703800	106.820850
9.682200	102.807045
0.000000	0.000000
& cycle # 4, chisq = 4657.063854, e = 37.199597
18.000000	339.289849
17.901000	335.254725
17.479800	331.253703
16.837200	327.232969
16.633800	323.189373
16.493400	319.145399
16.380000	315.134795
16.281000	311.110512
16.191000	307.086742
16.106400	303.050553
16.025400	298.999170
15.948000	294.999125
15.870600	290.930198
15.793200	286.852826
15.715800	282.814406
15.636600	278.760435
15.555600	274.741228
15.471000	270.739079
15.379200	266.681984
15.280200	262.678978
15.168600	258.660941
15.037200	254.657904
14.866200	250.645125
14.587200	246.644005
12.409200	242.643980
11.395800	238.623628
11.192400	234.623390
11.048400	230.579651
10.933200	226.544697
10.836000	222.512773
10.751400	218.491888
10.675800	214.487073
10.605600	210.430757
10.540800	206.410962
10.479600	202.378261
10.422000	198.371477
10.366200	194.287090
10.314000	190.277056
10.263600	186.225936
10.215000	182.151617
10.168200	178.076766
10.123200	174.027146
10.078200	169.860286
10.035000	165.761872
9.993600	161.754104
9.952200	157.675404
9.910800	153.529894
9.871200	149.502563
9.831600	145.412087
9.792000	141.254102
9.754200	137.217617
9.716400	133.111751
9.678600	128.935323
9.642600	124.894064
9.606600	120.795862
9.570600	116.649228
9.534600	112.465571
9.498600	108.258251
9.464400	104.252093
9.430200	100.248326
0.000000	0.000000
& cycle # 5, chisq = 4690.419852, e = 37.199597
18.000000	389.264379
17.123400	385.254859
16.839000	381.218072
16.693200	377.195342
16.585200	373.146536
16.497000	369.135373
16.419600	365.100750
16.349400	361.028116
16.284600	356.932713
16.225200	352.919098
16.167600	348.815769
16.113600	344.799327
16.061400	340.775188
16.011000	336.771376
15.960600	332.668239
15.912000	328.637532
15.863400	324.555481
15.814800	320.442273
15.766200	316.315104
15.717600	312.188233
15.669000	308.074832
15.620400	303.989263
15.571800	299.948230
15.521400	295.824219
15.471000	291.787846
15.418800	287.717681
15.364800	283.639876
15.309000	279.579326
15.251400	275.561829
15.190200	271.500945
15.125400	267.453369
15.055200	263.382552
14.979600	259.378640
14.895000	255.364686
14.797800	251.344290
14.680800	247.320338
14.526000	243.298367
14.266800	239.297535
11.820600	235.296095
11.241000	231.266005
11.053800	227.228449
10.922400	223.181903
10.819800	219.175914
10.733400	215.148557
10.657800	211.109222
10.589400	207.038233
10.526400	202.940345
10.468800	198.898302
10.414800	194.844077
10.364400	190.817824
10.315800	186.702831
10.270800	182.681276
10.227600	178.625525
10.186200	174.559632
10.146600	170.509904
10.108800	166.503270
10.071000	162.365781
10.035000	158.310383
9.999000	154.148929
9.964800	150.101661
9.930600	145.965519
9.896400	141.741245
9.864000	137.657060
9.831600	133.490642
9.801000	129.477467
9.770400	125.385469
9.739800	121.212168
9.711000	117.208586
9.682200	113.131192
9.653400	108.981025
9.624600	104.760690
9.597600	100.744154
0.000000	0.000000
& cycle # 1, chisq = 4325.389616, e = 36.439509
18.000000	377.646527
17.976600	373.626546
17.949600	369.388598
17.920800	365.283744
17.888400	361.126543
17.852400	357.001201
17.812800	352.973687
17.767800	348.953730
17.715600	344.886053
17.656200	340.882631
17.586000	336.809674
17.505000	332.742538
17.413200	328.704938
17.312400	324.690416
17.204400	320.667385
17.092800	316.613521
16.981200	312.567782
16.871400	308.512349
16.765200	304.509559
16.660800	300.508255
16.556400	296.456637
16.452000	292.423495
16.345800	288.395053
16.236000	284.369440
16.119000	280.346501
15.989400	276.304156
15.840000	272.291374
15.645600	268.283716
15.271200	264.281736
14.106600	260.263683
13.825800	256.247194
13.602600	252.226823
13.393800	248.210100
13.174200	244.202858
12.909600	240.202798
12.276000	236.201599
11.356200	232.179613
11.167200	228.163852
11.032200	224.158180
10.922400	220.148796
10.828800	216.144704
10.746000	212.125168
10.670400	208.066265
10.600200	203.983612
10.535400	199.965879
10.474200	195.962732
10.414800	191.885392
10.359000	187.878695
10.305000	183.832903
10.252800	179.761931
10.202400	175.684861
10.153800	171.625691
10.107000	167.611093
10.060200	163.508064
10.015200	159.494092
9.970200	155.424996
9.925200	151.309075
9.880200	147.149769
9.837000	143.114840
9.793800	139.034590
9.750600	134.903862
9.709200	130.894321
9.667800	126.834681
9.626400	122.729334
9.585000	118.588009
9.543600	114.425475
9.502200	110.260145
9.460800	106.111727
9.419400	101.998306
0.000000	0.000000
& cycle # 2, chisq = 4353.876513, e = 36.439509
18.000000	425.223353
17.994600	420.336485
17.989200	415.657700
17.983800	411.181626
17.978400	406.900027
17.973000	402.804952
17.965800	397.623190
17.958600	392.746673
17.951400	388.162354
17.944200	383.857211
17.937000	379.817942
17.928000	375.122370
17.919000	370.795901
17.908200	366.057860
17.897400	361.779296
17.884800	357.322654
17.870400	352.873187
17.854200	348.603612
17.834400	344.309950
17.809200	340.083114
17.773200	335.943480
17.694000	331.919158
17.328600	327.872108
17.202600	323.837033
17.078400	319.791582
16.907400	315.773724
16.149600	311.764662
15.912000	307.761977
15.717600	303.749057
15.494400	299.724796
14.590800	295.720010
14.270400	291.684594
14.099400	287.648974
13.962600	283.617753
13.840200	279.563170
13.725000	275.550010
13.609800	271.547695
13.487400	267.492951
13.352400	263.453298
13.186800	259.422643
12.911400	255.420283
12.013200	251.418613
11.831400	247.408431
11.707200	243.387662
11.608200	239.387104
11.521800	235.329785
11.444400	231.288148
11.372400	227.230615
11.304000	223.151430
11.239200	219.116613
11.176200	215.060237
11.115000	211.017818
11.053800	206.904037
10.994400	202.878089
10.935000	198.860636
10.873800	194.776772
10.810800	190.679176
10.746000	186.620230
10.677600	182.543027
10.605600	178.510372
10.528200	174.502353
10.441800	170.477214
10.341000	166.466470
10.207800	162.424439
9.955800	158.411068
9.255600	154.406434
9.126000	150.382389
9.045000	146.342707
8.983800	142.257667
8.933400	138.131746
8.890200	134.016233
8.852400	129.971486
8.818200	125.960121
8.785800	121.860467
8.755200	117.730954
8.726400	113.624857
8.699400	109.589472
8.672400	105.380244
8.647200	101.298989
0.000000	0.000000
& cycle # 3, chisq = 4628.032664, e = 36.439509
18.000000	380.011376
16.896600	376.010357
16.743600	372.005326
16.633800	367.982780
16.543800	363.938484
16.464600	359.848760
16.394400	355.827360
16.329600	351.799161
16.268400	347.739489
16.210800	343.721417
16.155000	339.673733
16.101000	335.631845
16.048800	331.623957
15.996600	327.533596
15.946200	323.525345
15.895800	319.481541
15.845400	315.424956
15.795000	311.375765
15.744600	307.350059
15.692400	303.219280
15.640200	299.141875
15.588000	295.134129
15.534000	291.081332
15.478200	287.014691
15.420600	282.965935
15.361200	278.963754
15.298200	274.920844
15.231600	270.881873
15.159600	266.801350
15.082200	262.766290
14.995800	258.708536
14.898600	254.699246
14.783400	250.668388
14.639400	246.666905
14.428800	242.665448
13.167000	238.665439
11.453400	234.663992
11.228400	230.636164
11.075400	226.608381
10.954800	222.607305
10.852200	218.542117
10.764000	214.499938
10.684800	210.417109
10.612800	206.336589
10.546200	202.258216
10.485000	198.256201
10.425600	194.133876
10.369800	190.036941
10.317600	185.995723
10.267200	181.893454
10.218600	177.747104
10.173600	173.742349
10.128600	169.584230
10.085400	165.456705
10.044000	161.385531
10.002600	157.209629
9.963000	153.123284
9.923400	148.950094
9.885600	144.885544
9.847800	140.739149
9.811800	136.709858
9.775800	132.597188
9.739800	128.396359
9.705600	124.320656
9.671400	120.161007
9.639000	116.144031
9.606600	112.056405
9.574200	107.903992
9.541800	103.694729
0.000000	0.000000
& cycle # 4, chisq = 4341.396233, e = 36.439509
18.000000	339.289849
17.888400	335.269236
17.159400	331.261209
16.776000	327.231506
16.601400	323.184194
16.473600	319.123290
16.367400	315.055753
16.275600	311.054676
16.191000	307.023952
16.111800	303.007909
16.036200	298.994252
15.962400	294.943782
15.890400	290.914387
15.818400	286.861865
15.746400	282.831420
15.672600	278.758577
15.597000	274.684001
15.519600	270.661846
15.436800	266.582460
15.348600	262.537938
15.251400	258.470322
15.143400	254.462020
15.013800	250.416541
14.846400	246.415127
14.567400	242.409246
12.760200	238.406609
11.404800	234.399587
11.192400	230.381590
11.046600	226.332064
10.931400	222.300492
10.834200	218.248336
10.749600	214.190364
10.674000	210.135933
10.605600	206.128564
10.540800	202.047094
10.479600	197.943826
10.422000	193.859325
10.368000	189.826766
10.315800	185.733045
10.265400	181.591935
10.218600	177.579466
10.173600	173.573096
10.128600	169.429331
10.085400	165.332582
10.044000	161.308276
10.002600	157.197890
9.963000	153.193144
9.923400	149.121503
9.883800	144.984340
9.846000	140.972652
9.808200	136.896449
9.770400	132.751447
9.734400	128.736241
9.698400	124.653033
9.662400	120.502181
9.628200	116.499320
9.594000	112.444325
9.559800	108.345714
9.525600	104.214197
9.491400	100.061806
0.000000	0.000000
& cycle # 5, chisq = 4336.063341, e = 36.439509
