25.000000	480.990020
19.662500	476.983153
17.572500	472.979269
17.125000	468.977182
16.940000	464.962386
16.810000	460.898406
16.707500	456.805947
16.622500	452.719213
16.550000	448.674522
16.485000	444.568843
16.427500	440.531144
16.375000	436.492287
16.325000	432.317845
16.280000	428.275757
16.237500	424.200769
16.197500	420.128975
16.160000	416.096382
16.122500	411.848584
16.087500	407.683531
16.055000	403.637231
16.022500	399.413550
15.992500	395.352742
15.962500	391.131988
15.935000	387.118747
15.907500	382.964098
15.880000	378.664702
15.855000	374.627786
15.830000	370.466119
15.805000	366.177369
15.780000	361.759292
15.757500	357.670682
15.735000	353.474104
15.712500	349.168156
15.690000	344.751511
15.670000	340.731660
15.650000	336.622521
15.630000	332.423303
15.610000	328.133246
15.590000	323.751623
15.570000	319.277728
15.550000	314.710867
15.532500	310.638066
15.515000	306.493105
15.497500	302.275521
15.480000	297.984842
15.462500	293.620582
15.445000	289.182241
15.427500	284.669299
15.410000	280.081212
15.392500	275.417417
15.377500	271.359171
15.362500	267.244479
15.347500	263.072939
15.332500	258.844134
15.317500	254.557632
15.302500	250.212991
15.287500	245.809752
15.272500	241.347450
15.257500	236.825608
15.242500	232.243741
15.227500	227.601360
15.212500	222.897971
15.197500	218.133080
15.185000	214.115001
15.172500	210.053586
15.160000	205.948556
15.147500	201.799633
15.135000	197.606547
15.122500	193.369034
15.110000	189.086835
15.097500	184.759701
15.085000	180.387393
15.072500	175.969682
15.060000	171.506348
15.047500	166.997186
15.035000	162.442001
15.022500	157.840613
15.010000	153.192855
14.997500	148.498574
14.985000	143.757632
14.972500	138.969905
14.960000	134.135285
14.947500	129.253676
14.935000	124.325000
14.922500	119.349189
14.912500	115.334568
14.902500	111.289727
14.892500	107.214650
14.882500	103.109326
0.000000	0.000000
& cycle # 2, chisq = 1750.902921, e = 57.543338
25.000000	488.494939
20.470000	484.493342
19.112500	480.492016
17.375000	476.487719
17.112500	472.481607
16.955000	468.409697
16.837500	464.330964
16.742500	460.270261
16.662500	456.250137
16.592500	452.233805
16.530000	448.221263
16.472500	444.150635
16.420000	440.099873
16.370000	435.932655
16.325000	431.914823
16.282500	427.880386
16.242500	423.864503
16.202500	419.630799
16.165000	415.458692
16.130000	411.382879
16.095000	407.126976
16.062500	403.009730
16.030000	398.729236
16.000000	394.629581
15.970000	390.384040
15.942500	386.361280
15.915000	382.210547
15.887500	377.929301
15.862500	373.921917
15.837500	369.802832
15.812500	365.570338
15.787500	361.222828
15.765000	357.210495
15.742500	353.102783
15.720000	348.898772
15.697500	344.597624
15.675000	340.198583
15.652500	335.700971
15.632500	331.619851
15.612500	327.459981
15.592500	323.221011
15.572500	318.902613
15.552500	314.504480
15.532500	310.026316
15.512500	305.467826
15.495000	301.413020
15.477500	297.296279
15.460000	293.117384
15.442500	288.876100
15.425000	284.572179
15.407500	280.205348
15.390000	275.775316
15.372500	271.281766
15.355000	266.724358
15.337500	262.102728
15.322500	258.089923
15.307500	254.029393
15.292500	249.920870
15.277500	245.764075
15.262500	241.558721
15.247500	237.304516
15.232500	233.001160
15.217500	228.648351
15.202500	224.245787
15.187500	219.793168
15.172500	215.290195
15.157500	210.736578
15.142500	206.132037
15.127500	201.476302
15.112500	196.769116
15.097500	192.010242
15.085000	188.004869
15.072500	183.963331
15.060000	179.885524
15.047500	175.771352
15.035000	171.620735
15.022500	167.433604
15.010000	163.209903
14.997500	158.949591
14.985000	154.652639
14.972500	150.319034
14.960000	145.948776
14.947500	141.541878
14.935000	137.098368
14.922500	132.618287
14.910000	128.101688
14.897500	123.548636
14.885000	118.959209
14.872500	114.333495
14.860000	109.671592
14.847500	104.973606
14.835000	100.239652
0.000000	0.000000
& cycle # 6, chisq = 1766.374858, e = 57.543338
25.000000	480.990020
18.702500	476.984153
17.112500	472.958914
16.877500	468.924454
16.750000	464.875864
16.657500	460.785224
16.585000	456.746633
16.522500	452.584571
16.470000	448.543433
16.422500	444.417505
16.380000	440.318118
16.340000	436.084269
16.305000	432.063344
16.272500	428.051513
16.240000	423.759159
16.210000	419.536936
16.182500	415.438118
16.155000	411.112241
16.130000	406.975378
16.105000	402.637123
16.082500	398.554835
16.060000	394.298723
16.037500	389.863510
16.017500	385.766381
15.997500	381.519604
15.977500	377.119239
15.957500	372.561284
15.940000	368.440612
15.922500	364.193432
15.905000	359.816975
15.887500	355.308453
15.870000	350.665064
15.855000	346.575544
15.840000	342.383102
15.825000	338.085966
15.810000	333.682365
15.795000	329.170532
15.780000	324.548706
15.765000	319.815131
15.752500	315.783860
15.740000	311.672766
15.727500	307.480845
15.715000	303.207100
15.702500	298.850537
15.690000	294.410168
15.677500	289.885009
15.665000	285.274079
15.652500	280.576402
15.640000	275.791006
15.627500	270.916921
15.615000	265.953179
15.605000	261.916984
15.595000	257.822296
15.585000	253.668622
15.575000	249.455466
15.565000	245.182335
15.555000	240.848733
15.545000	236.454163
15.535000	231.998126
15.525000	227.480123
15.515000	222.899652
15.505000	218.256207
15.495000	213.549282
15.485000	208.778366
15.475000	203.942944
15.465000	199.042499
15.455000	194.076509
15.445000	189.044448
15.435000	183.945786
15.425000	178.779988
15.415000	173.546512
15.405000	168.244814
15.397500	164.223439
15.390000	160.163144
15.382500	156.063695
15.375000	151.924853
15.367500	147.746379
15.360000	143.528032
15.352500	139.269568
15.345000	134.970743
15.337500	130.631310
15.330000	126.251023
15.322500	121.829629
15.315000	117.366879
15.307500	112.862520
15.300000	108.316296
15.292500	103.727953
0.000000	0.000000
& cycle # 2, chisq = 585.069842, e = 52.571645
25.000000	480.990020
18.812500	476.983324
17.150000	472.975625
16.920000	468.923857
16.787500	464.887667
16.690000	460.839234
16.612500	456.829359
16.545000	452.677742
16.487500	448.600892
16.435000	444.404080
16.387500	440.186982
16.345000	436.053745
16.305000	431.835575
16.267500	427.577639
16.232500	423.326474
16.200000	419.129240
16.170000	415.033063
16.140000	410.716036
16.112500	406.557924
16.085000	402.201132
16.060000	398.062453
16.035000	393.749015
16.012500	389.713169
15.990000	385.527617
15.967500	381.188381
15.945000	376.691428
15.925000	372.558435
15.905000	368.294719
15.885000	363.897381
15.865000	359.363523
15.847500	355.282133
15.830000	351.092072
15.812500	346.791421
15.795000	342.378277
15.777500	337.850753
15.760000	333.206984
15.745000	329.132691
15.730000	324.970494
15.715000	320.719258
15.700000	316.377866
15.685000	311.945210
15.670000	307.420197
15.655000	302.801747
15.640000	298.088790
15.627500	294.088368
15.615000	290.020971
15.602500	285.885995
15.590000	281.682837
15.577500	277.410896
15.565000	273.069574
15.552500	268.658271
15.540000	264.176387
15.527500	259.623322
15.515000	254.998471
15.502500	250.301227
15.490000	245.530979
15.477500	240.687111
15.465000	235.768999
15.452500	230.776013
15.442500	226.727288
15.432500	222.629907
15.422500	218.483536
15.412500	214.287837
15.402500	210.042469
15.392500	205.747088
15.382500	201.401343
15.372500	197.004882
15.362500	192.557346
15.352500	188.058374
15.342500	183.507600
15.332500	178.904652
15.322500	174.249157
15.312500	169.540738
15.302500	164.779011
15.292500	159.963591
15.282500	155.094090
15.272500	150.170116
15.262500	145.191274
15.252500	140.157167
15.242500	135.067395
15.232500	129.921558
15.222500	124.719254
15.212500	119.460078
15.202500	114.143627
15.195000	110.118459
15.187500	106.060676
15.180000	101.970109
0.000000	0.000000
& cycle # 2, chisq = 830.570194, e = 54.232226
25.000000	488.494939
18.767500	484.486693
17.145000	480.472327
16.912500	476.443942
16.782500	472.413697
16.687500	468.355273
16.612500	464.340630
16.547500	460.192010
16.492500	456.138761
16.442500	451.981209
16.397500	447.824527
16.357500	443.778017
16.320000	439.666676
16.285000	435.537981
16.252500	431.440625
16.222500	427.423698
16.192500	423.172497
16.165000	419.062100
16.137500	414.740163
16.112500	410.621346
16.087500	406.315864
16.065000	402.276457
16.042500	398.076654
16.020000	393.711930
16.000000	389.689991
15.980000	385.530790
15.960000	381.230975
15.940000	376.787152
15.922500	372.777981
15.905000	368.653618
15.887500	364.411741
15.870000	360.050021
15.852500	355.566130
15.835000	350.957741
15.820000	346.906846
15.805000	342.761328
15.790000	338.519739
15.775000	334.180643
15.760000	329.742615
15.745000	325.204239
15.730000	320.564112
15.715000	315.820844
15.702500	311.788338
15.690000	307.682459
15.677500	303.502422
15.665000	299.247448
15.652500	294.916763
15.640000	290.509599
15.627500	286.025191
15.615000	281.462779
15.602500	276.821604
15.590000	272.100911
15.577500	267.299947
15.565000	262.417958
15.552500	257.454190
15.542500	253.423789
15.532500	249.340179
15.522500	245.202972
15.512500	241.011777
15.502500	236.766204
15.492500	232.465856
15.482500	228.110339
15.472500	223.699252
15.462500	219.232193
15.452500	214.708756
15.442500	210.128533
15.432500	205.491109
15.422500	200.796068
15.412500	196.042988
15.402500	191.231444
15.392500	186.361007
15.382500	181.431241
15.372500	176.441707
15.362500	171.391961
15.352500	166.281555
15.342500	161.110036
15.332500	155.876945
15.322500	150.581822
15.315000	146.569490
15.307500	142.521803
15.300000	138.438563
15.292500	134.319568
15.285000	130.164617
15.277500	125.973505
15.270000	121.746030
15.262500	117.481987
15.255000	113.181169
15.247500	108.843369
15.240000	104.468382
15.232500	100.055998
0.000000	0.000000
& cycle # 6, chisq = 694.679164, e = 54.232226
25.000000	480.990020
19.540000	476.989085
17.560000	472.986189
17.107500	468.944629
16.930000	464.890228
16.807500	460.830186
16.712500	456.802692
16.632500	452.713845
16.565000	448.703920
16.505000	444.666040
16.450000	440.541889
16.400000	436.418724
16.355000	432.386631
16.312500	428.285840
16.272500	424.155544
16.235000	420.035665
16.200000	415.966280
16.165000	411.672888
16.132500	407.478818
16.102500	403.424385
16.072500	399.188798
16.045000	395.142294
16.017500	390.934472
15.990000	386.560780
15.965000	382.436843
15.940000	378.168429
15.915000	373.751958
15.892500	369.647581
15.870000	365.417767
15.847500	361.059933
15.825000	356.571530
15.805000	352.470201
15.785000	348.262009
15.765000	343.945272
15.745000	339.518354
15.725000	334.979660
15.707500	330.915397
15.690000	326.763365
15.672500	322.522583
15.655000	318.192097
15.637500	313.770972
15.620000	309.258295
15.602500	304.653170
15.587500	300.631669
15.572500	296.541049
15.557500	292.380761
15.542500	288.150261
15.527500	283.849000
15.512500	279.476430
15.497500	275.031995
15.482500	270.515133
15.467500	265.925273
15.452500	261.261831
15.437500	256.524215
15.425000	252.519100
15.412500	248.461690
15.400000	244.351618
15.387500	240.188507
15.375000	235.971971
15.362500	231.701616
15.350000	227.377040
15.337500	222.997833
15.325000	218.563574
15.312500	214.073836
15.300000	209.528184
15.287500	204.926175
15.275000	200.267361
15.262500	195.551285
15.250000	190.777487
15.237500	185.945503
15.225000	181.054864
15.212500	176.105100
15.202500	172.102402
15.192500	168.061320
15.182500	163.981614
15.172500	159.863042
15.162500	155.705364
15.152500	151.508344
15.142500	147.271745
15.132500	142.995334
15.122500	138.678879
15.112500	134.322154
15.102500	129.924933
15.092500	125.486997
15.082500	121.008130
15.072500	116.488120
15.062500	111.926761
15.052500	107.323852
15.042500	102.679197
0.000000	0.000000
& cycle # 2, chisq = 1188.285480, e = 55.235211
25.000000	488.494939
19.090000	484.494096
17.287500	480.479968
17.002500	476.459008
16.855000	472.439311
16.747500	468.337877
16.662500	464.235894
16.592500	460.195566
16.530000	456.020437
16.475000	451.860484
16.425000	447.652827
16.380000	443.496445
16.340000	439.491751
16.302500	435.459537
16.267500	431.443207
16.232500	427.172867
16.200000	422.971481
16.170000	418.884242
16.140000	414.589455
16.112500	410.464312
16.085000	406.153390
16.060000	402.068332
16.035000	397.820559
16.010000	393.405519
15.987500	389.285123
15.965000	385.022019
15.942500	380.612709
15.922500	376.567731
15.902500	372.401957
15.882500	368.112895
15.862500	363.698059
15.842500	359.154976
15.825000	355.072649
15.807500	350.888629
15.790000	346.601313
15.772500	342.209118
15.755000	337.710484
15.737500	333.103881
15.722500	329.068287
15.707500	324.951332
15.692500	320.752100
15.677500	316.469688
15.662500	312.103210
15.647500	307.651792
15.632500	303.114571
15.617500	298.490696
15.602500	293.779325
15.587500	288.979623
15.575000	284.911798
15.562500	280.781578
15.550000	276.588486
15.537500	272.332043
15.525000	268.011773
15.512500	263.627194
15.500000	259.177823
15.487500	254.663173
15.475000	250.082754
15.462500	245.436067
15.450000	240.722610
15.437500	235.941874
15.425000	231.093340
15.412500	226.176484
15.400000	221.190771
15.390000	217.152260
15.380000	213.069052
15.370000	208.940861
15.360000	204.767398
15.350000	200.548368
15.340000	196.283475
15.330000	191.972418
15.320000	187.614892
15.310000	183.210590
15.300000	178.759200
15.290000	174.260407
15.280000	169.713896
15.270000	165.119344
15.260000	160.476431
15.250000	155.784832
15.240000	151.044220
15.230000	146.254269
15.220000	141.414650
15.210000	136.525033
15.200000	131.585091
15.190000	126.594493
15.180000	121.552912
15.170000	116.460021
15.160000	111.315493
15.150000	106.119006
15.140000	100.870239
0.000000	0.000000
& cycle # 6, chisq = 909.644890, e = 55.235211
25.000000	480.990020
19.492500	476.986526
17.395000	472.975649
17.067500	468.962696
16.895000	464.948271
16.770000	460.927068
16.670000	456.897306
16.585000	452.816552
16.512500	448.805445
16.447500	444.758455
16.387500	440.619571
16.332500	436.467602
16.282500	432.382785
16.235000	428.217784
16.190000	424.007078
16.147500	419.785321
16.107500	415.587062
16.070000	411.446579
16.035000	407.397744
16.000000	403.165344
15.967500	399.066007
15.935000	394.799017
15.905000	390.707503
15.875000	386.465699
15.847500	382.442400
15.820000	378.287346
15.792500	373.998099
15.767500	369.980401
15.742500	365.848291
15.717500	361.600277
15.692500	357.234983
15.670000	353.204901
15.647500	349.077957
15.625000	344.853372
15.602500	340.530424
15.580000	336.108434
15.560000	332.094109
15.540000	328.000581
15.520000	323.827417
15.500000	319.574181
15.480000	315.240428
15.460000	310.825696
15.440000	306.329499
15.422500	302.328096
15.405000	298.263564
15.387500	294.135515
15.370000	289.943539
15.352500	285.687203
15.335000	281.366051
15.317500	276.979602
15.300000	272.527355
15.282500	268.008791
15.265000	263.423371
15.247500	258.770545
15.232500	254.728334
15.217500	250.635831
15.202500	246.492680
15.187500	242.298524
15.172500	238.053010
15.157500	233.755795
15.142500	229.406539
15.127500	225.004919
15.112500	220.550621
15.097500	216.043352
15.082500	211.482832
15.067500	206.868807
15.052500	202.201042
15.037500	197.479328
15.022500	192.703481
15.010000	188.682144
14.997500	184.623029
14.985000	180.526075
14.972500	176.391233
14.960000	172.218469
14.947500	168.007764
14.935000	163.759109
14.922500	159.472511
14.910000	155.147991
14.897500	150.785578
14.885000	146.385318
14.872500	141.947264
14.860000	137.471481
14.847500	132.958041
14.835000	128.407027
14.822500	123.818527
14.810000	119.192636
14.797500	114.529452
14.785000	109.829078
14.772500	105.091620
14.760000	100.317182
0.000000	0.000000
& cycle # 2, chisq = 2258.966184, e = 59.313369
25.000000	488.494939
20.185000	484.493824
18.852500	480.491429
17.270000	476.485593
17.042500	472.444335
16.895000	468.402658
16.782500	464.390458
16.690000	460.388622
16.610000	456.349221
16.540000	452.329901
16.477500	448.328817
16.420000	444.283305
16.367500	440.269803
16.317500	436.152284
16.270000	431.964624
16.225000	427.741282
16.182500	423.516730
16.142500	419.325099
16.105000	415.199976
16.070000	411.174273
16.035000	406.974212
16.002500	402.913716
15.970000	398.694525
15.940000	394.655431
15.910000	390.474277
15.880000	386.147812
15.852500	382.051529
15.825000	377.828140
15.797500	373.475422
15.772500	369.404423
15.747500	365.223365
15.722500	360.930912
15.697500	356.525843
15.675000	352.464077
15.652500	348.309461
15.630000	344.061327
15.607500	339.719063
15.585000	335.282100
15.565000	331.258200
15.545000	327.158692
15.525000	322.983219
15.505000	318.731421
15.485000	314.402930
15.465000	309.997357
15.445000	305.514292
15.425000	300.953293
15.407500	296.898115
15.390000	292.782561
15.372500	288.606264
15.355000	284.368831
15.337500	280.069845
15.320000	275.708863
15.302500	271.285420
15.285000	266.799030
15.267500	262.249187
15.250000	257.635369
15.235000	253.629346
15.220000	249.575589
15.205000	245.473755
15.190000	241.323501
15.175000	237.124488
15.160000	232.876380
15.145000	228.578847
15.130000	224.231573
15.115000	219.834251
15.100000	215.386588
15.085000	210.888311
15.070000	206.339164
15.055000	201.738911
15.040000	197.087340
15.025000	192.384263
15.010000	187.629517
14.997500	183.627660
14.985000	179.589761
14.972500	175.515768
14.960000	171.405643
14.947500	167.259361
14.935000	163.076907
14.922500	158.858282
14.910000	154.603497
14.897500	150.312575
14.885000	145.985550
14.872500	141.622465
14.860000	137.223373
14.847500	132.788336
14.835000	128.317422
14.822500	123.810705
14.810000	119.268266
14.797500	114.690186
14.785000	110.076552
14.772500	105.427451
14.760000	100.742971
0.000000	0.000000
& cycle # 6, chisq = 2162.515596, e = 59.313369
25.000000	480.990020
19.130000	476.982625
17.305000	472.981870
17.012500	468.957252
16.862500	464.948939
16.755000	460.938604
16.667500	456.814992
16.595000	452.719390
16.532500	448.634136
16.477500	444.573877
16.427500	440.475838
16.382500	436.435322
16.340000	432.296195
16.300000	428.100095
16.262500	423.890088
16.227500	419.709928
16.195000	415.603433
16.162500	411.272667
16.132500	407.069242
16.105000	403.036954
16.077500	398.828065
16.050000	394.437312
16.025000	390.283342
16.000000	385.970413
15.977500	381.949347
15.955000	377.792920
15.932500	373.497950
15.910000	369.061234
15.890000	364.995898
15.870000	360.813787
15.850000	356.512671
15.830000	352.090339
15.810000	347.544612
15.792500	343.464192
15.775000	339.286243
15.757500	335.009379
15.740000	330.632243
15.722500	326.153506
15.705000	321.571867
15.690000	317.561885
15.675000	313.474584
15.660000	309.309197
15.645000	305.064969
15.630000	300.741158
15.615000	296.337032
15.600000	291.851871
15.585000	287.284960
15.570000	282.635594
15.555000	277.903068
15.542500	273.895266
15.530000	269.828821
15.517500	265.703326
15.505000	261.518374
15.492500	257.273551
15.480000	252.968442
15.467500	248.602629
15.455000	244.175685
15.442500	239.687181
15.430000	235.136679
15.417500	230.523734
15.405000	225.847895
15.392500	221.108702
15.380000	216.305686
15.367500	211.438371
15.355000	206.506272
15.342500	201.508896
15.332500	197.463658
15.322500	193.376061
15.312500	189.245840
15.302500	185.072729
15.292500	180.856459
15.282500	176.596756
15.272500	172.293346
15.262500	167.945952
15.252500	163.554294
15.242500	159.118094
15.232500	154.637069
15.222500	150.110937
15.212500	145.539415
15.202500	140.922220
15.192500	136.259070
15.182500	131.549683
15.172500	126.793778
15.162500	121.991077
15.152500	117.141303
15.142500	112.244181
15.132500	107.299441
15.122500	102.306814
0.000000	0.000000
& cycle # 2, chisq = 963.783386, e = 54.442788
25.000000	488.494939
18.795000	484.489495
17.160000	480.481803
16.927500	476.481569
16.795000	472.423954
16.697500	468.305024
16.620000	464.193920
16.555000	460.084513
16.500000	456.080710
16.450000	451.983176
16.405000	447.894442
16.362500	443.661324
16.325000	439.609587
16.290000	435.546760
16.257500	431.520209
16.225000	427.238946
16.195000	423.052068
16.167500	419.008644
16.140000	414.761857
16.115000	410.718898
16.090000	406.496874
16.065000	402.090304
16.042500	397.961948
16.020000	393.675338
15.997500	389.226174
15.977500	385.131360
15.957500	380.901534
15.937500	376.533542
15.917500	372.024203
15.900000	367.960069
15.882500	363.783119
15.865000	359.491203
15.847500	355.082174
15.830000	350.553892
15.812500	345.904230
15.797500	341.820596
15.782500	337.644912
15.767500	333.375871
15.752500	329.012176
15.737500	324.552546
15.722500	319.995710
15.707500	315.340414
15.692500	310.585417
15.680000	306.545873
15.667500	302.435536
15.655000	298.253710
15.642500	293.999704
15.630000	289.672829
15.617500	285.272406
15.605000	280.797756
15.592500	276.248204
15.580000	271.623078
15.567500	266.921707
15.555000	262.143421
15.542500	257.287549
15.530000	252.353420
15.520000	248.349318
15.510000	244.294353
15.500000	240.188177
15.490000	236.030441
15.480000	231.820791
15.470000	227.558873
15.460000	223.244330
15.450000	218.876801
15.440000	214.455923
15.430000	209.981327
15.420000	205.452644
15.410000	200.869498
15.400000	196.231511
15.390000	191.538300
15.380000	186.789478
15.370000	181.984654
15.360000	177.123433
15.350000	172.205414
15.340000	167.230194
15.330000	162.197364
15.320000	157.106514
15.310000	151.957225
15.300000	146.749080
15.290000	141.481655
15.280000	136.154523
15.272500	132.119734
15.265000	128.050936
15.257500	123.947946
15.250000	119.810581
15.242500	115.638657
15.235000	111.431989
15.227500	107.190393
15.220000	102.913682
0.000000	0.000000
& cycle # 6, chisq = 736.290533, e = 54.442788
25.000000	480.990020
19.157500	476.982850
17.320000	472.981586
17.020000	468.928640
16.867500	464.874251
16.757500	460.773466
16.670000	456.647994
16.597500	452.556202
16.535000	448.479129
16.480000	444.430524
16.430000	440.347245
16.385000	436.323839
16.342500	432.204576
16.302500	428.030795
16.265000	423.845205
16.230000	419.691149
16.197500	415.611989
16.165000	411.311759
16.135000	407.139559
16.107500	403.138618
16.080000	398.963835
16.052500	394.610097
16.027500	390.492433
16.002500	386.218462
15.977500	381.784044
15.955000	377.652409
15.932500	373.384308
15.910000	368.976627
15.890000	364.938992
15.870000	360.786430
15.850000	356.516777
15.830000	352.127889
15.810000	347.617656
15.792500	343.570028
15.775000	339.426540
15.757500	335.185855
15.740000	330.846662
15.722500	326.407682
15.705000	321.867663
15.687500	317.225386
15.672500	313.163997
15.657500	309.025869
15.642500	304.810281
15.627500	300.516525
15.612500	296.143904
15.597500	291.691733
15.582500	287.159330
15.567500	282.546025
15.552500	277.851147
15.537500	273.074029
15.525000	269.029794
15.512500	264.927596
15.500000	260.767047
15.487500	256.547753
15.475000	252.269318
15.462500	247.931341
15.450000	243.533416
15.437500	239.075130
15.425000	234.556064
15.412500	229.975793
15.400000	225.333883
15.387500	220.629892
15.375000	215.863372
15.362500	211.033864
15.350000	206.140902
15.337500	201.184012
15.327500	197.172149
15.317500	193.118812
15.307500	189.023749
15.297500	184.886703
15.287500	180.707414
15.277500	176.485623
15.267500	172.221064
15.257500	167.913472
15.247500	163.562580
15.237500	159.168120
15.227500	154.729821
15.217500	150.247414
15.207500	145.720628
15.197500	141.149194
15.187500	136.532841
15.177500	131.871303
15.167500	127.164310
15.157500	122.411600
15.147500	117.612909
15.137500	112.767977
15.127500	107.876548
15.117500	102.938368
0.000000	0.000000
& cycle # 2, chisq = 979.634890, e = 54.441250
25.000000	488.494939
18.712500	484.487468
17.117500	480.475475
16.895000	476.456251
16.767500	472.414375
16.675000	468.395335
16.600000	464.319294
16.537500	460.277440
16.482500	456.178591
16.432500	451.970764
16.387500	447.760924
16.347500	443.660296
16.310000	439.491855
16.275000	435.303866
16.242500	431.145870
16.212500	427.067859
16.182500	422.750335
16.155000	418.574250
16.127500	414.181657
16.102500	409.994058
16.077500	405.615232
16.055000	401.505729
16.032500	397.231787
16.010000	392.788719
15.990000	388.693475
15.970000	384.457402
15.950000	380.077034
15.930000	375.548866
15.912500	371.462699
15.895000	367.258282
15.877500	362.933224
15.860000	358.485128
15.842500	353.911600
15.827500	349.889786
15.812500	345.772559
15.797500	341.558426
15.782500	337.245900
15.767500	332.833504
15.752500	328.319771
15.737500	323.703246
15.722500	318.982485
15.710000	314.967860
15.697500	310.879034
15.685000	306.715190
15.672500	302.475518
15.660000	298.159213
15.647500	293.765475
15.635000	289.293509
15.622500	284.742522
15.610000	280.111728
15.597500	275.400340
15.585000	270.607574
15.572500	265.732649
15.560000	260.774780
15.550000	256.748239
15.540000	252.667712
15.530000	248.532795
15.520000	244.343084
15.510000	240.098173
15.500000	235.797653
15.490000	231.441115
15.480000	227.028146
15.470000	222.558329
15.460000	218.031245
15.450000	213.446473
15.440000	208.803585
15.430000	204.102152
15.420000	199.341740
15.410000	194.521910
15.400000	189.642218
15.390000	184.702219
15.380000	179.701458
15.370000	174.639481
15.360000	169.515824
15.350000	164.330021
15.340000	159.081602
15.330000	153.770091
15.322500	149.744764
15.315000	145.683474
15.307500	141.586015
15.300000	137.452180
15.292500	133.281761
15.285000	129.074549
15.277500	124.830333
15.270000	120.548902
15.262500	116.230044
15.255000	111.873546
15.247500	107.479193
15.240000	103.046771
0.000000	0.000000
& cycle # 6, chisq = 702.435788, e = 54.441250
25.000000	462.937237
19.080000	458.935644
17.222500	454.931731
16.962500	450.879311
16.812500	446.822401
16.702500	442.773979
16.615000	438.768612
16.540000	434.698818
16.475000	430.643433
16.417500	426.612035
16.365000	422.542297
16.317500	418.522099
16.272500	414.402549
16.230000	410.221591
16.190000	406.018141
16.152500	401.831587
16.117500	397.701394
16.085000	393.666765
16.052500	389.433462
16.022500	385.343664
15.992500	381.073418
15.965000	376.995742
15.937500	372.757381
15.910000	368.353932
15.885000	364.203831
15.860000	359.910368
15.835000	355.470301
15.812500	351.346267
15.790000	347.098647
15.767500	342.725243
15.745000	338.223926
15.725000	334.113708
15.705000	329.899403
15.685000	325.579664
15.665000	321.153189
15.645000	316.618720
15.627500	312.561511
15.610000	308.419887
15.592500	304.193068
15.575000	299.880289
15.557500	295.480790
15.540000	290.993818
15.522500	286.418621
15.505000	281.754443
15.490000	277.685175
15.475000	273.549485
15.460000	269.346874
15.445000	265.076838
15.430000	260.738859
15.415000	256.332405
15.400000	251.856933
15.385000	247.311884
15.370000	242.696684
15.355000	238.010742
15.340000	233.253453
15.327500	229.234098
15.315000	225.164398
15.302500	221.043980
15.290000	216.872464
15.277500	212.649464
15.265000	208.374589
15.252500	204.047444
15.240000	199.667630
15.227500	195.234746
15.215000	190.748388
15.202500	186.208153
15.190000	181.613638
15.177500	176.964441
15.165000	172.260163
15.152500	167.500409
15.140000	162.684789
15.127500	157.812921
15.115000	152.884428
15.102500	147.898942
15.092500	143.869279
15.082500	139.802733
15.072500	135.699132
15.062500	131.558307
15.052500	127.380095
15.042500	123.164340
15.032500	118.910889
15.022500	114.619597
15.012500	110.290325
15.002500	105.922941
14.992500	101.517319
0.000000	0.000000
& cycle # 13, chisq = 1407.528350, e = 54.441250
25.000000	480.990020
20.320000	476.989129
19.017500	472.982589
17.330000	468.977123
17.085000	464.960232
16.932500	460.910054
16.817500	456.868506
16.722500	452.781183
16.642500	448.743979
16.572500	444.718061
16.510000	440.702612
16.452500	436.635331
16.400000	432.593725
16.350000	428.441463
16.302500	424.213270
16.260000	420.188717
16.220000	416.186733
16.180000	411.971488
16.142500	407.820861
16.107500	403.768746
16.072500	399.540064
16.040000	395.451255
16.007500	391.202275
15.977500	387.134490
15.947500	382.923568
15.917500	378.566275
15.890000	374.440778
15.862500	370.187205
15.835000	365.803253
15.810000	361.702862
15.785000	357.491376
15.760000	353.167373
15.735000	348.729547
15.712500	344.637209
15.690000	340.450947
15.667500	336.170066
15.645000	331.793947
15.622500	327.322037
15.602500	323.266189
15.582500	319.133946
15.562500	314.925013
15.542500	310.639111
15.522500	306.275966
15.502500	301.835304
15.482500	297.316841
15.465000	293.299130
15.447500	289.221411
15.430000	285.083451
15.412500	280.885001
15.395000	276.625790
15.377500	272.305525
15.360000	267.923889
15.342500	263.480540
15.325000	258.975115
15.307500	254.407228
15.290000	249.776471
15.275000	245.756889
15.260000	241.690529
15.245000	237.577108
15.230000	233.416337
15.215000	229.207926
15.200000	224.951585
15.185000	220.647025
15.170000	216.293961
15.155000	211.892116
15.140000	207.441221
15.125000	202.941020
15.110000	198.391272
15.095000	193.791750
15.080000	189.142249
15.065000	184.442582
15.050000	179.692587
15.035000	174.892126
15.022500	170.853110
15.010000	166.778918
14.997500	162.669514
14.985000	158.524873
14.972500	154.344987
14.960000	150.129858
14.947500	145.879504
14.935000	141.593955
14.922500	137.273256
14.910000	132.917463
14.897500	128.526643
14.885000	124.100877
14.872500	119.640255
14.860000	115.144876
14.847500	110.614850
14.835000	106.050291
14.822500	101.451324
0.000000	0.000000
& cycle # 2, chisq = 1840.776249, e = 56.787804
25.000000	488.494939
19.955000	484.489621
18.792500	480.489530
17.255000	476.484675
17.037500	472.462914
16.897500	468.414932
16.790000	464.334372
16.702500	460.281318
16.627500	456.214382
16.562500	452.200515
16.502500	448.058629
16.447500	443.868919
16.397500	439.716045
16.352500	435.685673
16.310000	431.614752
16.270000	427.540658
16.232500	423.500832
16.195000	419.241370
16.160000	415.061967
16.127500	410.999828
16.095000	406.758330
16.065000	402.679655
16.035000	398.439931
16.007500	394.408481
15.980000	390.234911
15.952500	385.915878
15.927500	381.860426
15.902500	377.679454
15.877500	373.370473
15.852500	368.931039
15.830000	364.822050
15.807500	360.603805
15.785000	356.274703
15.762500	351.833221
15.742500	347.789725
15.722500	343.655335
15.702500	339.429149
15.682500	335.110314
15.662500	330.698030
15.642500	326.191543
15.625000	322.170532
15.607500	318.076399
15.590000	313.908711
15.572500	309.667047
15.555000	305.351000
15.537500	300.960167
15.520000	296.494149
15.502500	291.952543
15.485000	287.334941
15.470000	283.316194
15.455000	279.241035
15.440000	275.109184
15.425000	270.920351
15.410000	266.674231
15.395000	262.370511
15.380000	258.008861
15.365000	253.588940
15.350000	249.110390
15.335000	244.572842
15.320000	239.975912
15.305000	235.319203
15.290000	230.602307
15.275000	225.824807
15.262500	221.796952
15.250000	217.726462
15.237500	213.613083
15.225000	209.456560
15.212500	205.256635
15.200000	201.013053
15.187500	196.725559
15.175000	192.393900
15.162500	188.017826
15.150000	183.597094
15.137500	179.131464
15.125000	174.620705
15.112500	170.064591
15.100000	165.462907
15.087500	160.815448
15.075000	156.122020
15.062500	151.382440
15.050000	146.596538
15.037500	141.764157
15.025000	136.885155
15.012500	131.959403
15.000000	126.986789
14.990000	122.974890
14.980000	118.932894
14.970000	114.860762
14.960000	110.758466
14.950000	106.625981
14.940000	102.463290
0.000000	0.000000
& cycle # 6, chisq = 1451.505194, e = 56.787804
25.000000	480.990020
20.017500	476.986598
18.675000	472.984789
17.227500	468.961023
17.015000	464.960349
16.872500	460.927259
16.762500	456.903777
16.670000	452.805249
16.592500	448.804096
16.522500	444.701715
16.460000	440.617661
16.402500	436.488795
16.350000	432.393561
16.300000	428.193366
16.255000	424.154558
16.212500	420.108231
16.172500	416.088186
16.132500	411.856917
16.095000	407.692763
16.060000	403.629008
16.025000	399.389360
15.992500	395.290782
15.960000	391.032314
15.930000	386.955997
15.900000	382.736805
15.870000	378.371624
15.842500	374.239393
15.815000	369.979766
15.787500	365.590681
15.762500	361.486654
15.737500	357.272746
15.712500	352.947768
15.687500	348.510652
15.665000	344.420582
15.642500	340.238292
15.620000	335.963230
15.597500	331.594900
15.575000	327.132849
15.555000	323.087560
15.535000	318.967603
15.515000	314.772700
15.495000	310.502568
15.475000	306.156912
15.455000	301.735421
15.435000	297.237759
15.415000	292.663560
15.397500	288.598039
15.380000	284.473324
15.362500	280.289099
15.345000	276.045030
15.327500	271.740756
15.310000	267.375896
15.292500	262.950048
15.275000	258.462792
15.257500	253.913695
15.240000	249.302309
15.225000	245.299773
15.210000	241.250852
15.195000	237.155260
15.180000	233.012713
15.165000	228.822930
15.150000	224.585640
15.135000	220.300582
15.120000	215.967505
15.105000	211.586177
15.090000	207.156380
15.075000	202.677916
15.060000	198.150610
15.045000	193.574308
15.030000	188.948881
15.015000	184.274228
15.000000	179.550273
14.985000	174.776967
14.972500	170.761500
14.960000	166.711751
14.947500	162.627737
14.935000	158.509489
14.922500	154.357050
14.910000	150.170475
14.897500	145.949831
14.885000	141.695198
14.872500	137.406665
14.860000	133.084329
14.847500	128.728299
14.835000	124.338690
14.822500	119.915623
14.810000	115.459225
14.797500	110.969628
14.785000	106.446966
14.772500	101.891376
0.000000	0.000000
& cycle # 2, chisq = 2108.948384, e = 58.089849
25.000000	488.494939
22.077500	484.492124
19.532500	480.481438
17.655000	476.477615
17.255000	472.462855
17.067500	468.437555
16.932500	464.354550
16.825000	460.272658
16.735000	456.215232
16.657500	452.203310
16.587500	448.131051
16.525000	444.110029
16.467500	440.072272
16.412500	435.893682
16.362500	431.817534
16.315000	427.693786
16.270000	423.555862
16.227500	419.436855
16.187500	415.369093
16.147500	411.112224
16.110000	406.946003
16.075000	402.901046
16.040000	398.701686
16.007500	394.661028
15.975000	390.481422
15.942500	386.159963
15.912500	382.042517
15.882500	377.799520
15.855000	373.798008
15.827500	369.687703
15.800000	365.467218
15.772500	361.135318
15.747500	357.099640
15.722500	352.970322
15.697500	348.746806
15.672500	344.428657
15.647500	340.015548
15.625000	335.962369
15.602500	331.831981
15.580000	327.624321
15.557500	323.339357
15.535000	318.977078
15.512500	314.537477
15.492500	310.526241
15.472500	306.453876
15.452500	302.320340
15.432500	298.125563
15.412500	293.869445
15.392500	289.551853
15.372500	285.172614
15.352500	280.731518
15.332500	276.228315
15.312500	271.662717
15.295000	267.616382
15.277500	263.521794
15.260000	259.378700
15.242500	255.186836
15.225000	250.945930
15.207500	246.655704
15.190000	242.315881
15.172500	237.926189
15.155000	233.486363
15.137500	228.996155
15.120000	224.455337
15.102500	219.863702
15.085000	215.221075
15.070000	211.200985
15.055000	207.143255
15.040000	203.047839
15.025000	198.914710
15.010000	194.743869
14.995000	190.535337
14.980000	186.289164
14.965000	182.005420
14.950000	177.684206
14.935000	173.325643
14.920000	168.929876
14.905000	164.497076
14.890000	160.027430
14.875000	155.521149
14.860000	150.978460
14.845000	146.399602
14.830000	141.784833
14.815000	137.134416
14.800000	132.448624
14.785000	127.727735
14.770000	122.972028
14.755000	118.181781
14.742500	114.163722
14.730000	110.122022
14.717500	106.056833
14.705000	101.968301
0.000000	0.000000
& cycle # 6, chisq = 2210.162729, e = 58.089849
25.000000	480.990020
19.187500	476.983576
17.260000	472.966275
16.990000	468.936897
16.835000	464.862459
16.722500	460.821695
16.632500	456.792753
16.555000	452.668864
16.487500	448.526590
16.427500	444.375823
16.375000	440.356535
16.325000	436.172915
16.280000	432.096107
16.237500	427.962535
16.197500	423.810321
16.160000	419.677998
16.125000	415.604129
16.090000	411.313107
16.057500	407.127327
16.027500	403.085729
15.997500	398.867981
15.970000	394.842312
15.942500	390.659761
15.915000	386.316006
15.890000	382.223600
15.865000	377.991143
15.840000	373.615428
15.817500	369.552197
15.795000	365.368133
15.772500	361.061050
15.750000	356.628826
15.730000	352.582355
15.710000	348.433991
15.690000	344.182388
15.670000	339.826239
15.650000	335.364284
15.630000	330.795295
15.612500	326.708690
15.595000	322.538441
15.577500	318.283779
15.560000	313.943940
15.542500	309.518167
15.525000	305.005702
15.507500	300.405781
15.492500	296.392801
15.477500	292.314508
15.462500	288.170401
15.447500	283.959968
15.432500	279.682685
15.417500	275.338013
15.402500	270.925402
15.387500	266.444284
15.372500	261.894075
15.357500	257.274176
15.342500	252.583971
15.327500	247.822829
15.315000	243.800554
15.302500	239.728185
15.290000	235.605331
15.277500	231.431597
15.265000	227.206582
15.252500	222.929880
15.240000	218.601081
15.227500	214.219773
15.215000	209.785538
15.202500	205.297963
15.190000	200.756630
15.177500	196.161124
15.165000	191.511032
15.152500	186.805946
15.140000	182.045458
15.127500	177.229172
15.115000	172.356694
15.102500	167.427640
15.090000	162.441636
15.080000	158.411582
15.070000	154.344665
15.060000	150.240708
15.050000	146.099538
15.040000	141.920990
15.030000	137.704904
15.020000	133.451125
15.010000	129.159505
15.000000	124.829900
14.990000	120.462176
14.980000	116.056202
14.970000	111.611855
14.960000	107.129019
14.950000	102.607583
0.000000	0.000000
& cycle # 2, chisq = 1546.229901, e = 57.822057
25.000000	488.494939
20.205000	484.493250
18.937500	480.492209
17.300000	476.483306
17.067500	472.478095
16.920000	468.441111
16.807500	464.383404
16.715000	460.303338
16.637500	456.298497
16.567500	452.172488
16.505000	448.046160
16.447500	443.856552
16.395000	439.684304
16.347500	435.611491
16.302500	431.482226
16.260000	427.332415
16.220000	423.198079
16.182500	419.114900
16.145000	414.825405
16.110000	410.630452
16.077500	406.565022
16.045000	402.331307
16.015000	398.269960
15.985000	394.057641
15.955000	389.690571
15.927500	385.548220
15.900000	381.269697
15.875000	377.259530
15.850000	373.132311
15.825000	368.885987
15.800000	364.518591
15.777500	360.482874
15.755000	356.346292
15.732500	352.107638
15.710000	347.765789
15.687500	343.319697
15.667500	339.279318
15.647500	335.155175
15.627500	330.946676
15.607500	326.653263
15.587500	322.274407
15.567500	317.809604
15.547500	313.258362
15.530000	309.204737
15.512500	305.084235
15.495000	300.896526
15.477500	296.641271
15.460000	292.318118
15.442500	287.926700
15.425000	283.466629
15.407500	278.937496
15.390000	274.338868
15.372500	269.670288
15.357500	265.612606
15.342500	261.502855
15.327500	257.340701
15.312500	253.125797
15.297500	248.857783
15.282500	244.536287
15.267500	240.160929
15.252500	235.731318
15.237500	231.247057
15.222500	226.707744
15.207500	222.112977
15.192500	217.462350
15.177500	212.755463
15.162500	207.991917
15.150000	203.978735
15.137500	199.925716
15.125000	195.832648
15.112500	191.699322
15.100000	187.525540
15.087500	183.311112
15.075000	179.055858
15.062500	174.759608
15.050000	170.422205
15.037500	166.043501
15.025000	161.623365
15.012500	157.161676
15.000000	152.658329
14.987500	148.113230
14.975000	143.526302
14.962500	138.897480
14.950000	134.226715
14.937500	129.513971
14.925000	124.759224
14.912500	119.962466
14.900000	115.123701
14.887500	110.242941
14.875000	105.320216
14.862500	100.355559
0.000000	0.000000
& cycle # 6, chisq = 1693.715301, e = 57.822057
