45.000000	361.771771
44.955000	357.420154
44.910000	353.370102
44.860500	349.242606
44.806500	345.096217
44.748000	340.998604
44.680500	336.736237
44.608500	332.678623
44.527500	328.657044
44.433000	324.611518
44.320500	320.564798
44.181000	316.515255
43.996500	312.474075
43.722000	308.440680
43.155000	304.425768
36.382500	300.424654
33.741000	296.419675
32.715000	292.407466
32.031000	288.388900
31.500000	284.382005
31.050000	280.344226
30.658500	276.305035
30.303000	272.261214
29.974500	268.235280
29.668500	264.222641
29.376000	260.167121
29.097000	256.154800
28.822500	252.117910
28.552500	248.071867
28.287000	244.021524
28.026000	240.001814
27.760500	235.938428
27.490500	231.890136
27.216000	227.876744
26.932500	223.834513
26.640000	219.807605
26.329500	215.788474
25.987500	211.748216
25.609500	207.720659
25.182000	203.698566
24.642000	199.679213
23.854500	195.670565
19.818000	191.670558
13.279500	187.669641
12.379500	183.661464
11.853000	179.658975
11.448000	175.618973
11.115000	171.589177
10.827000	167.574907
10.566000	163.526565
10.327500	159.483112
10.107000	155.441179
9.900000	151.380410
9.706500	147.363138
9.522000	143.347968
9.342000	139.265266
9.171000	135.236035
9.004500	131.170073
8.842500	127.080544
8.685000	122.985770
8.532000	118.906345
8.383500	114.860416
8.235000	110.734582
8.091000	106.658289
7.951500	102.637417
0.000000	0.000000
& cycle # 1, chisq = 582083.305369, e = 38.257267
45.000000	334.537131
42.412500	330.524686
41.944500	326.515761
41.598000	322.468656
41.305500	318.407664
41.044500	314.403949
40.797000	310.359595
40.558500	306.325467
40.320000	302.266809
40.081500	298.266456
39.834000	294.250075
39.568500	290.198417
39.276000	286.148185
38.943000	282.130266
38.529000	278.108731
37.912500	274.097976
33.444000	270.097471
29.596500	266.081494
28.939500	262.064534
28.467000	258.064510
28.080000	254.049478
27.738000	250.025261
27.423000	246.021076
27.126000	242.014687
26.842500	237.999072
26.563500	233.935739
26.284500	229.872714
26.001000	225.825913
25.713000	221.816039
25.416000	217.800439
25.101000	213.777528
24.750000	209.765579
24.340500	205.761836
23.850000	201.760636
23.071500	197.758278
21.249000	193.758020
16.992000	189.755063
13.162500	185.744595
12.514500	181.743005
12.082500	177.706828
11.736000	173.658355
11.439000	169.617753
11.173500	165.563886
10.930500	161.521942
10.701000	157.463136
10.480500	153.384108
10.269000	149.333861
10.062000	145.264889
9.859500	141.219642
9.657000	137.157283
9.454500	133.125430
9.247500	129.074438
9.036000	125.039089
8.815500	120.978119
8.586000	116.960669
8.338500	112.931113
8.064000	108.882382
7.753500	104.864305
7.375500	100.826311
0.000000	0.000000
& cycle # 2, chisq = 595741.641289, e = 38.257267
45.000000	365.630998
44.959500	361.523816
44.910000	357.157199
44.856000	353.125554
44.788500	349.007757
44.698500	344.854859
44.563500	340.799422
43.650000	336.794059
42.579000	332.787364
40.396500	328.767612
39.928500	324.720763
39.613500	320.694922
39.352500	316.631869
39.123000	312.574835
38.911500	308.494405
38.713500	304.448934
38.520000	300.355003
38.331000	296.277898
38.146500	292.267331
37.957500	288.175567
37.768500	284.156626
37.570500	280.084698
37.363500	276.030408
37.143000	271.977924
36.904500	267.941745
36.639000	263.927857
36.324000	259.877411
35.928000	255.859077
35.329500	251.840549
30.870000	247.837906
26.590500	243.824431
25.821000	239.801646
25.267500	235.775330
24.795000	231.737284
24.358500	227.720599
23.958000	223.716253
23.566500	219.688728
23.143500	215.648461
22.711500	211.642408
22.333500	207.622935
21.996000	203.599896
21.645000	199.563125
21.222000	195.530371
20.686500	191.509469
19.948500	187.500297
13.072500	183.499168
11.709000	179.474076
11.182500	175.456264
10.818000	171.414660
10.530000	167.382190
10.287000	163.334929
10.075500	159.281479
9.886500	155.215720
9.715500	151.168330
9.558000	147.128266
9.409500	143.041857
9.270000	138.952772
9.139500	134.902109
9.013500	130.779847
8.896500	126.764387
8.784000	122.733835
8.676000	118.710885
8.568000	114.541277
8.464500	110.411503
8.365500	106.341474
8.266500	102.156117
0.000000	0.000000
& cycle # 3, chisq = 605036.650372, e = 38.257267
45.000000	495.987456
44.950500	491.904201
44.892000	487.620059
44.829000	483.582673
44.752500	479.374663
44.662500	475.251055
44.554500	471.247964
44.410500	467.156762
44.212500	463.142733
43.906500	459.117983
43.438500	455.104691
42.934500	451.081251
42.547500	447.074930
42.250500	443.021578
42.012000	438.971700
41.809500	434.918334
41.634000	430.910637
41.476500	426.910008
41.328000	422.795847
41.193000	418.779025
41.062500	414.653620
40.941000	410.604580
40.824000	406.524494
40.711500	402.446600
40.603500	398.404282
40.495500	394.252975
40.392000	390.186181
40.288500	386.044505
40.189500	382.022387
40.090500	377.950414
39.991500	373.839031
39.892500	369.700516
39.793500	365.548709
39.694500	361.398021
39.595500	357.262179
39.496500	353.153259
39.397500	349.081378
39.298500	345.055122
39.195000	340.903264
39.091500	336.819384
38.988000	332.813893
38.880000	328.730021
38.767500	324.593604
38.655000	320.589893
38.538000	316.577429
38.412000	312.437127
38.281500	308.352039
38.146500	304.347673
38.002500	300.330160
37.845000	296.244455
37.674000	292.182509
37.485000	288.147118
37.269000	284.098913
37.017000	280.084645
36.702000	276.054165
36.261000	272.043194
35.365500	268.042548
29.722500	264.036999
28.912500	260.013596
28.377000	255.993609
27.954000	251.962369
27.585000	247.922719
27.247500	243.873102
26.937000	239.854495
26.640000	235.795444
26.352000	231.768393
26.064000	227.750814
25.771500	223.711196
25.474500	219.657691
25.168500	215.613794
24.840000	211.595168
24.471000	207.587920
24.048000	203.548653
23.530500	199.530655
22.644000	195.525045
21.145500	191.523096
13.707000	187.522939
12.672000	183.496347
12.114000	179.464564
11.686500	175.429143
11.326500	171.412874
11.007000	167.396434
10.710000	163.352317
10.431000	159.346043
10.161000	155.313364
9.900000	151.305501
9.639000	147.250345
9.378000	143.213153
9.112500	139.166590
8.842500	135.140439
8.563500	131.120235
8.271000	127.120217
7.956000	123.088194
7.618500	119.082122
7.245000	115.052179
6.826500	111.018985
6.363000	107.014964
5.850000	102.994025
0.000000	0.000000
& cycle # 4, chisq = 591906.851063, e = 38.257267
45.000000	381.470045
42.043500	377.469100
40.315500	373.457939
39.208500	369.455519
37.557000	365.451467
34.366500	361.451430
33.790500	357.441629
33.385500	353.402923
33.061500	349.385561
32.782500	345.328469
32.535000	341.274774
32.310000	337.242919
32.098500	333.166751
31.900500	329.102865
31.716000	325.102834
31.536000	321.012051
31.365000	316.971389
31.198500	312.913956
31.036500	308.868831
30.879000	304.857450
30.721500	300.776631
30.568500	296.751109
30.415500	292.671568
30.267000	288.670523
30.118500	284.643489
29.970000	280.608627
29.821500	276.584345
29.668500	272.465307
29.515500	268.384819
29.362500	264.348722
29.205000	260.243982
29.047500	256.195647
28.885500	252.101958
28.723500	248.097457
28.557000	244.096734
28.381500	240.027677
28.201500	236.025904
28.012500	232.013619
27.814500	228.012860
27.603000	223.965689
27.378000	219.931776
27.135000	215.925110
26.860500	211.869232
26.550000	207.858769
26.185500	203.831992
25.735500	199.824237
25.069500	195.804572
23.283000	191.802170
12.501000	187.792669
11.871000	183.786630
11.515500	179.754280
11.259000	175.728025
11.052000	171.650460
10.876500	167.540032
10.723500	163.421858
10.588500	159.341289
10.467000	155.284193
10.354500	151.181041
10.251000	147.094581
10.156500	143.089894
10.066500	139.023424
9.981000	134.924810
9.900000	130.824815
9.823500	126.754582
9.751500	122.744972
9.679500	118.559259
9.612000	114.472853
9.544500	110.227063
9.481500	106.118404
9.418500	101.866727
0.000000	0.000000
& cycle # 5, chisq = 570708.725534, e = 38.257267
45.000000	361.771771
44.968500	357.279440
44.937000	353.052356
44.901000	348.534307
44.865000	344.326714
44.824500	339.935788
44.784000	335.885960
44.739000	331.760123
44.689500	327.637644
44.635500	323.588491
44.572500	319.397216
44.500500	315.236596
44.415000	311.051965
44.311500	306.901392
44.181000	302.826928
44.001000	298.816561
43.699500	294.810286
42.736500	290.806063
40.711500	286.792191
39.694500	282.773761
38.808000	278.768723
37.746000	274.765223
34.056000	270.764809
30.780000	266.753104
29.934000	262.744892
29.358000	258.722067
28.894500	254.698228
28.494000	250.692024
28.134000	246.656296
27.801000	242.627420
27.481500	238.594587
27.171000	234.554509
26.869500	230.525116
26.572500	226.516143
26.266500	222.464018
25.951500	218.459407
25.618500	214.408840
25.267500	210.367414
24.876000	206.328049
24.408000	202.319098
23.823000	198.318159
22.689000	194.310750
18.265500	190.304050
13.626000	186.297595
12.546000	182.283492
12.033000	178.270396
11.655000	174.235502
11.349000	170.226073
11.083500	166.168595
10.849500	162.149327
10.633500	158.084429
10.435500	154.063934
10.251000	150.061822
10.075500	146.025313
9.909000	141.995083
9.747000	137.898658
9.594000	133.884756
9.445500	129.864744
9.301500	125.855838
9.157500	121.740947
9.018000	117.656050
8.883000	113.614942
8.748000	109.494884
8.617500	105.446790
8.487000	101.344585
0.000000	0.000000
& cycle # 1, chisq = 590887.006026, e = 38.000386
45.000000	334.537131
42.480000	330.512723
42.025500	326.498941
41.688000	322.479858
41.404500	318.479856
41.148000	314.477238
40.905000	310.437994
40.671000	306.394376
40.441500	302.378187
40.207500	298.322726
39.969000	294.295645
39.717000	290.236096
39.447000	286.211730
39.145500	282.191262
38.790000	278.146555
38.331000	274.124857
37.566000	270.124009
30.388500	266.122440
29.412000	262.114439
28.845000	258.094397
28.404000	254.072089
28.030500	250.033043
27.693000	245.980232
27.378000	241.944564
27.081000	237.939741
26.793000	233.895079
26.509500	229.841958
26.226000	225.830648
25.933500	221.805228
25.632000	217.782092
25.317000	213.745259
24.975000	209.705887
24.579000	205.664209
24.106500	201.645149
23.476500	197.636663
22.104000	193.626136
17.739000	189.618848
13.464000	185.614999
12.604500	181.612055
12.114000	177.610991
11.736000	173.609379
11.416500	169.609295
11.133000	165.592184
10.872000	161.549173
10.629000	157.545857
10.395000	153.516552
10.170000	149.510606
9.949500	145.494090
9.729000	141.438825
9.508500	137.404254
9.283500	133.360740
9.054000	129.351313
8.815500	125.347982
8.559000	121.291945
8.280000	117.255310
7.965000	113.229689
7.591500	109.224399
7.087500	105.217408
5.971500	101.213412
0.000000	0.000000
& cycle # 2, chisq = 595856.182547, e = 38.000386
45.000000	365.630998
44.964000	361.583710
44.923500	357.536977
44.874000	353.255403
44.815500	349.018150
44.743500	344.858882
44.649000	340.845301
44.491500	336.822628
43.303500	332.802393
42.606000	328.791884
40.455000	324.783087
39.852000	320.753389
39.496500	316.737010
39.213000	312.721814
38.965500	308.694202
38.740500	304.693787
38.524500	300.638970
38.317500	296.625172
38.110500	292.542181
37.908000	288.539487
37.701000	284.508663
37.485000	280.438343
37.260000	276.400451
37.021500	272.387422
36.760500	268.363918
36.463500	264.325767
36.108000	260.287298
35.644500	256.254604
34.861500	252.243766
27.990000	248.235937
26.991000	244.232577
26.379000	240.217383
25.884000	236.209003
25.456500	232.187401
25.069500	228.165839
24.691500	224.120460
24.318000	220.075680
23.958000	216.075315
23.589000	212.056606
23.175000	208.055127
22.716000	204.035805
22.297500	200.027696
21.906000	196.024788
21.442500	192.011975
20.731500	188.006657
16.677000	184.006276
11.970000	180.000712
11.277000	175.974476
10.881000	171.926256
10.588500	167.921773
10.345500	163.853044
10.138500	159.796152
9.958500	155.793608
9.792000	151.683649
9.643500	147.682494
9.504000	143.632512
9.373500	139.584221
9.247500	135.432071
9.130500	131.357265
9.018000	127.236374
8.910000	123.091597
8.806500	118.946443
8.707500	114.824949
8.613000	110.750683
8.523000	106.745894
8.433000	102.622044
0.000000	0.000000
& cycle # 3, chisq = 600785.727395, e = 38.000386
45.000000	495.987456
44.950500	491.839500
44.896500	487.794085
44.833500	483.633042
44.761500	479.517377
44.676000	475.390215
44.572500	471.288003
44.442000	467.220644
44.266500	463.150668
44.014500	459.108399
43.641000	455.077800
43.182000	451.053664
42.777000	447.031233
42.457500	442.970054
42.205500	438.964612
41.994000	434.958376
41.809500	430.947087
41.643000	426.886232
41.490000	422.777237
41.350500	418.724454
41.220000	414.680933
41.094000	410.554742
40.977000	406.534455
40.864500	402.505022
40.756500	398.496500
40.648500	394.364865
40.545000	390.304987
40.441500	386.161400
40.342500	382.131543
40.243500	378.046785
40.144500	373.916455
40.045500	369.750513
39.946500	365.560492
39.852000	361.550670
39.757500	357.543553
39.658500	353.362160
39.559500	349.210699
39.460500	345.100474
39.361500	341.040849
39.262500	337.039891
39.159000	332.928201
39.055500	328.898517
38.947500	324.792314
38.835000	320.635434
38.722500	316.614638
38.605500	312.589269
38.484000	308.586848
38.353500	304.495843
38.218500	300.493880
38.074500	296.486349
37.917000	292.417551
37.746000	288.379717
37.557000	284.379713
37.336500	280.309534
37.075500	276.263428
36.747000	272.247477
36.265500	268.242845
34.771500	264.241827
29.434500	260.239963
28.746000	256.221866
28.255500	252.196857
27.855000	248.166742
27.499500	244.143580
27.171000	240.106235
26.865000	236.081321
26.572500	232.064673
26.280000	228.004410
25.987500	223.990507
25.690500	219.981768
25.384500	215.943111
25.060500	211.893133
24.700500	207.863710
24.282000	203.830923
23.782500	199.805105
22.963500	195.792709
20.889000	191.792525
16.677000	187.788930
12.960000	183.773744
12.307500	179.745707
11.853000	175.739269
11.475000	171.687991
11.146500	167.648390
10.849500	163.634503
10.570500	159.625885
10.300500	155.577307
10.039500	151.538457
9.783000	147.498165
9.526500	143.455057
9.265500	139.396608
9.000000	135.359093
8.725500	131.314754
8.437500	127.273471
8.131500	123.262598
7.798500	119.237715
7.429500	115.194943
7.011000	111.157454
6.534000	107.140760
5.989500	103.126493
0.000000	0.000000
& cycle # 4, chisq = 596179.621488, e = 38.000386
45.000000	381.470045
43.605000	377.467963
42.790500	373.465365
42.196500	369.460636
41.683500	365.460586
41.193000	361.446519
40.684500	357.442697
40.095000	353.422283
39.235500	349.413109
35.932500	345.399053
35.190000	341.373866
34.717500	337.363275
34.339500	333.327654
34.020000	329.326897
33.732000	325.285391
33.466500	321.239380
33.219000	317.213306
32.985000	313.188357
32.760000	309.133797
32.544000	305.101734
32.332500	301.054594
32.125500	297.021461
31.923000	293.016673
31.720500	288.958986
31.522500	284.952983
31.324500	280.932260
31.126500	276.924733
30.924000	272.862522
30.721500	268.847185
30.514500	264.792055
30.307500	260.790340
30.096000	256.772897
29.880000	252.772239
29.655000	248.742021
29.421000	244.709167
29.178000	240.682770
28.926000	236.672184
28.660500	232.645699
28.377000	228.612567
28.071000	224.586420
27.738000	220.547545
27.378000	216.538425
26.973000	212.521778
26.500500	208.507057
25.947000	204.497830
25.240500	200.491075
24.268500	196.486898
22.333500	192.486742
15.025500	188.481812
13.716000	184.469020
12.829500	180.452402
12.136500	176.442765
11.551500	172.423786
11.043000	168.400312
10.588500	164.370288
10.174500	160.340942
9.796500	156.310846
9.445500	152.274130
9.117000	148.232640
8.811000	144.196543
8.523000	140.143917
8.253000	136.123974
7.996500	132.087019
7.753500	128.034092
7.524000	123.986779
7.308000	119.980548
7.101000	115.952062
6.903000	111.903070
6.714000	107.837696
6.534000	103.772644
0.000000	0.000000
& cycle # 5, chisq = 595901.799406, e = 38.000386
45.000000	361.771771
44.968500	357.345943
44.937000	353.194458
44.901000	348.772611
44.865000	344.670384
44.824500	340.407418
44.779500	336.079638
44.730000	331.779266
44.676000	327.583966
44.617500	323.559736
44.550000	319.516933
44.469000	315.411689
44.370000	311.322069
44.244000	307.301704
44.064000	303.301007
43.731000	299.270270
41.746500	295.263983
40.320000	291.249715
39.528000	287.225112
38.817000	283.208859
38.025000	279.195648
36.778500	275.187352
30.271500	271.184378
29.281500	267.171275
28.665000	263.145431
28.188000	259.134602
27.783000	255.128618
27.414000	251.112395
27.072000	247.103062
26.748000	243.061266
26.437500	239.059168
26.127000	235.051479
25.812000	231.026566
25.492500	226.980047
25.164000	222.930771
24.813000	218.917685
24.417000	214.884577
23.971500	210.846903
23.422500	206.842228
22.531500	202.826475
21.375000	198.819598
13.927500	194.816719
12.690000	190.814062
12.190500	186.807544
11.835000	182.782800
11.547000	178.720362
11.304000	174.672818
11.092500	170.660107
10.899000	166.585839
10.723500	162.561487
10.557000	158.455876
10.404000	154.434007
10.260000	150.427439
10.120500	146.340085
9.990000	142.335035
9.864000	138.307008
9.742500	134.280027
9.625500	130.276808
9.508500	126.156885
9.396000	122.089920
9.283500	117.922621
9.175500	113.829737
9.072000	109.824588
8.968500	105.741186
8.865000	101.583649
0.000000	0.000000
& cycle # 1, chisq = 612214.901668, e = 39.162659
45.000000	334.537131
41.935500	330.521636
41.337000	326.512851
40.905000	322.499214
40.536000	318.475426
40.194000	314.451717
39.861000	310.407773
39.528000	306.400491
39.177000	302.384916
38.794500	298.371398
38.349000	294.355114
37.782000	290.354821
36.855000	286.351124
31.846500	282.344311
30.487500	278.343826
29.799000	274.327693
29.299500	270.317573
28.881000	266.272337
28.516500	262.267696
28.188000	258.262878
27.882000	254.248239
27.589500	250.242699
27.301500	246.188047
27.022500	242.162976
26.748000	238.136226
26.473500	234.123660
26.190000	230.094296
25.893000	226.048493
25.582500	222.001827
25.254000	217.959360
24.889500	213.932528
24.457500	209.930782
23.922000	205.913251
23.031000	201.906857
18.940500	197.902802
13.909500	193.902162
12.681000	189.888142
12.123000	185.881822
11.709000	181.854123
11.367000	177.829032
11.070000	173.812264
10.800000	169.777860
10.548000	165.729966
10.309500	161.674465
10.084500	157.665451
9.864000	153.592233
9.652500	149.591714
9.441000	145.541444
9.229500	141.471940
9.018000	137.403670
8.806500	133.360237
8.590500	129.293587
8.370000	125.251916
8.140500	121.197592
7.902000	117.166659
7.650000	113.128694
7.380000	109.095067
7.083000	105.047962
6.754500	101.039607
0.000000	0.000000
& cycle # 2, chisq = 612630.949574, e = 39.162659
45.000000	365.630998
44.964000	361.539405
44.923500	357.450725
44.874000	353.128008
44.815500	348.854498
44.743500	344.665883
44.649000	340.633593
44.491500	336.612375
43.326000	332.597441
42.696000	328.581064
41.026500	324.580601
39.865500	320.572965
39.451500	316.552315
39.132000	312.512399
38.857500	308.486339
38.605500	304.461259
38.362500	300.393186
38.128500	296.382857
37.894500	292.360918
37.656000	288.345512
37.404000	284.290316
37.134000	280.230251
36.841500	276.227739
36.504000	272.216019
36.085500	268.212645
35.482500	264.199338
29.304000	260.198595
27.553500	256.195335
26.847000	252.195269
26.329500	248.185518
25.884000	244.162987
25.488000	240.136558
25.123500	236.117289
24.763500	232.069336
24.403500	228.047704
24.048000	224.047447
23.683500	220.025464
23.274000	216.019950
22.792500	212.001612
22.329000	207.989565
21.888000	203.963339
21.316500	199.955737
19.975500	195.951385
15.763500	191.950567
12.078000	187.937759
11.466000	183.931197
11.106000	179.875657
10.840500	175.865840
10.620000	171.803658
10.431000	167.745632
10.264500	163.693863
10.116000	159.678913
9.976500	155.547896
9.850500	151.510237
9.733500	147.497512
9.621000	143.398293
9.513000	139.239391
9.414000	135.232703
9.319500	131.232467
9.225000	127.058173
9.135000	122.918647
9.049500	118.836389
8.968500	114.833787
8.887500	110.699793
8.811000	106.675666
8.734500	102.536581
0.000000	0.000000
& cycle # 3, chisq = 621476.797022, e = 39.162659
45.000000	495.987456
44.950500	491.630881
44.896500	487.428818
44.833500	483.166962
44.761500	479.028481
44.676000	474.979907
44.568000	470.946285
44.419500	466.917148
44.181000	462.888480
43.614000	458.884362
42.516000	454.866796
41.967000	450.827931
41.625000	446.811037
41.364000	442.771287
41.148000	438.756904
40.959000	434.734857
40.788000	430.683095
40.630500	426.618702
40.482000	422.517924
40.342500	418.448719
40.207500	414.325792
40.081500	410.325722
39.955500	406.193339
39.834000	402.101030
39.717000	398.079809
39.600000	393.998610
39.483000	389.874330
39.366000	385.721088
39.253500	381.711600
39.141000	377.697300
39.028500	373.690282
38.911500	369.545701
38.794500	365.440974
38.677500	361.392378
38.556000	357.262244
38.434500	353.219165
38.308500	349.127260
38.178000	345.005685
38.043000	340.876389
37.903500	336.765760
37.759500	332.704025
37.606500	328.604672
37.444500	324.515809
37.273500	320.480753
37.089000	316.444384
36.886500	312.387025
36.661500	308.334534
36.405000	304.288210
36.103500	300.251282
35.734500	296.225219
35.244000	292.202460
34.497000	288.202279
33.079500	284.196945
31.351500	280.185375
30.348000	276.175677
29.677500	272.155294
29.164500	268.117867
28.732500	264.094910
28.354500	260.084809
28.012500	256.059532
27.693000	252.041459
27.387000	248.032329
27.090000	244.003497
26.802000	239.980701
26.514000	235.918395
26.221500	231.862978
25.920000	227.822044
25.609500	223.805145
25.285500	219.799237
24.930000	215.784431
24.516000	211.784198
24.016500	207.778764
23.301000	203.770187
21.771000	199.769888
16.974000	195.769378
12.964500	191.751502
12.289500	187.743404
11.835000	183.736348
11.466000	179.687327
11.151000	175.644882
10.872000	171.638069
10.611000	167.574506
10.368000	163.546508
10.138500	159.539120
9.918000	155.522399
9.702000	151.463533
9.490500	147.408077
9.283500	143.388015
9.076500	139.332070
8.869500	135.253412
8.662500	131.175189
8.455500	127.128513
8.244000	123.052743
8.032500	119.047163
7.816500	115.030678
7.596000	111.017032
7.366500	106.953014
7.132500	102.941604
0.000000	0.000000
& cycle # 4, chisq = 612407.365861, e = 39.162659
45.000000	381.470045
44.689500	377.453970
42.543000	373.449850
41.310000	369.430011
40.473000	365.410769
39.546000	361.397469
35.955000	357.393598
34.794000	353.385338
34.222500	349.351555
33.799500	345.305534
33.448500	341.270251
33.142500	337.258447
32.863500	333.189773
32.607000	329.120307
32.368500	325.088972
32.139000	321.011315
31.923000	317.004578
31.711500	312.926065
31.509000	308.889111
31.311000	304.840644
31.117500	300.814978
30.924000	296.742799
30.735000	292.731162
30.546000	288.689310
30.357000	284.622284
30.168000	280.544057
29.979000	276.478140
29.790000	272.450630
29.596500	268.387065
29.398500	264.299890
29.200500	260.283608
28.998000	256.250466
28.791000	252.219296
28.575000	248.140530
28.350000	244.062726
28.116000	240.022175
27.868500	235.960164
27.607500	231.894068
27.333000	227.869775
27.036000	223.856986
26.703000	219.810483
26.329500	215.768324
25.906500	211.738235
25.393500	207.727161
24.727500	203.723763
23.728500	199.712390
13.900500	195.711622
12.604500	191.705417
12.033000	187.698832
11.637000	183.679261
11.326500	179.624786
11.070000	175.565697
10.849500	171.515125
10.656000	167.507737
10.480500	163.483739
10.318500	159.417309
10.170000	155.374041
10.030500	151.288162
9.900000	147.207114
9.778500	143.180242
9.661500	139.094690
9.549000	134.973390
9.441000	130.837703
9.337500	126.707428
9.238500	122.601343
9.144000	118.537853
9.054000	114.535443
8.964000	110.403095
8.878500	106.357273
8.793000	102.195643
0.000000	0.000000
& cycle # 5, chisq = 601185.981797, e = 39.162659
45.000000	361.771771
44.973000	357.764495
44.941500	353.360720
44.910000	349.238797
44.874000	344.851062
44.838000	340.781426
44.797500	336.558480
44.752500	332.279169
44.703000	328.031270
44.649000	323.889635
44.586000	319.637621
44.514000	315.457883
44.428500	311.306508
44.325000	307.254082
44.190000	303.241671
43.987500	299.197057
43.582500	295.184330
41.742000	291.178186
40.653000	287.154725
40.005000	283.148998
39.460500	279.143379
38.929500	275.111238
38.358000	271.082796
37.651500	267.073603
36.328500	263.068336
29.911500	259.054926
29.052000	255.037284
28.476000	251.029572
28.017000	246.992576
27.616500	242.946771
27.252000	238.932718
26.910000	234.883095
26.586000	230.848250
26.266500	226.813349
25.942500	222.763069
25.618500	218.761315
25.285500	214.729677
24.930000	210.688043
24.529500	206.645711
24.075000	202.625769
23.521500	198.620837
22.576500	194.607273
21.037500	190.607033
13.738500	186.604943
12.591000	182.577906
12.082500	178.561341
11.713500	174.527179
11.416500	170.515749
11.160000	166.451264
10.935000	162.418133
10.728000	158.329907
10.539000	154.286727
10.363500	150.265710
10.197000	146.210390
10.039500	142.159333
9.891000	138.154425
9.747000	134.109035
9.607500	130.048850
9.472500	125.996088
9.342000	121.968497
9.211500	117.836072
9.085500	113.748959
8.964000	109.720456
8.842500	105.611275
8.725500	101.584982
0.000000	0.000000
& cycle # 1, chisq = 591546.650391, e = 37.894965
45.000000	334.537131
42.448500	330.507061
41.994000	326.477086
41.656500	322.431500
41.373000	318.396015
41.116500	314.351013
40.878000	310.334544
40.648500	306.308512
40.423500	302.300658
40.194000	298.234620
39.960000	294.173593
39.717000	290.122235
39.456000	286.056077
39.172500	282.046074
38.848500	278.032139
38.448000	273.997590
37.881000	269.982943
34.065000	265.982153
29.727000	261.978383
29.047500	257.964159
28.557000	253.961581
28.156500	249.961509
27.801000	245.917963
27.472500	241.880343
27.162000	237.840735
26.865000	233.788103
26.577000	229.749806
26.289000	225.720169
25.992000	221.661691
25.690500	217.657585
25.375500	213.614040
25.038000	209.568711
24.655500	205.545437
24.201000	201.519046
23.629500	197.498394
22.486500	193.489877
18.256500	189.488907
13.810500	185.487886
12.685500	181.480137
12.150000	177.461987
11.749500	173.420608
11.416500	169.385451
11.124000	165.337540
10.858500	161.299415
10.611000	157.281595
10.372500	153.221436
10.143000	149.169507
9.918000	145.096056
9.697500	141.060123
9.477000	137.039414
9.252000	133.001640
9.022500	128.987815
8.784000	124.970621
8.532000	120.961020
8.257500	116.946436
7.947000	112.907091
7.582500	108.885486
7.105500	104.883947
6.219000	100.875144
0.000000	0.000000
& cycle # 2, chisq = 595467.478776, e = 37.894965
45.000000	365.630998
44.964000	361.599948
44.923500	357.573010
44.874000	353.317092
44.815500	349.111242
44.743500	344.990677
44.644500	340.871071
44.478000	336.849728
43.249500	332.833874
42.547500	328.813602
40.396500	324.812858
39.856500	320.768891
39.519000	316.766539
39.244500	312.743160
39.001500	308.672780
38.781000	304.644478
38.569500	300.568543
38.367000	296.541858
38.169000	292.540325
37.971000	288.527889
37.768500	284.477043
37.561500	280.459258
37.345500	276.456140
37.116000	272.456120
36.864000	268.408552
36.580500	264.351636
36.247500	260.315643
35.824500	256.286553
35.176500	252.271398
28.408500	248.264443
27.166500	244.246305
26.514000	240.244881
26.001000	236.207273
25.564500	232.195026
25.173000	228.156987
24.799500	224.131126
24.430500	220.120780
24.070500	216.120775
23.710500	212.115816
23.314500	208.094392
22.860000	204.067839
22.419000	200.031223
22.023000	196.019611
21.586500	191.989567
20.952000	187.987503
19.381500	183.985860
12.289500	179.985434
11.434500	175.956613
11.007000	171.935020
10.696500	167.898783
10.444500	163.844574
10.233000	159.843320
10.044000	155.765875
9.877500	151.762770
9.724500	147.738154
9.580500	143.645102
9.445500	139.536527
9.319500	135.461026
9.198000	131.306139
9.085500	127.258156
8.977500	123.188025
8.874000	119.117848
8.775000	115.070533
8.680500	111.068967
8.586000	106.935367
8.496000	102.878721
0.000000	0.000000
& cycle # 3, chisq = 599851.899832, e = 37.894965
45.000000	495.987456
44.941500	491.819601
44.874000	487.593558
44.797500	483.452900
44.707500	479.340450
44.599500	475.288218
44.460000	471.176119
44.275500	467.149824
44.005500	463.115177
43.591500	459.079245
43.069500	455.073060
42.610500	451.068315
42.255000	447.062527
41.971500	443.059373
41.733000	439.055141
41.521500	434.965448
41.332500	430.876455
41.161500	426.835992
41.004000	422.833778
40.855500	418.818195
40.711500	414.712393
40.576500	410.692887
40.446000	406.670394
40.315500	402.529721
40.189500	398.431880
40.068000	394.398009
39.946500	390.295983
39.825000	386.142182
39.708000	382.110968
39.591000	378.066050
39.474000	374.021807
39.357000	369.989577
39.240000	365.978662
39.118500	361.845940
38.997000	357.758255
38.875500	353.729869
38.749500	349.630994
38.623500	345.627110
38.493000	341.592303
38.358000	337.546513
38.218500	333.508394
38.074500	329.498013
37.921500	325.422512
37.759500	321.329196
37.588500	317.268896
37.404000	313.192434
37.206000	309.160299
36.990000	305.149024
36.747000	301.105500
36.468000	297.060294
36.139500	293.049202
35.734500	289.046626
35.190000	285.020301
34.375500	281.005404
33.070500	276.999683
31.698000	272.998284
30.762000	268.981326
30.100500	264.974055
29.578500	260.952591
29.142000	256.933051
28.755000	252.927734
28.399500	248.875275
28.075500	244.870159
27.765000	240.827237
27.463500	236.790648
27.166500	232.732288
26.878500	228.724455
26.590500	224.701423
26.293500	220.646352
25.983000	216.592961
25.659000	212.568028
25.317000	208.555562
24.934500	204.518905
24.475500	200.502230
23.895000	196.483697
22.792500	192.477374
18.243000	188.476939
13.414500	184.467830
12.429000	180.440751
11.880000	176.415645
11.457000	172.384709
11.101500	168.347077
10.786500	164.310540
10.498500	160.300266
10.228500	156.290104
9.972000	152.273900
9.724500	148.245819
9.481500	144.194550
9.243000	140.160520
9.004500	136.085894
8.770500	132.066633
8.536500	128.059655
8.298000	124.025769
8.055000	119.986597
7.807500	115.947065
7.555500	111.920526
7.294500	107.866953
7.024500	103.806201
0.000000	0.000000
& cycle # 4, chisq = 590202.766739, e = 37.894965
45.000000	381.470045
44.347500	377.453550
43.542000	373.438153
42.988500	369.421580
42.579000	365.386034
42.241500	361.367017
41.940000	357.319842
41.661000	353.308169
41.391000	349.281847
41.121000	345.260728
40.842000	341.238449
40.540500	337.182465
40.198500	333.149762
39.771000	329.134726
39.033000	325.129199
36.531000	321.110966
35.995500	317.070815
35.622000	313.067226
35.311500	309.019817
35.037000	304.953259
34.785000	300.898305
34.546500	296.845990
34.317000	292.797946
34.092000	288.734486
33.871500	284.720474
33.646500	280.662639
33.417000	276.628629
33.178500	272.598518
32.926500	268.563302
32.656500	264.555747
32.350500	260.502555
31.990500	256.483238
31.522500	252.466840
30.667500	248.458778
27.720000	244.441991
27.058500	240.430512
26.590500	236.427450
26.190000	232.404812
25.821000	228.354137
25.479000	224.324478
25.150500	220.301049
24.817500	216.274211
24.471000	212.265874
24.111000	208.255860
23.728500	204.233582
23.269500	200.199634
22.680000	196.170113
22.104000	192.152703
21.402000	188.146600
13.936500	184.146597
12.348000	180.135955
11.736000	176.118341
11.295000	172.088733
10.939500	168.073666
10.629000	164.029121
10.350000	159.987233
10.093500	155.931020
9.855000	151.880108
9.630000	147.843727
9.414000	143.804698
9.207000	139.801310
9.004500	135.768533
8.806500	131.727136
8.613000	127.706848
8.419500	123.644694
8.226000	119.562886
8.032500	115.472687
7.839000	111.380603
7.645500	107.299170
7.452000	103.249747
0.000000	0.000000
& cycle # 5, chisq = 595489.191670, e = 37.894965
45.000000	361.771771
44.964000	357.302434
44.928000	353.124684
44.887500	348.757725
44.847000	344.714157
44.802000	340.572470
44.752500	336.416676
44.698500	332.320540
44.635500	328.056603
44.568000	324.037751
44.487000	319.881895
44.392500	315.821113
44.275500	311.758535
44.122500	307.731733
43.897500	303.716061
43.461000	299.693000
41.643000	295.689162
39.991500	291.685362
38.794500	287.683106
37.120500	283.678004
31.261500	279.675173
30.154500	275.661868
29.497500	271.650191
28.998000	267.645582
28.570500	263.609646
28.197000	259.595561
27.855000	255.567440
27.531000	251.540231
27.220500	247.530560
26.919000	243.497148
26.626500	239.497117
26.329500	235.453685
26.023500	231.397878
25.708500	227.350325
25.384500	223.320256
25.038000	219.276614
24.646500	215.238877
24.192000	211.223477
23.643000	207.221168
22.689000	203.215258
21.019500	199.215184
13.491000	195.207552
12.528000	191.204059
12.037500	187.183253
11.677500	183.173107
11.385000	179.172008
11.133000	175.141270
10.908000	171.076766
10.705500	167.049738
10.516500	162.978904
10.341000	158.925527
10.174500	154.832519
10.017000	150.739315
9.868500	146.688913
9.724500	142.593912
9.585000	138.479983
9.450000	134.369122
9.319500	130.278929
9.193500	126.223789
9.072000	122.216809
8.950500	118.117987
8.833500	114.089100
8.716500	109.986864
8.604000	105.981052
8.491500	101.922920
0.000000	0.000000
& cycle # 1, chisq = 615090.777867, e = 39.371104
45.000000	334.537131
41.278500	330.525214
40.410000	326.522466
39.793500	322.503140
39.240000	318.485706
38.691000	314.485106
38.092500	310.479851
37.381500	306.472924
36.409500	302.460507
34.816500	298.457243
32.926500	294.447195
31.774500	290.441545
31.023000	286.436399
30.460500	282.429332
29.992500	278.412119
29.587500	274.374538
29.227500	270.348824
28.894500	266.327496
28.579500	262.284493
28.282500	258.252764
27.999000	254.237229
27.720000	250.199665
27.441000	246.138181
27.166500	242.133606
26.892000	238.123696
26.613000	234.090061
26.325000	230.066836
26.019000	226.027823
25.695000	222.014337
25.348500	218.009852
24.957000	213.983233
24.475500	209.957672
23.850000	205.953843
22.482000	201.947766
17.379000	197.943256
13.059000	193.932408
12.366000	189.915027
11.907000	185.872130
11.542500	181.834751
11.232000	177.783189
10.957500	173.735284
10.705500	169.669976
10.471500	165.624932
10.251000	161.587866
10.039500	157.521315
9.837000	153.472056
9.639000	149.397763
9.445500	145.337108
9.256500	141.316630
9.067500	137.256033
8.878500	133.169979
8.689500	129.081702
8.500500	125.021615
8.311500	121.018019
8.118000	116.996579
7.920000	112.973441
7.717500	108.967740
7.506000	104.926147
7.285500	100.898300
0.000000	0.000000
& cycle # 2, chisq = 616104.494057, e = 39.371104
45.000000	365.630998
44.955000	361.304718
44.905500	357.192757
44.847000	353.105343
44.775000	349.055153
44.676000	344.942960
44.514000	340.866393
43.195500	336.865415
40.815000	332.861595
40.167000	328.837529
39.807000	324.812880
39.523500	320.766922
39.276000	316.693543
39.051000	312.619995
38.839500	308.542962
38.637000	304.496974
38.439000	300.479077
38.241000	296.457021
38.038500	292.392828
37.831500	288.353851
37.615500	284.337964
37.381500	280.285802
37.125000	276.250534
36.832500	272.215368
36.477000	268.197100
35.977500	264.177792
33.403500	260.176529
31.135500	256.172476
26.910000	252.167849
25.830000	248.166070
25.204500	244.133350
24.700500	240.109539
24.250500	236.095858
23.845500	232.083012
23.445000	228.052604
23.017500	224.038842
22.603500	220.015120
22.248000	215.963628
21.924000	211.940829
21.577500	207.899633
21.159000	203.867705
20.641500	199.860057
19.930500	195.844651
13.342500	191.844401
11.844000	187.821171
11.335500	183.816814
10.989000	179.796241
10.714500	175.731716
10.485000	171.673557
10.287000	167.640087
10.111500	163.617449
9.949500	159.510237
9.801000	155.403585
9.666000	151.382986
9.540000	147.381279
9.418500	143.291624
9.301500	139.135080
9.193500	135.103895
9.090000	131.062046
8.991000	127.030081
8.896500	123.029317
8.802000	118.880578
8.712000	114.793418
8.626500	110.789819
8.541000	106.670785
8.460000	102.664037
0.000000	0.000000
& cycle # 3, chisq = 637752.517506, e = 39.371104
45.000000	495.987456
44.959500	491.957786
44.914500	487.891506
44.865000	483.875641
44.806500	479.672208
44.739000	475.471364
44.662500	471.430621
44.568000	467.308962
44.451000	463.282052
44.293500	459.251483
44.059500	455.212020
43.677000	451.209372
43.128000	447.196647
42.651000	443.160555
42.304500	439.104458
42.039000	435.051483
41.818500	430.966517
41.629500	426.894082
41.463000	422.851878
41.310000	418.770199
41.170500	414.754355
41.040000	410.751558
40.914000	406.668528
40.792500	402.539564
40.675500	398.401784
40.563000	394.291930
40.455000	390.242609
40.347000	386.106612
40.243500	382.073735
40.140000	377.984152
40.036500	373.849550
39.933000	369.683529
39.829500	365.501761
39.726000	361.321095
39.622500	357.158057
39.519000	353.027480
39.415500	348.941858
39.312000	344.911656
39.204000	340.775513
39.096000	336.720847
38.983500	332.596660
38.871000	328.588126
38.754000	324.557172
38.632500	320.534569
38.502000	316.411985
38.367000	312.371473
38.223000	308.317982
38.070000	304.305412
37.903500	300.289992
37.719000	296.276624
37.507500	292.240084
37.255500	288.182392
36.940500	284.153670
36.486000	280.123389
35.208000	276.121660
29.362500	272.114623
28.701000	268.112643
28.233000	264.110596
27.850500	260.101405
27.508500	256.062465
27.193500	252.014542
26.901000	247.987075
26.622000	243.962727
26.347500	239.936515
26.068500	235.871919
25.789500	231.869040
25.501500	227.811965
25.204500	223.782167
24.880500	219.733365
24.511500	215.694921
24.084000	211.683427
23.539500	207.677271
22.455000	203.666551
18.400500	199.660531
14.080500	195.655123
12.933000	191.654762
12.384000	187.640052
11.974500	183.609816
11.628000	179.559298
11.322000	175.518367
11.043000	171.488364
10.782000	167.484393
10.530000	163.468439
10.282500	159.423689
10.039500	155.389337
9.796500	151.341181
9.549000	147.269981
9.297000	143.237533
9.036000	139.216988
8.761500	135.192167
8.469000	131.191180
8.145000	127.167493
7.780500	123.156452
7.353000	119.129536
6.826500	115.116688
6.156000	111.114274
5.350500	107.107672
4.621500	103.081950
0.000000	0.000000
& cycle # 4, chisq = 627736.529868, e = 39.371104
45.000000	381.470045
44.748000	377.417221
44.221500	373.401190
41.134500	369.398476
39.852000	365.390632
37.399500	361.390105
34.479000	357.367236
33.862500	353.333927
33.421500	349.293250
33.061500	345.238417
32.755500	341.220773
32.481000	337.185060
32.229000	333.150756
31.995000	329.133978
31.774500	325.109664
31.563000	321.036918
31.360500	316.961831
31.167000	312.933899
30.978000	308.896252
30.793500	304.869377
30.613500	300.864560
30.433500	296.788630
30.258000	292.755920
30.082500	288.683495
29.907000	284.595188
29.731500	280.513909
29.556000	276.455439
29.380500	272.426714
29.200500	268.327659
29.020500	264.266405
28.840500	260.255859
28.656000	256.220453
28.467000	252.193033
28.269000	248.111832
28.066500	244.092008
27.855000	240.054428
27.634500	236.014370
27.405000	232.005640
27.157500	227.945055
26.892000	223.932807
26.599500	219.921240
26.275500	215.915663
25.906500	211.881325
25.461000	207.849721
24.880500	203.831439
24.025500	199.819122
13.455000	195.815729
12.222000	191.804548
11.718000	187.804482
11.371500	183.764522
11.106000	179.753412
10.885500	175.727923
10.692000	171.627995
10.521000	167.526584
10.368000	163.445286
10.228500	159.360313
10.102500	155.355060
9.981000	151.197295
9.868500	147.081597
9.765000	143.065218
9.666000	139.014549
9.571500	134.955144
9.481500	130.911581
9.396000	126.907393
9.310500	122.741913
9.229500	118.644359
9.153000	114.637162
9.076500	110.494926
9.004500	106.471942
8.932500	102.327841
0.000000	0.000000
& cycle # 5, chisq = 604159.744075, e = 39.371104
45.000000	361.771771
44.968500	357.313690
44.937000	353.121730
44.901000	348.644638
44.865000	344.478658
44.824500	340.135083
44.784000	336.132888
44.739000	332.059981
44.689500	327.995400
44.631000	323.696060
44.568000	319.614834
44.496000	315.572245
44.410500	311.516369
44.307000	307.506062
44.172000	303.470552
43.978500	299.445900
43.632000	295.442351
42.160500	291.436799
40.468500	287.435497
39.532500	283.416810
38.659500	279.401969
37.539000	275.393369
32.017500	271.390413
30.361500	267.388670
29.619000	263.368219
29.088000	259.343715
28.647000	255.313270
28.264500	251.288894
27.918000	247.247495
27.594000	243.229316
27.283500	239.220660
26.982000	235.185142
26.689500	231.168639
26.397000	227.149982
26.095500	223.108997
25.785000	219.085424
25.465500	215.082078
25.123500	211.034387
24.741000	207.004040
24.291000	202.979705
23.746500	198.953699
22.815000	194.952593
20.709000	190.952414
13.459500	186.944398
12.438000	182.926772
11.911500	178.915842
11.520000	174.915665
11.196000	170.872338
10.917000	166.840230
10.665000	162.779017
10.435500	158.744720
10.224000	154.741017
10.021500	150.650364
9.832500	146.615866
9.652500	142.596813
9.477000	138.528961
9.306000	134.433699
9.139500	130.325165
8.977500	126.215709
8.820000	122.120813
8.667000	118.059863
8.518500	114.052977
8.370000	109.993129
8.221500	105.887586
8.077500	101.865504
0.000000	0.000000
& cycle # 1, chisq = 590262.407222, e = 38.195308
45.000000	334.537131
42.511500	330.529348
42.048000	326.513618
41.706000	322.504307
41.413500	318.440840
41.152500	314.437066
40.905000	310.409470
40.666500	306.395561
40.428000	302.357849
40.185000	298.318695
39.933000	294.283466
39.663000	290.228108
39.366000	286.204838
39.019500	282.165886
38.583000	278.152013
37.885500	274.150265
31.113000	270.148166
29.574000	266.141080
28.957500	262.113076
28.498500	258.078430
28.120500	254.055573
27.783000	250.000740
27.472500	245.986513
27.175500	241.932690
26.892000	237.883249
26.617500	233.854324
26.343000	229.823773
26.064000	225.814741
25.776000	221.796316
25.479000	217.783638
25.164000	213.753496
24.813000	209.720849
24.403500	205.719717
23.908500	201.712631
23.139000	197.711449
21.132000	193.710507
14.584500	189.707343
13.171500	185.687322
12.622500	181.674854
12.226500	177.636751
11.902500	173.611347
11.619000	169.583334
11.362500	165.540443
11.128500	161.539597
10.908000	157.534706
10.696500	153.524372
10.489500	149.476902
10.287000	145.427000
10.089000	141.405268
9.891000	137.355921
9.693000	133.323267
9.490500	129.264440
9.283500	125.224802
9.067500	121.159239
8.842500	117.120248
8.604000	113.107715
8.343000	109.100366
8.046000	105.082223
7.690500	101.050795
0.000000	0.000000
& cycle # 2, chisq = 601821.787402, e = 38.195308
45.000000	365.630998
44.959500	361.505490
44.914500	357.489471
44.860500	353.378823
44.793000	349.176300
44.707500	345.112013
44.581500	341.096234
44.235000	337.084803
42.691500	333.083900
40.482000	329.077859
39.982500	325.044007
39.658500	320.995239
39.397500	316.966478
39.168000	312.918618
38.961000	308.914944
38.763000	304.838779
38.574000	300.791103
38.389500	296.748094
38.205000	292.659429
38.020500	288.569524
37.836000	284.529939
37.647000	280.500892
37.449000	276.451257
37.242000	272.444945
37.017000	268.387907
36.769500	264.328431
36.490500	260.318288
36.153000	256.298520
35.703000	252.268932
34.875000	248.264594
27.418500	244.261874
26.127000	240.261073
25.438500	236.249389
24.907500	232.226968
24.430500	228.220429
23.998500	224.213903
23.584500	220.177082
23.143500	216.150940
22.693500	212.122331
22.306500	208.071773
21.964500	204.047749
21.609000	200.042858
21.177000	196.016256
20.637000	191.989217
19.899000	187.974685
13.500000	183.974222
11.835000	179.950474
11.277000	175.909903
10.899000	171.865247
10.602000	167.823121
10.354500	163.809274
10.138500	159.774898
9.945000	155.710021
9.769500	151.643864
9.607500	147.567782
9.459000	143.557430
9.319500	139.547458
9.184500	135.437426
9.058500	131.392927
8.937000	127.299588
8.820000	123.178655
8.707500	119.052950
8.599500	114.945482
8.496000	110.878088
8.397000	106.870578
8.298000	102.750853
0.000000	0.000000
& cycle # 3, chisq = 611128.185520, e = 38.195308
45.000000	495.987456
44.955000	491.929700
44.905500	487.915400
44.847000	483.714652
44.779500	479.503754
44.703000	475.448759
44.608500	471.305414
44.491500	467.238821
44.334000	463.155094
44.109000	459.154381
43.744500	455.117310
43.227000	451.106581
42.759000	447.087162
42.412500	443.046964
42.147000	439.012384
41.926500	434.926924
41.737500	430.844648
41.571000	426.774289
41.422500	422.766233
41.283000	418.687257
41.152500	414.606699
41.031000	410.584399
40.914000	406.514361
40.801500	402.428566
40.693500	398.360522
40.590000	394.342879
40.486500	390.223729
40.387500	386.201599
40.288500	382.110258
40.189500	377.959621
40.095000	373.951571
40.000500	369.908482
39.906000	365.841724
39.811500	361.764023
39.717000	357.688704
39.622500	353.628668
39.528000	349.595524
39.429000	345.409958
39.330000	341.274425
39.231000	337.197559
39.132000	333.187945
39.028500	329.078028
38.925000	325.063205
38.817000	320.987978
38.704500	316.880192
38.587500	312.768844
38.466000	308.682327
38.340000	304.647538
38.205000	300.558151
38.061000	296.466809
37.908000	292.432412
37.741500	288.416122
37.552500	284.332694
37.336500	280.267829
37.080000	276.217618
36.756000	272.195034
36.274500	268.172184
31.135500	264.171876
29.209500	260.153413
28.557000	256.129254
28.089000	252.116778
27.697500	248.076778
27.346500	244.030986
27.027000	240.021556
26.725500	235.984394
26.433000	231.935790
26.140500	227.877200
25.848000	223.864901
25.551000	219.846391
25.245000	215.825253
24.916500	211.811645
24.543000	207.787917
24.111000	203.774803
23.571000	199.759795
22.545000	195.749723
18.576000	191.746089
14.269500	187.743082
12.807000	183.720658
12.226500	179.709287
11.799000	175.703453
11.439000	171.671631
11.124000	167.665209
10.831500	163.603924
10.557000	159.568462
10.291500	155.508225
10.035000	151.472732
9.783000	147.449241
9.531000	143.433885
9.274500	139.412631
9.009000	135.354514
8.734500	131.304180
8.446500	127.273195
8.136000	123.236468
7.798500	119.220915
7.420500	115.183859
6.988500	111.174261
6.484500	107.154860
5.899500	103.126875
0.000000	0.000000
& cycle # 4, chisq = 600170.787188, e = 38.195308
45.000000	381.470045
43.087500	377.470032
40.734000	373.464953
39.744000	369.447487
38.754000	365.433905
35.518500	361.431426
34.092000	357.430048
33.556500	353.391631
33.169500	349.348567
32.859000	345.346799
32.589000	341.304423
32.346000	337.240793
32.125500	333.221137
31.918500	329.163201
31.725000	325.122018
31.540500	321.054771
31.365000	317.010172
31.194000	312.926983
31.027500	308.836718
30.865500	304.762782
30.708000	300.721063
30.550500	296.605201
30.397500	292.543062
30.244500	288.429750
30.096000	284.404697
29.947500	280.366423
29.799000	276.333568
29.650500	272.321314
29.497500	268.219596
29.344500	264.156455
29.191500	260.136084
29.034000	256.048784
28.876500	252.025684
28.714500	247.973391
28.548000	243.922112
28.377000	239.902714
28.197000	235.840904
28.008000	231.766060
27.810000	227.701461
27.603000	223.674590
27.382500	219.651009
27.144000	215.643122
26.878500	211.635617
26.572500	207.592420
26.217000	203.575055
25.776000	199.545597
25.132500	195.542758
23.382000	191.539859
12.564000	187.530557
11.866500	183.511692
11.515500	179.494384
11.268000	175.484693
11.070000	171.418460
10.903500	167.328688
10.759500	163.249382
10.633500	159.233825
10.516500	155.104842
10.408500	150.928422
10.309500	146.773593
10.219500	142.711432
10.134000	138.589931
10.053000	134.440886
9.976500	130.297324
9.904500	126.192806
9.837000	122.160768
9.769500	117.947356
9.706500	113.848518
9.643500	109.586600
9.585000	105.480926
9.526500	101.230472
0.000000	0.000000
& cycle # 5, chisq = 574921.830850, e = 38.195308
45.000000	361.771771
44.964000	357.392632
44.928000	353.280333
44.887500	348.959905
44.847000	344.936811
44.802000	340.790368
44.752500	336.599590
44.698500	332.434212
44.640000	328.351284
44.572500	324.139540
44.496000	319.947993
44.410500	315.901486
44.307000	311.761565
44.181000	307.653742
44.019000	303.564358
43.798500	299.550495
43.447500	295.520992
42.768000	291.506817
41.638500	287.501915
40.653000	283.494180
39.829500	279.490637
39.015000	275.488265
38.034000	271.484584
36.072000	267.482927
31.437000	263.472460
30.375000	259.458036
29.713500	255.445258
29.209500	251.443082
28.777500	247.421887
28.395000	243.414374
28.044000	239.368514
27.715500	235.351205
27.396000	231.315523
27.085500	227.288654
26.779500	223.232470
26.473500	219.174241
26.163000	215.172234
25.839000	211.171497
25.497000	207.124881
25.132500	203.082119
24.718500	199.057968
24.219000	195.034445
23.584500	191.033765
22.324500	187.029962
17.379000	183.027226
12.834000	179.026580
12.132000	175.017238
11.677500	170.990541
11.322000	166.937634
11.025000	162.882118
10.764000	158.815830
10.530000	154.780841
10.314000	150.726404
10.116000	146.725358
9.927000	142.654667
9.747000	138.561779
9.576000	134.493735
9.414000	130.489446
9.256500	126.461466
9.103500	122.422974
8.955000	118.387190
8.811000	114.370182
8.667000	110.260943
8.527500	106.203515
8.388000	102.081107
0.000000	0.000000
& cycle # 1, chisq = 582945.055054, e = 37.190343
45.000000	334.537131
42.750000	330.527910
42.291000	326.502171
41.958000	322.479775
41.674500	318.423404
41.422500	314.401981
41.184000	310.336994
40.954500	306.269194
40.729500	302.192741
40.509000	298.189935
40.284000	294.177156
40.050000	290.136046
39.807000	286.134633
39.541500	282.070827
39.249000	278.037011
38.911500	273.988029
38.497500	269.958076
37.912500	265.939945
36.252000	261.938102
29.970000	257.932770
29.232000	253.909397
28.705500	249.896374
28.273500	245.866184
27.900000	241.859379
27.553500	237.821747
27.225000	233.768708
26.914500	229.740719
26.613000	225.697217
26.311500	221.638536
26.005500	217.597212
25.695000	213.588411
25.375500	209.565658
25.038000	205.548856
24.660000	201.527117
24.223500	197.494268
23.710500	193.474335
22.900500	189.471588
21.757500	185.463203
14.053500	181.462068
12.595500	177.449034
12.015000	173.423572
11.592000	169.396988
11.245500	165.372271
10.944000	161.343990
10.669500	157.304205
10.413000	153.254603
10.170000	149.200145
9.936000	145.127293
9.711000	141.105027
9.486000	137.037710
9.261000	132.975103
9.036000	128.954064
8.806500	124.935798
8.568000	120.909604
8.316000	116.896366
8.041500	112.871164
7.735500	108.859197
7.371000	104.821465
6.885000	100.804418
0.000000	0.000000
& cycle # 2, chisq = 586043.056558, e = 37.190343
45.000000	365.630998
44.955000	361.556953
44.901000	357.352381
44.838000	353.274780
44.757000	349.138941
44.644500	345.056011
44.437500	341.010923
42.763500	337.004772
40.504500	332.987979
40.059000	328.945426
39.757500	324.938893
39.510000	320.917679
39.289500	316.835153
39.091500	312.808687
38.907000	308.794927
38.727000	304.690894
38.556000	300.672116
38.385000	296.579894
38.218500	292.559063
38.052000	288.536050
37.881000	284.442574
37.710000	280.432944
37.530000	276.347984
37.345500	272.341320
37.147500	268.273070
36.936000	264.222010
36.706500	260.211999
36.445500	256.187445
36.135000	252.158196
35.739000	248.152824
35.109000	244.150701
31.081500	240.147941
26.280000	236.146663
25.326000	232.128715
24.700500	228.107012
24.178500	224.091703
23.728500	220.080457
23.283000	216.056340
22.828500	212.029886
22.437000	207.997376
22.108500	203.961038
21.798000	199.945571
21.460500	195.910480
21.069000	191.886145
20.623500	187.878204
20.092500	183.861391
19.314000	179.859280
13.428000	175.858809
11.538000	171.839020
10.966500	167.829419
10.579500	163.813732
10.278000	159.812857
10.026000	155.788080
9.805500	151.712160
9.612000	147.693298
9.436500	143.681636
9.274500	139.657726
9.121500	135.562153
8.977500	131.435817
8.842500	127.323439
8.716500	123.272174
8.595000	119.173368
8.478000	115.051223
8.365500	110.927982
8.257500	106.823448
8.154000	102.755403
0.000000	0.000000
& cycle # 3, chisq = 609515.686985, e = 37.190343
45.000000	495.987456
44.946000	491.830472
44.887500	487.774366
44.820000	483.601182
44.743500	479.446764
44.658000	475.423765
44.554500	471.271211
44.433000	467.215302
44.284500	463.164106
44.100000	459.129601
43.870500	455.103985
43.596000	451.081680
43.299000	447.072994
43.006500	443.031541
42.741000	438.982085
42.507000	434.968993
42.295500	430.883710
42.106500	426.813107
41.935500	422.777220
41.778000	418.753084
41.629500	414.679711
41.490000	410.608413
41.359500	406.596991
41.233500	402.551370
41.112000	398.499646
40.995000	394.465191
40.878000	390.308234
40.765500	386.206593
40.657500	382.186270
40.549500	378.100044
40.441500	373.962560
40.338000	369.961121
40.234500	365.933570
40.131000	361.888437
40.027500	357.834933
39.924000	353.784005
39.820500	349.748402
39.717000	345.741739
39.609000	341.605805
39.501000	337.528222
39.393000	333.518918
39.280500	329.423533
39.168000	325.418528
39.051000	321.358324
38.929500	317.267000
38.803500	313.172838
38.673000	309.106449
38.538000	305.097677
38.394000	301.050183
38.241000	297.010097
38.074500	292.918542
37.894500	288.855979
37.696500	284.826003
37.471500	280.800142
37.206000	276.763665
36.877500	272.730937
36.427500	268.724383
35.590500	264.722190
30.609000	260.721402
29.574000	256.714846
28.975500	252.708729
28.512000	248.697400
28.125000	244.690861
27.778500	240.657254
27.454500	236.604079
27.148500	232.559294
26.856000	228.507865
26.572500	224.474001
26.289000	220.444768
26.001000	216.437597
25.704000	212.410174
25.398000	208.383555
25.074000	204.367523
24.709500	200.345434
24.282000	196.318740
23.769000	192.314142
22.896000	188.304849
19.498500	184.303254
14.076000	180.302338
12.613500	176.285259
11.997000	172.255696
11.538000	168.237879
11.155500	164.229659
10.813500	160.188837
10.498500	156.172374
10.197000	152.113832
9.909000	148.079316
9.625500	144.025062
9.342000	139.964217
9.058500	135.940771
8.770500	131.922202
8.473500	127.908020
8.158500	123.859259
7.825500	119.828915
7.470000	115.815484
7.078500	111.773860
6.651000	107.749383
6.187500	103.738935
0.000000	0.000000
& cycle # 4, chisq = 587964.372288, e = 37.190343
45.000000	381.470045
44.707500	377.451466
44.302500	373.418628
43.848000	369.407488
43.438500	365.383572
43.096500	361.356663
42.804000	357.297403
42.547500	353.250387
42.313500	349.174620
42.097500	345.114502
41.895000	341.108506
41.697000	337.049926
41.503500	332.990266
41.310000	328.903133
41.116500	324.856172
40.918500	320.808033
40.711500	316.729862
40.495500	312.717870
40.257000	308.659735
39.991500	304.659482
39.672000	300.636466
39.235500	296.623428
37.395000	292.622675
35.896500	288.609749
35.347500	284.574420
34.920000	280.574210
34.533000	276.557553
34.159500	272.519740
33.786000	268.516989
33.381000	264.485493
32.913000	260.469036
32.283000	256.459676
29.358000	252.450951
28.386000	248.439352
27.868500	244.419159
27.463500	240.415330
27.112500	236.401361
26.797500	232.392834
26.500500	228.356195
26.212500	224.333240
25.924500	220.283788
25.636500	216.226814
25.348500	212.200738
25.047000	208.147916
24.723000	204.146310
24.358500	200.125884
23.949000	196.121641
23.431500	192.115224
22.549500	188.102349
20.857500	184.101638
13.752000	180.098777
12.555000	176.091336
11.965500	172.061597
11.520000	168.038042
11.146500	164.012667
10.813500	159.970015
10.507500	155.957758
10.215000	151.901950
9.936000	147.865407
9.666000	143.860912
9.396000	139.828522
9.126000	135.812269
8.851500	131.771681
8.572500	127.753117
8.280000	123.698457
7.974000	119.662880
7.650000	115.620854
7.303500	111.588871
6.925500	107.542672
6.520500	103.535324
0.000000	0.000000
& cycle # 5, chisq = 588157.171693, e = 37.190343
45.000000	361.771771
44.973000	357.630993
44.941500	353.079261
44.910000	348.817655
44.874000	344.280090
44.838000	340.070668
44.797500	335.702057
44.757000	331.698277
44.712000	327.644382
44.662500	323.620582
44.604000	319.394674
44.536500	315.157952
44.460000	311.083819
44.365500	306.950503
44.244000	302.820558
44.073000	298.736808
43.771500	294.699161
41.539500	290.697776
39.883500	286.688572
38.902500	282.673630
37.831500	278.668194
34.884000	274.667730
30.793500	270.662962
29.929500	266.655655
29.349000	262.642330
28.881000	258.609202
28.476000	254.579471
28.116000	250.564406
27.783000	246.563609
27.459000	242.507628
27.148500	238.502541
26.842500	234.452648
26.541000	230.434225
26.230500	226.391012
25.906500	222.352306
25.569000	218.333464
25.209000	214.301350
24.804000	210.296173
24.309000	206.279560
23.674500	202.272817
22.329000	198.263978
16.861500	194.262727
12.933000	190.242072
12.280500	186.212720
11.826000	182.176886
11.457000	178.130027
11.142000	174.096722
10.863000	170.094053
10.606500	166.093395
10.363500	162.038684
10.134000	157.977323
9.918000	153.960086
9.711000	149.957138
9.508500	145.923801
9.310500	141.886500
9.117000	137.859093
8.928000	133.851941
8.739000	129.783504
8.554500	125.771353
8.370000	121.737952
8.185500	117.694112
8.001000	113.641116
7.816500	109.577619
7.632000	105.508121
7.447500	101.443975
0.000000	0.000000
& cycle # 1, chisq = 603394.771924, e = 38.866446
45.000000	334.537131
42.277500	330.519426
41.778000	326.474752
41.427000	322.425026
41.134500	318.367718
40.873500	314.319138
40.630500	310.268597
40.396500	306.219193
40.167000	302.197132
39.937500	298.193890
39.699000	294.139506
39.447000	290.077274
39.177000	286.058739
38.875500	282.045584
38.515500	278.015421
38.038500	273.997477
37.138500	269.990808
29.992500	265.985964
29.101500	261.976861
28.548000	257.948056
28.116000	253.914499
27.742500	249.869261
27.400500	245.831416
27.081000	241.808360
26.775000	237.756957
26.478000	233.736934
26.176500	229.697701
25.866000	225.652663
25.546500	221.618233
25.213500	217.616149
24.840000	213.581958
24.394500	209.545395
23.845500	205.531487
22.828500	201.525461
18.571500	197.518711
14.071500	193.515455
13.005000	189.494746
12.478500	185.460363
12.091500	181.443198
11.767500	177.417490
11.479500	173.352940
11.218500	169.286004
10.980000	165.285219
10.750500	161.230779
10.530000	157.192836
10.314000	153.134253
10.102500	149.088212
9.891000	145.007195
9.679500	140.940840
9.463500	136.856910
9.243000	132.803245
9.013500	128.740171
8.775000	124.723070
8.518500	120.694699
8.235000	116.663170
7.911000	112.635511
7.519500	108.605835
6.984000	104.596665
5.827500	100.593568
0.000000	0.000000
& cycle # 2, chisq = 612590.482340, e = 38.866446
45.000000	365.630998
44.964000	361.102996
44.928000	357.050217
44.887500	353.015949
44.838000	348.757968
44.779500	344.568023
44.707500	340.489363
44.608500	336.442998
44.428500	332.380318
43.240500	328.369794
42.714000	324.359547
42.052500	320.350737
39.969000	316.349306
39.501000	312.321894
39.168000	308.313226
38.889000	304.309031
38.637000	300.302623
38.398500	296.280274
38.169000	292.277778
37.939500	288.221536
37.710000	284.201346
37.471500	280.155022
37.219500	276.098734
36.949500	272.061462
36.648000	268.011307
36.297000	263.999005
35.851500	259.996829
35.158500	255.992183
28.305000	251.986637
27.126000	247.978162
26.469000	243.954184
25.951500	239.951388
25.506000	235.946598
25.101000	231.903698
24.709500	227.881432
24.318000	223.839889
23.935500	219.812799
23.539500	215.792030
23.080500	211.777677
22.585500	207.764994
22.144500	203.742025
21.694500	199.720674
21.046500	195.703318
19.201500	191.703210
12.307500	187.688556
11.592000	183.664960
11.191500	179.654112
10.894500	175.616112
10.651500	171.562539
10.444500	167.532581
10.260000	163.456303
10.093500	159.359889
9.945000	155.358607
9.805500	151.296160
9.675000	147.228471
9.553500	143.208783
9.436500	139.125025
9.324000	134.999182
9.216000	130.851980
9.112500	126.703806
9.013500	122.575382
8.919000	118.487947
8.829000	114.462991
8.739000	110.311146
8.653500	106.251937
8.568000	102.083579
0.000000	0.000000
& cycle # 3, chisq = 612200.426324, e = 38.866446
45.000000	495.987456
44.950500	491.822882
44.896500	487.734893
44.833500	483.497182
44.761500	479.265122
44.680500	475.178034
44.586000	471.150243
44.469000	467.062677
44.320500	462.963243
44.127000	458.897902
43.870500	454.885383
43.542000	450.872380
43.182000	446.827142
42.853500	442.781876
42.574500	438.720854
42.340500	434.702145
42.138000	430.676544
41.958000	426.642714
41.796000	422.629759
41.647500	418.619115
41.508000	414.560875
41.377500	410.519867
41.251500	406.407609
41.130000	402.257433
41.013000	398.097703
40.900500	393.955097
40.792500	389.857046
40.689000	385.831458
40.585500	381.724572
40.482000	377.551549
40.383000	373.510937
40.284000	369.433142
40.185000	365.327645
40.086000	361.203956
39.987000	357.072729
39.888000	352.946285
39.789000	348.838279
39.690000	344.762680
39.591000	340.732530
39.487500	336.579919
39.384000	332.499596
39.276000	328.328145
39.168000	324.253549
39.055500	320.122225
38.943000	316.117797
38.826000	312.101038
38.700000	307.958401
38.569500	303.880738
38.430000	299.770163
38.281500	295.679898
38.124000	291.663876
37.948500	287.580774
37.755000	283.561138
37.530000	279.517878
37.260000	275.512224
36.904500	271.487279
36.328500	267.467244
29.907000	263.467064
28.854000	259.455289
28.269000	255.431306
27.823500	251.408238
27.436500	247.365951
27.090000	243.364068
26.766000	239.318114
26.455500	235.270163
26.149500	231.253963
25.839000	227.219928
25.524000	223.180176
25.200000	219.156828
24.849000	215.148602
24.444000	211.122830
23.971500	207.113439
23.319000	203.104187
22.036500	199.095644
17.622000	195.095319
13.356000	191.085487
12.559500	187.054134
12.073500	183.023250
11.691000	178.985839
11.367000	174.978164
11.079000	170.974694
10.813500	166.965716
10.561500	162.934554
10.318500	158.875102
10.084500	154.830537
9.855000	150.769568
9.630000	146.746922
9.405000	142.731653
9.175500	138.676813
8.941500	134.606842
8.703000	130.555943
8.455500	126.503597
8.194500	122.441486
7.920000	118.418093
7.627500	114.414508
7.308000	110.402124
6.952500	106.383359
6.556500	102.374728
0.000000	0.000000
& cycle # 4, chisq = 609015.731522, e = 38.866446
45.000000	381.470045
44.626500	377.458839
41.926500	373.455739
40.050000	369.448731
38.677500	365.448384
34.753500	361.438662
33.957000	357.420280
33.484500	353.413369
33.120000	349.396649
32.814000	345.344818
32.548500	341.325645
32.305500	337.262540
32.080500	333.188266
31.873500	329.176933
31.675500	325.106434
31.486500	321.020061
31.306500	316.967051
31.131000	312.887666
30.960000	308.810909
30.793500	304.756569
30.631500	300.737670
30.469500	296.651185
30.312000	292.622471
30.154500	288.553680
29.997000	284.464622
29.839500	280.376521
29.682000	276.307550
29.524500	272.269884
29.367000	268.269831
29.205000	264.198478
29.043000	260.176464
28.876500	256.106318
28.705500	252.013473
28.530000	247.930112
28.350000	243.888275
28.161000	239.817299
27.963000	235.743290
27.756000	231.686695
27.540000	227.676041
27.306000	223.610608
27.054000	219.598511
26.770500	215.563229
26.446500	211.526002
26.068500	207.493538
25.596000	203.487178
24.889500	199.470653
22.887000	195.470339
12.393000	191.454659
11.857500	187.420812
11.533500	183.399726
11.290500	179.331625
11.097000	175.322107
10.930500	171.260664
10.786500	167.253579
10.656000	163.197782
10.539000	159.196184
10.431000	155.177243
10.327500	151.016681
10.233000	146.940944
10.143000	142.803429
10.057500	138.633877
9.976500	134.463307
9.900000	130.323312
9.828000	126.245377
9.756000	121.989015
9.688500	117.834652
9.625500	113.812424
9.562500	109.648843
9.499500	105.342342
9.441000	101.214020
0.000000	0.000000
& cycle # 5, chisq = 585994.801904, e = 38.866446
45.000000	361.771771
44.973000	357.768215
44.941500	353.363813
44.910000	349.236482
44.874000	344.837426
44.838000	340.751707
44.797500	336.505841
44.752500	332.196134
44.703000	327.910072
44.649000	323.722596
44.590500	319.701993
44.523000	315.660270
44.442000	311.548912
44.343000	307.439453
44.217000	303.384831
44.037000	299.322578
43.722000	295.309270
42.255000	291.305845
40.585500	287.291914
39.775500	283.284199
39.082500	279.268886
38.358000	275.260314
37.399500	271.260181
31.545000	267.258220
29.889000	263.239004
29.169000	259.212598
28.642500	255.203453
28.210500	251.193324
27.832500	247.178680
27.481500	243.140487
27.153000	239.130325
26.838000	235.080188
26.532000	231.024974
26.226000	226.973426
25.915500	222.940005
25.600500	218.925942
25.276500	214.910858
24.930000	210.905278
24.538500	206.904781
24.088500	202.898396
23.535000	198.881800
22.581000	194.869785
20.907000	190.869125
13.549500	186.864394
12.397500	182.841031
11.866500	178.814565
11.479500	174.789418
11.164500	170.740227
10.894500	166.693767
10.656000	162.687914
10.435500	158.628426
10.233000	154.593397
10.044000	150.559309
9.864000	146.483506
9.693000	142.414167
9.531000	138.395633
9.373500	134.345772
9.220500	130.280963
9.072000	126.214471
8.928000	122.160291
8.788500	118.135097
8.649000	114.023614
8.514000	109.973461
8.379000	105.862802
8.248500	101.837900
0.000000	0.000000
& cycle # 1, chisq = 591112.096502, e = 38.176023
45.000000	334.537131
42.471000	330.511779
42.016500	326.491374
41.683500	322.484794
41.400000	318.422358
41.148000	314.414314
40.909500	310.364848
40.680000	306.306344
40.455000	302.269115
40.230000	298.263771
39.996000	294.199341
39.753000	290.163425
39.492000	286.139527
39.199500	282.097604
38.857500	278.053943
38.421000	274.050174
37.696500	270.047471
32.481000	266.047095
29.371500	262.046369
28.732500	258.031762
28.264500	253.999668
27.877500	249.966618
27.531000	245.938788
27.211500	241.938538
26.910000	237.925995
26.617500	233.872982
26.329500	229.844485
26.037000	225.813900
25.740000	221.811420
25.434000	217.792965
25.110000	213.758233
24.750000	209.739428
24.327000	205.702259
23.823000	201.695233
22.999500	197.683401
19.975500	193.683208
16.285500	189.681775
13.041000	185.666668
12.456000	181.637813
12.046500	177.635546
11.709000	173.615057
11.416500	169.613351
11.151000	165.576861
10.903500	161.509862
10.669500	157.450507
10.444500	153.395516
10.228500	149.392626
10.012500	145.313264
9.801000	141.289013
9.585000	137.205346
9.369000	133.201251
9.144000	129.156381
8.910000	125.122615
8.662500	121.099925
8.392500	117.073567
8.086500	113.039956
7.722000	109.004529
7.240500	105.002524
6.250500	101.001660
0.000000	0.000000
& cycle # 2, chisq = 600941.826453, e = 38.176023
45.000000	365.630998
44.959500	361.598923
44.910000	357.307671
44.851500	353.040163
44.779500	348.808166
44.685000	344.671073
44.536500	340.584266
43.389000	336.583473
42.273000	332.582030
40.279500	328.578512
39.874500	324.563511
39.577500	320.496113
39.330000	316.446764
39.109500	312.386714
38.907000	308.337022
38.713500	304.246841
38.529000	300.209432
38.349000	296.190736
38.169000	292.134024
37.989000	288.081788
37.804500	283.984604
37.615500	279.902989
37.422000	275.894135
37.215000	271.833413
36.994500	267.799793
36.751500	263.748505
36.477000	259.726467
36.148500	255.713257
35.716500	251.688618
34.969500	247.684477
29.218500	243.684330
26.091000	239.671146
25.344000	235.644365
24.781500	231.614864
24.286500	227.610731
23.845500	223.597242
23.413500	219.585888
22.950000	215.560789
22.522500	211.544898
22.162500	207.493404
21.825000	203.443962
21.456000	199.421691
21.006000	195.391631
20.466000	191.381141
19.705500	187.375947
13.549500	183.374372
11.812500	179.360486
11.245500	175.349196
10.863000	171.338079
10.561500	167.308921
10.309500	163.282619
10.089000	159.211658
9.895500	155.188877
9.720000	151.166609
9.558000	147.135412
9.405000	143.043948
9.261000	138.934822
9.126000	134.848262
9.000000	130.824744
8.878500	126.751524
8.761500	122.650729
8.649000	118.545643
8.541000	114.459155
8.437500	110.412501
8.334000	106.240732
8.235000	102.134660
0.000000	0.000000
& cycle # 3, chisq = 613268.897614, e = 38.176023
45.000000	495.987456
44.946000	491.670262
44.887500	487.528994
44.820000	483.353599
44.743500	479.298235
44.649000	475.123133
44.536500	471.114042
44.388000	467.055587
44.181000	463.003075
43.870500	458.983997
43.416000	454.951333
42.939000	450.918593
42.561000	446.874075
42.268500	442.833406
42.030000	438.778635
41.827500	434.745133
41.647500	430.666700
41.485500	426.584834
41.337000	422.508322
41.197500	418.399469
41.067000	414.318847
40.941000	410.167966
40.824000	406.136471
40.711500	402.111590
40.599000	397.956999
40.491000	393.862470
40.387500	389.854387
40.284000	385.774998
40.180500	381.634058
40.081500	377.624744
39.982500	373.578276
39.883500	369.506525
39.784500	365.422846
39.685500	361.341048
39.586500	357.274169
39.487500	353.233556
39.388500	349.228648
39.285000	345.088554
39.181500	341.004786
39.078000	336.986384
38.970000	332.873879
38.862000	328.855930
38.749500	324.784314
38.632500	320.685715
38.511000	316.586747
38.385000	312.512627
38.254500	308.487315
38.115000	304.407259
37.966500	300.323328
37.809000	296.293254
37.638000	292.277577
37.449000	288.274367
37.233000	284.237116
36.981000	280.203695
36.670500	276.162729
36.247500	272.130811
35.509500	268.124328
30.483000	264.119621
29.376000	260.107371
28.759500	256.098719
28.291500	252.097483
27.900000	248.094270
27.544500	244.052458
27.216000	240.034547
26.905500	235.995294
26.608500	231.969434
26.316000	227.966001
26.019000	223.958150
25.713000	219.911816
25.402500	215.904820
25.074000	211.890356
24.705000	207.859938
24.277500	203.854541
23.764500	199.848906
22.900500	195.844343
19.683000	191.843791
14.355000	187.843384
12.793500	183.829115
12.199500	179.825006
11.763000	175.811278
11.398500	171.781267
11.079000	167.748735
10.786500	163.703973
10.512000	159.667017
10.251000	155.649730
9.999000	151.633315
9.751500	147.602764
9.504000	143.547408
9.256500	139.515274
9.004500	135.460776
8.748000	131.414862
8.482500	127.363009
8.203500	123.306360
7.911000	119.292238
7.596000	115.244332
7.254000	111.201563
6.880500	107.196594
6.466500	103.162876
0.000000	0.000000
& cycle # 4, chisq = 597411.852729, e = 38.176023
45.000000	381.470045
41.706000	377.463968
40.509000	373.459529
39.321000	369.459104
35.406000	365.448401
34.501500	361.446985
33.993000	357.411986
33.610500	353.376324
33.291000	349.338352
33.012000	345.292444
32.764500	341.288512
32.535000	337.245249
32.319000	333.175081
32.116500	329.141867
31.923000	325.096032
31.738500	321.066309
31.558500	316.981770
31.387500	312.977795
31.216500	308.874608
31.050000	304.803792
30.888000	300.785057
30.726000	296.716684
30.564000	292.602952
30.406500	288.565349
30.249000	284.500215
30.091500	280.423338
29.934000	276.354121
29.776500	272.311366
29.619000	268.309209
29.457000	264.243160
29.295000	260.231262
29.128500	256.166538
28.957500	252.060689
28.786500	248.039263
28.611000	244.021591
28.426500	239.941571
28.237500	235.931521
28.039500	231.917895
27.828000	227.834108
27.607500	223.793868
27.373500	219.762089
27.121500	215.751731
26.842500	211.745750
26.527500	207.744306
26.163000	203.708663
25.726500	199.690448
25.132500	195.678339
24.169500	191.669313
12.924000	187.662656
12.006000	183.650397
11.565000	179.631070
11.259000	175.626478
11.016000	171.558643
10.813500	167.486580
10.638000	163.406103
10.485000	159.393422
10.345500	155.334046
10.219500	151.314985
10.102500	147.265676
9.994500	143.244434
9.891000	139.126839
9.792000	134.940382
9.702000	130.919813
9.616500	126.907355
9.531000	122.703451
9.450000	118.540759
9.373500	114.445173
9.301500	110.441844
9.229500	106.291480
9.162000	102.264518
0.000000	0.000000
& cycle # 5, chisq = 577251.060552, e = 38.176023
45.000000	361.771771
44.968500	357.765013
44.932500	353.453315
44.896500	349.416944
44.856000	345.179932
44.811000	340.820975
44.766000	336.807479
44.716500	332.762524
44.662500	328.750079
44.599500	324.543691
44.527500	320.301328
44.446500	316.165623
44.352000	312.065536
44.239500	308.032964
44.095500	303.966296
43.902000	299.945093
43.605000	295.923881
43.033500	291.906562
41.895000	287.903609
40.860000	283.901113
40.072500	279.893935
39.357000	275.873181
38.605500	271.864244
37.647000	267.859018
35.275500	263.857205
30.901500	259.846988
29.943000	255.827305
29.322000	251.820550
28.827000	247.790470
28.404000	243.772879
28.030500	239.771535
27.684000	235.770397
27.351000	231.748486
27.031500	227.736600
26.721000	223.715112
26.410500	219.672034
26.095500	215.663119
25.767000	211.615094
25.429500	207.585447
25.074000	203.583597
24.669000	199.549671
24.196500	195.540665
23.620500	191.540551
22.594500	187.537566
18.904500	183.536585
13.180500	179.534851
12.253500	175.515476
11.749500	171.476946
11.376000	167.463888
11.070000	163.444391
10.804500	159.412489
10.566000	155.368575
10.350000	151.359226
10.147500	147.293544
9.958500	143.231276
9.778500	139.133225
9.607500	135.048518
9.445500	131.019232
9.288000	126.959981
9.135000	122.885637
8.986500	118.810268
8.842500	114.750354
8.703000	110.725159
8.563500	106.621088
8.428500	102.585483
0.000000	0.000000
& cycle # 1, chisq = 577545.058879, e = 37.180753
45.000000	334.537131
42.727500	330.518435
42.250500	326.515639
41.908500	322.510456
41.620500	318.500742
41.359500	314.446908
41.116500	310.422559
40.882500	306.395122
40.653000	302.366443
40.423500	298.347553
40.189500	294.336217
39.946500	290.314804
39.690000	286.296219
39.411000	282.275876
39.096000	278.227615
38.731500	274.225809
38.263500	270.212727
37.539000	266.195592
31.270500	262.194817
29.979000	258.193417
29.317500	254.177835
28.818000	250.143065
28.399500	246.110500
28.035000	242.104969
27.697500	238.079499
27.378000	234.075464
27.067500	230.021872
26.770500	226.013748
26.473500	221.964456
26.172000	217.927722
25.861500	213.903431
25.542000	209.894588
25.204500	205.858557
24.831000	201.824850
24.394500	197.808878
23.872500	193.797017
23.058000	189.789439
21.541500	185.788423
16.708500	181.783793
12.694500	177.779082
12.028500	173.767499
11.578500	169.737148
11.223000	165.736734
10.917000	161.716697
10.642500	157.707814
10.386000	153.659336
10.147500	149.656724
9.918000	145.619696
9.697500	141.618139
9.477000	137.552238
9.256500	133.469124
9.036000	129.404519
8.815500	125.396810
8.586000	121.342681
8.347500	117.325641
8.091000	113.290534
7.812000	109.283341
7.492500	105.251264
7.101000	101.235383
0.000000	0.000000
& cycle # 2, chisq = 579953.849084, e = 37.180753
45.000000	365.630998
44.955000	361.570264
44.901000	357.379126
44.838000	353.314153
44.757000	349.190513
44.644500	345.118591
44.437500	341.081836
42.745500	337.075982
40.513500	333.061815
40.081500	329.050946
39.784500	325.037183
39.541500	321.018721
39.325500	316.945677
39.132000	312.934802
38.947500	308.833402
38.772000	304.731973
38.605500	300.710656
38.439000	296.605767
38.277000	292.565396
38.115000	288.510285
37.953000	284.474984
37.786500	280.389444
37.615500	276.302356
37.440000	272.260528
37.255500	268.207864
37.062000	264.198758
36.850500	260.131120
36.616500	256.057812
36.351000	252.019631
36.031500	247.977432
35.613000	243.953316
34.879500	239.944806
30.762000	235.943501
26.068500	231.936562
25.078500	227.926883
24.412500	223.904445
23.877000	219.883065
23.386500	215.864969
22.882500	211.829042
22.450500	207.782417
22.099500	203.734913
21.771000	199.712068
21.411000	195.665660
20.992500	191.628313
20.520000	187.604702
19.944000	183.588683
19.071000	179.585466
12.901500	175.582408
11.574000	171.565675
11.020500	167.529839
10.638000	163.482405
10.336500	159.434890
10.084500	155.380277
9.868500	151.370061
9.675000	147.340695
9.499500	143.321113
9.337500	139.293472
9.184500	135.198679
9.040500	131.076378
8.905500	126.969151
8.779500	122.922349
8.658000	118.826621
8.541000	114.706203
8.428500	110.584028
8.320500	106.480757
8.217000	102.414787
0.000000	0.000000
& cycle # 3, chisq = 603331.542613, e = 37.180753
45.000000	495.987456
44.941500	491.707851
44.878500	487.630643
44.806500	483.553469
44.721000	479.410045
44.622000	475.396037
44.500500	471.386996
44.343000	467.336102
44.131500	463.286747
43.839000	459.249343
43.461000	455.235467
43.060500	451.189759
42.714000	447.155711
42.426000	443.099366
42.187500	439.086100
41.980500	435.057713
41.796000	431.013579
41.629500	426.973833
41.476500	422.930054
41.332500	418.844512
41.197500	414.780665
41.067000	410.645811
40.945500	406.619597
40.828500	402.589578
40.716000	398.584740
40.603500	394.467683
40.495500	390.424822
40.387500	386.306876
40.284000	382.300557
40.180500	378.244412
40.077000	374.147289
39.973500	370.019512
39.870000	365.873489
39.766500	361.723228
39.663000	357.583041
39.559500	353.466075
39.456000	349.383370
39.352500	345.343822
39.244500	341.182816
39.136500	337.085435
39.028500	333.061052
38.916000	328.958094
38.799000	324.800947
38.682000	320.768962
38.560500	316.725532
38.434500	312.694841
38.299500	308.564832
38.160000	304.505513
38.011500	300.421817
37.854000	296.366374
37.683000	292.294362
37.498500	288.290766
37.291500	284.267027
37.053000	280.207580
36.774000	276.189588
36.423000	272.171510
35.928000	268.152238
34.983000	264.151905
31.050000	260.149142
29.830500	256.144764
29.169000	252.135442
28.669500	248.126651
28.255500	244.118563
27.891000	240.090760
27.553500	236.051216
27.234000	232.008393
26.932500	228.004126
26.640000	223.991033
26.347500	219.960448
26.050500	215.948239
25.744500	211.923876
25.429500	207.899950
25.096500	203.879870
24.723000	199.860706
24.286500	195.857168
23.755500	191.827991
22.842000	187.820477
19.246500	183.818642
13.693500	179.815894
12.505500	175.808054
11.911500	171.785686
11.461500	167.774116
11.083500	163.756424
10.746000	159.728430
10.431000	155.672944
10.134000	151.626051
9.850500	147.599223
9.571500	143.547730
9.297000	139.540167
9.018000	135.479564
8.739000	131.460262
8.451000	127.410107
8.154000	123.393318
7.843500	119.380166
7.515000	115.347272
7.164000	111.313731
6.790500	107.308937
6.390000	103.266176
0.000000	0.000000
& cycle # 4, chisq = 581325.936016, e = 37.180753
45.000000	381.470045
44.487000	377.458570
43.969500	373.444511
43.546500	369.397478
43.204500	365.358799
42.912000	361.309476
42.651000	357.238933
42.412500	353.202477
42.187500	349.158051
41.971500	345.134972
41.755500	341.050421
41.544000	337.046900
41.328000	333.032494
41.103000	329.023181
40.860000	324.963927
40.594500	320.933700
40.284000	316.886799
39.888000	312.857459
39.208500	308.856140
36.693000	304.832561
36.126000	300.794640
35.725500	296.769139
35.388000	292.711654
35.086500	288.658881
34.803000	284.599763
34.528500	280.549828
34.258500	276.529921
33.984000	272.486915
33.700500	268.468864
33.394500	264.435784
33.052500	260.396932
32.652000	256.387561
32.107500	252.372389
29.583000	248.369773
28.269000	244.349145
27.711000	240.315459
27.279000	236.275080
26.914500	232.273877
26.586000	228.270673
26.271000	224.228644
25.965000	220.224507
25.659000	216.173716
25.357500	212.172560
25.042500	208.119545
24.705000	204.108972
24.327000	200.070158
23.904000	196.031309
23.368500	192.015121
22.495500	187.999437
21.163500	183.996068
13.801500	179.995377
12.456000	175.971624
11.866500	171.936500
11.430000	167.897683
11.070000	163.855316
10.755000	159.827324
10.467000	155.798479
10.197000	151.746164
9.945000	147.744623
9.702000	143.727215
9.463500	139.683569
9.229500	135.655568
8.995500	131.587773
8.766000	127.582766
8.532000	123.523398
8.293500	119.455418
8.050500	115.408883
7.803000	111.398510
7.546500	107.379734
7.276500	103.337000
0.000000	0.000000
& cycle # 5, chisq = 581138.072093, e = 37.180753
