0.000000	14.901711
0.200785	14.901711
0.200785	15.307341
0.488059	15.307341
0.488059	15.340781
0.671951	15.340781
0.671951	15.364091
1.009858	15.364091
1.009858	15.386157
1.346827	15.386157
1.346827	15.401368
1.614572	15.401368
1.614572	15.418212
2.203921	15.418212
2.203921	15.436501
2.792050	15.436501
2.792050	15.449810
3.276856	15.449810
3.276856	15.465160
4.349089	15.465160
4.349089	15.481545
5.365804	15.481545
5.365804	15.493227
6.217943	15.493227
6.217943	15.506445
8.055015	15.506445
8.055015	15.520034
9.794575	15.520034
9.794575	15.529228
11.270049	15.529228
11.270049	15.538385
14.397836	15.538385
14.397836	15.545900
17.257451	15.545900
17.257451	15.549958
19.635908	15.549958
19.635908	15.554287
24.179458	15.554287
24.179458	15.560344
27.484541	15.560344
27.484541	15.567467
29.788301	15.567467
29.788301	15.582120
33.136333	15.582120
33.136333	15.611525
34.942958	15.611525
34.942958	15.645001
36.043629	15.645001
36.043629	15.686823
37.641881	15.686823
37.641881	15.721092
38.812719	15.721092
38.812719	15.735687
39.806859	15.735687
39.806859	15.746829
41.703760	15.746829
41.703760	15.757488
43.289723	15.757488
43.289723	15.766730
44.629167	15.766730
44.629167	15.780391
46.849630	15.780391
46.849630	15.799871
48.540636	15.799871
48.540636	15.819628
49.886333	15.819628
49.886333	15.846586
51.911029	15.846586
51.911029	15.877601
53.492796	15.877601
53.492796	15.900056
54.817510	15.900056
54.817510	15.919788
56.920850	15.919788
56.920850	15.935230
58.743059	15.935230
58.743059	15.944630
60.386380	15.944630
60.386380	15.952911
62.937444	15.952911
62.937444	15.959960
65.214396	15.959960
65.214396	15.964663
67.273771	15.964663
& cycle # 1, chisq = 641.189028, e = 40.181663
0.000000	14.975383
0.200785	14.975383
0.200785	15.355625
0.488059	15.355625
0.488059	15.379992
0.671951	15.379992
0.671951	15.397111
1.009858	15.397111
1.009858	15.413447
1.346827	15.413447
1.346827	15.424796
1.614572	15.424796
1.614572	15.437462
2.203921	15.437462
2.203921	15.451319
2.792050	15.451319
2.792050	15.461481
3.276856	15.461481
3.276856	15.473293
4.349089	15.473293
4.349089	15.486000
5.365804	15.486000
5.365804	15.495127
6.217943	15.495127
6.217943	15.505532
8.055015	15.505532
8.055015	15.516307
9.794575	15.516307
9.794575	15.523651
11.270049	15.523651
11.270049	15.531031
14.397836	15.531031
14.397836	15.537176
17.257451	15.537176
17.257451	15.540590
19.635908	15.540590
19.635908	15.544386
24.179458	15.544386
24.179458	15.549861
27.484541	15.549861
27.484541	15.556408
29.788301	15.556408
29.788301	15.570061
33.136333	15.570061
33.136333	15.597852
34.942958	15.597852
34.942958	15.629970
36.043629	15.629970
36.043629	15.670840
37.641881	15.670840
37.641881	15.705246
38.812719	15.705246
38.812719	15.720708
39.806859	15.720708
39.806859	15.733550
41.703760	15.733550
41.703760	15.746824
43.289723	15.746824
43.289723	15.758901
44.629167	15.758901
44.629167	15.777228
46.849630	15.777228
46.849630	15.803804
48.540636	15.803804
48.540636	15.831112
49.886333	15.831112
49.886333	15.868872
51.911029	15.868872
51.911029	15.913031
53.492796	15.913031
53.492796	15.945741
54.817510	15.945741
54.817510	15.975457
56.920850	15.975457
56.920850	15.999741
58.743059	15.999741
58.743059	16.015242
60.386380	16.015242
60.386380	16.029511
62.937444	16.029511
62.937444	16.042257
65.214396	16.042257
65.214396	16.051301
67.273771	16.051301
& cycle # 2, chisq = 688.378376, e = 40.181663
0.000000	14.504382
0.200785	14.504382
0.200785	14.910887
0.488059	14.910887
0.488059	14.956701
0.671951	14.956701
0.671951	14.995108
1.009858	14.995108
1.009858	15.036606
1.346827	15.036606
1.346827	15.068681
1.614572	15.068681
1.614572	15.108169
2.203921	15.108169
2.203921	15.155428
2.792050	15.155428
2.792050	15.192990
3.276856	15.192990
3.276856	15.239879
4.349089	15.239879
4.349089	15.293352
5.365804	15.293352
5.365804	15.333534
6.217943	15.333534
6.217943	15.380684
8.055015	15.380684
8.055015	15.430167
9.794575	15.430167
9.794575	15.463811
11.270049	15.463811
11.270049	15.496767
14.397836	15.496767
14.397836	15.522449
17.257451	15.522449
17.257451	15.534704
19.635908	15.534704
19.635908	15.545255
24.179458	15.545255
24.179458	15.557505
27.484541	15.557505
27.484541	15.570556
29.788301	15.570556
29.788301	15.595674
33.136333	15.595674
33.136333	15.642911
34.942958	15.642911
34.942958	15.693305
36.043629	15.693305
36.043629	15.752227
37.641881	15.752227
37.641881	15.797168
38.812719	15.797168
38.812719	15.814313
39.806859	15.814313
39.806859	15.825546
41.703760	15.825546
41.703760	15.834928
43.289723	15.834928
43.289723	15.842451
44.629167	15.842451
44.629167	15.853176
46.849630	15.853176
46.849630	15.868186
48.540636	15.868186
48.540636	15.883230
49.886333	15.883230
49.886333	15.903565
51.911029	15.903565
51.911029	15.926721
53.492796	15.926721
53.492796	15.943263
54.817510	15.943263
54.817510	15.957530
56.920850	15.957530
56.920850	15.968435
58.743059	15.968435
58.743059	15.974916
60.386380	15.974916
60.386380	15.980526
62.937444	15.980526
62.937444	15.985227
65.214396	15.985227
65.214396	15.988308
67.273771	15.988308
& cycle # 3, chisq = 674.981828, e = 40.181663
0.000000	14.959946
0.200785	14.959946
0.200785	15.374355
0.488059	15.374355
0.488059	15.400493
0.671951	15.400493
0.671951	15.418339
1.009858	15.418339
1.009858	15.435077
1.346827	15.435077
1.346827	15.446542
1.614572	15.446542
1.614572	15.459179
2.203921	15.459179
2.203921	15.472852
2.792050	15.472852
2.792050	15.482775
3.276856	15.482775
3.276856	15.494199
4.349089	15.494199
4.349089	15.506381
5.365804	15.506381
5.365804	15.515062
6.217943	15.515062
6.217943	15.524884
8.055015	15.524884
8.055015	15.534988
9.794575	15.534988
9.794575	15.541832
11.270049	15.541832
11.270049	15.548667
14.397836	15.548667
14.397836	15.554306
17.257451	15.554306
17.257451	15.557388
19.635908	15.557388
19.635908	15.560738
24.179458	15.560738
24.179458	15.565495
27.484541	15.565495
27.484541	15.571141
29.788301	15.571141
29.788301	15.582846
33.136333	15.582846
33.136333	15.606535
34.942958	15.606535
34.942958	15.633756
36.043629	15.633756
36.043629	15.668166
37.641881	15.668166
37.641881	15.696881
38.812719	15.696881
38.812719	15.709579
39.806859	15.709579
39.806859	15.719886
41.703760	15.719886
41.703760	15.730336
43.289723	15.730336
43.289723	15.739739
44.629167	15.739739
44.629167	15.753929
46.849630	15.753929
46.849630	15.774433
48.540636	15.774433
48.540636	15.795449
49.886333	15.795449
49.886333	15.824437
51.911029	15.824437
51.911029	15.858233
53.492796	15.858233
53.492796	15.883165
54.817510	15.883165
54.817510	15.905681
56.920850	15.905681
56.920850	15.923946
58.743059	15.923946
58.743059	15.935514
60.386380	15.935514
60.386380	15.946087
62.937444	15.946087
62.937444	15.955460
65.214396	15.955460
65.214396	15.962049
67.273771	15.962049
& cycle # 4, chisq = 665.451834, e = 40.181663
0.000000	14.932819
0.200785	14.932819
0.200785	15.318144
0.488059	15.318144
0.488059	15.345702
0.671951	15.345702
0.671951	15.365041
1.009858	15.365041
1.009858	15.383465
1.346827	15.383465
1.346827	15.396243
1.614572	15.396243
1.614572	15.410479
2.203921	15.410479
2.203921	15.426034
2.792050	15.426034
2.792050	15.437425
3.276856	15.437425
3.276856	15.450649
4.349089	15.450649
4.349089	15.464861
5.365804	15.464861
5.365804	15.475061
6.217943	15.475061
6.217943	15.486680
8.055015	15.486680
8.055015	15.498707
9.794575	15.498707
9.794575	15.506902
11.270049	15.506902
11.270049	15.515137
14.397836	15.515137
14.397836	15.521996
17.257451	15.521996
17.257451	15.525813
19.635908	15.525813
19.635908	15.530063
24.179458	15.530063
24.179458	15.536208
27.484541	15.536208
27.484541	15.543565
29.788301	15.543565
29.788301	15.558929
33.136333	15.558929
33.136333	15.590249
34.942958	15.590249
34.942958	15.626508
36.043629	15.626508
36.043629	15.672757
37.641881	15.672757
37.641881	15.711847
38.812719	15.711847
38.812719	15.729559
39.806859	15.729559
39.806859	15.744458
41.703760	15.744458
41.703760	15.760033
43.289723	15.760033
43.289723	15.774300
44.629167	15.774300
44.629167	15.796032
46.849630	15.796032
46.849630	15.827619
48.540636	15.827619
48.540636	15.860139
49.886333	15.860139
49.886333	15.905194
51.911029	15.905194
51.911029	15.958004
53.492796	15.958004
53.492796	15.997243
54.817510	15.997243
54.817510	16.033039
56.920850	16.033039
56.920850	16.062434
58.743059	16.062434
58.743059	16.081280
60.386380	16.081280
60.386380	16.098673
62.937444	16.098673
62.937444	16.114235
65.214396	16.114235
65.214396	16.125292
67.273771	16.125292
& cycle # 5, chisq = 759.730182, e = 40.181663
0.000000	14.867786
0.214677	14.867786
0.214677	15.340543
0.512746	15.340543
0.512746	15.371263
0.704508	15.371263
0.704508	15.392254
1.052463	15.392254
1.052463	15.411931
1.398940	15.411931
1.398940	15.425467
1.674832	15.425467
1.674832	15.440319
2.273496	15.440319
2.273496	15.456376
2.870635	15.456376
2.870635	15.468080
3.363993	15.468080
3.363993	15.481491
4.440066	15.481491
4.440066	15.495783
5.461235	15.495783
5.461235	15.506016
6.318980	15.506016
6.318980	15.517545
8.143665	15.517545
8.143665	15.529416
9.873077	15.529416
9.873077	15.537521
11.343132	15.537521
11.343132	15.545634
14.420844	15.545634
14.420844	15.552252
17.247843	15.552252
17.247843	15.555637
19.617584	15.555637
19.617584	15.559011
24.130998	15.559011
24.130998	15.563820
27.458050	15.563820
27.458050	15.569778
29.794301	15.569778
29.794301	15.582729
33.151104	15.582729
33.151104	15.610286
34.953589	15.610286
34.953589	15.642543
36.049696	15.642543
36.049696	15.680489
37.648715	15.680489
37.648715	15.709839
38.840471	15.709839
38.840471	15.723657
39.849388	15.723657
39.849388	15.735578
41.735013	15.735578
41.735013	15.747028
43.308193	15.747028
43.308193	15.756806
44.638279	15.756806
44.638279	15.771129
46.825003	15.771129
46.825003	15.791367
48.502854	15.791367
48.502854	15.811733
49.847562	15.811733
49.847562	15.839096
51.867752	15.839096
51.867752	15.870216
53.462216	15.870216
53.462216	15.892761
54.804987	15.892761
54.804987	15.912540
56.922510	15.912540
56.922510	15.927910
58.760488	15.927910
58.760488	15.937159
60.416676	15.937159
60.416676	15.945384
62.951909	15.945384
62.951909	15.953076
65.189878	15.953076
65.189878	15.959371
67.181398	15.959371
& cycle # 1, chisq = 623.939017, e = 39.483288
0.000000	14.931470
0.214677	14.931470
0.214677	15.393568
0.512746	15.393568
0.512746	15.415572
0.704508	15.415572
0.704508	15.430760
1.052463	15.430760
1.052463	15.445180
1.398940	15.445180
1.398940	15.455220
1.674832	15.455220
1.674832	15.466364
2.273496	15.466364
2.273496	15.478542
2.870635	15.478542
2.870635	15.487511
3.363993	15.487511
3.363993	15.497890
4.440066	15.497890
4.440066	15.509054
5.461235	15.509054
5.461235	15.517117
6.318980	15.517117
6.318980	15.526278
8.143665	15.526278
8.143665	15.535782
9.873077	15.535782
9.873077	15.542319
11.343132	15.542319
11.343132	15.548910
14.420844	15.548910
14.420844	15.554346
17.247843	15.554346
17.247843	15.557193
19.617584	15.557193
19.617584	15.560137
24.130998	15.560137
24.130998	15.564437
27.458050	15.564437
27.458050	15.569812
29.794301	15.569812
29.794301	15.581565
33.151104	15.581565
33.151104	15.606712
34.953589	15.606712
34.953589	15.636351
36.049696	15.636351
36.049696	15.671611
37.648715	15.671611
37.648715	15.699398
38.840471	15.699398
38.840471	15.712874
39.849388	15.712874
39.849388	15.724930
41.735013	15.724930
41.735013	15.736952
43.308193	15.736952
43.308193	15.747485
44.638279	15.747485
44.638279	15.763109
46.825003	15.763109
46.825003	15.785358
48.502854	15.785358
48.502854	15.807881
49.847562	15.807881
49.847562	15.838328
51.867752	15.838328
51.867752	15.873218
53.462216	15.873218
53.462216	15.898766
54.804987	15.898766
54.804987	15.921547
56.922510	15.921547
56.922510	15.939677
58.760488	15.939677
58.760488	15.950939
60.416676	15.950939
60.416676	15.961324
62.951909	15.961324
62.951909	15.971411
65.189878	15.971411
65.189878	15.979953
67.181398	15.979953
& cycle # 2, chisq = 635.513358, e = 39.483288
0.000000	14.798097
0.214677	14.798097
0.214677	15.295988
0.512746	15.295988
0.512746	15.336870
0.704508	15.336870
0.704508	15.363643
1.052463	15.363643
1.052463	15.388058
1.398940	15.388058
1.398940	15.404489
1.674832	15.404489
1.674832	15.422194
2.273496	15.422194
2.273496	15.441037
2.870635	15.441037
2.870635	15.454584
3.363993	15.454584
3.363993	15.469919
4.440066	15.469919
4.440066	15.486090
5.461235	15.486090
5.461235	15.497558
6.318980	15.497558
6.318980	15.510377
8.143665	15.510377
8.143665	15.523484
9.873077	15.523484
9.873077	15.532382
11.343132	15.532382
11.343132	15.541246
14.420844	15.541246
14.420844	15.548436
17.247843	15.548436
17.247843	15.552075
19.617584	15.552075
19.617584	15.555643
24.130998	15.555643
24.130998	15.560678
27.458050	15.560678
27.458050	15.566893
29.794301	15.566893
29.794301	15.580385
33.151104	15.580385
33.151104	15.609060
34.953589	15.609060
34.953589	15.642585
36.049696	15.642585
36.049696	15.681960
37.648715	15.681960
37.648715	15.712357
38.840471	15.712357
38.840471	15.726648
39.849388	15.726648
39.849388	15.738982
41.735013	15.738982
41.735013	15.750847
43.308193	15.750847
43.308193	15.760998
44.638279	15.760998
44.638279	15.775886
46.825003	15.775886
46.825003	15.796946
48.502854	15.796946
48.502854	15.818161
49.847562	15.818161
49.847562	15.846703
51.867752	15.846703
51.867752	15.879221
53.462216	15.879221
53.462216	15.902840
54.804987	15.902840
54.804987	15.923651
56.922510	15.923651
56.922510	15.939933
58.760488	15.939933
58.760488	15.949825
60.416676	15.949825
60.416676	15.958726
62.951909	15.958726
62.951909	15.967159
65.189878	15.967159
65.189878	15.974144
67.181398	15.974144
& cycle # 3, chisq = 626.575771, e = 39.483288
0.000000	14.950517
0.214677	14.950517
0.214677	15.424680
0.512746	15.424680
0.512746	15.443449
0.704508	15.443449
0.704508	15.456242
1.052463	15.456242
1.052463	15.468352
1.398940	15.468352
1.398940	15.476773
1.674832	15.476773
1.674832	15.486116
2.273496	15.486116
2.273496	15.496326
2.870635	15.496326
2.870635	15.503847
3.363993	15.503847
3.363993	15.512554
4.440066	15.512554
4.440066	15.521927
5.461235	15.521927
5.461235	15.528701
6.318980	15.528701
6.318980	15.536404
8.143665	15.536404
8.143665	15.544404
9.873077	15.544404
9.873077	15.549914
11.343132	15.549914
11.343132	15.555480
14.420844	15.555480
14.420844	15.560088
17.247843	15.560088
17.247843	15.562523
19.617584	15.562523
19.617584	15.565075
24.130998	15.565075
24.130998	15.568836
27.458050	15.568836
27.458050	15.573558
29.794301	15.573558
29.794301	15.583909
33.151104	15.583909
33.151104	15.606126
34.953589	15.606126
34.953589	15.632416
36.049696	15.632416
36.049696	15.663900
37.648715	15.663900
37.648715	15.689004
38.840471	15.689004
38.840471	15.701418
39.849388	15.701418
39.849388	15.712799
41.735013	15.712799
41.735013	15.724430
43.308193	15.724430
43.308193	15.734786
44.638279	15.734786
44.638279	15.750270
46.825003	15.750270
46.825003	15.772420
48.502854	15.772420
48.502854	15.794914
49.847562	15.794914
49.847562	15.825408
51.867752	15.825408
51.867752	15.860454
53.462216	15.860454
53.462216	15.886200
54.804987	15.886200
54.804987	15.909234
56.922510	15.909234
56.922510	15.927600
58.760488	15.927600
58.760488	15.938989
60.416676	15.938989
60.416676	15.949422
62.951909	15.949422
62.951909	15.959454
65.189878	15.959454
65.189878	15.967860
67.181398	15.967860
& cycle # 4, chisq = 646.788516, e = 39.483288
0.000000	14.860889
0.214677	14.860889
0.214677	15.346204
0.512746	15.346204
0.512746	15.372821
0.704508	15.372821
0.704508	15.391168
1.052463	15.391168
1.052463	15.408538
1.398940	15.408538
1.398940	15.420598
1.674832	15.420598
1.674832	15.433948
2.273496	15.433948
2.273496	15.448501
2.870635	15.448501
2.870635	15.459193
3.363993	15.459193
3.363993	15.471539
4.440066	15.471539
4.440066	15.484793
5.461235	15.484793
5.461235	15.494348
6.318980	15.494348
6.318980	15.505186
8.143665	15.505186
8.143665	15.516415
9.873077	15.516415
9.873077	15.524129
11.343132	15.524129
11.343132	15.531900
14.420844	15.531900
14.420844	15.538303
17.247843	15.538303
17.247843	15.541651
19.617584	15.541651
19.617584	15.545107
24.130998	15.545107
24.130998	15.550147
27.458050	15.550147
27.458050	15.556448
29.794301	15.556448
29.794301	15.570226
33.151104	15.570226
33.151104	15.599714
34.953589	15.599714
34.953589	15.634485
36.049696	15.634485
36.049696	15.675883
37.648715	15.675883
37.648715	15.708567
38.840471	15.708567
38.840471	15.724476
39.849388	15.724476
39.849388	15.738783
41.735013	15.738783
41.735013	15.753132
43.308193	15.753132
43.308193	15.765754
44.638279	15.765754
44.638279	15.784517
46.825003	15.784517
46.825003	15.811272
48.502854	15.811272
48.502854	15.838385
49.847562	15.838385
49.847562	15.875075
51.867752	15.875075
51.867752	15.917169
53.462216	15.917169
53.462216	15.948041
54.804987	15.948041
54.804987	15.975629
56.922510	15.975629
56.922510	15.997639
58.760488	15.997639
58.760488	16.011345
60.416676	16.011345
60.416676	16.024006
62.951909	16.024006
62.951909	16.036320
65.189878	16.036320
65.189878	16.046755
67.181398	16.046755
& cycle # 5, chisq = 654.718339, e = 39.483288
0.000000	14.890347
0.193277	14.890347
0.193277	15.279650
0.474543	15.279650
0.474543	15.319125
0.654080	15.319125
0.654080	15.346105
0.986356	15.346105
0.986356	15.371306
1.317989	15.371306
1.317989	15.388438
1.581173	15.388438
1.581173	15.407259
2.165198	15.407259
2.165198	15.427508
2.748170	15.427508
2.748170	15.442078
3.228105	15.442078
3.228105	15.458789
4.297970	15.458789
4.297970	15.476498
5.311976	15.476498
5.311976	15.489005
6.160795	15.489005
6.160795	15.503103
8.004590	15.503103
8.004590	15.517516
9.749604	15.517516
9.749604	15.527184
11.227910	15.527184
11.227910	15.536757
14.384756	15.536757
14.384756	15.544512
17.266574	15.544512
17.266574	15.548678
19.655641	15.548678
19.655641	15.553279
24.225494	15.553279
24.225494	15.559867
27.515168	15.559867
27.515168	15.567569
29.790861	15.567569
29.790861	15.583105
33.108384	15.583105
33.108384	15.612877
34.910437	15.612877
34.910437	15.644645
36.024826	15.644645
36.024826	15.683865
37.662454	15.683865
37.662454	15.718607
38.841334	15.718607
38.841334	15.734896
39.828583	15.734896
39.828583	15.747029
41.714692	15.747029
41.714692	15.757805
43.289954	15.757805
43.289954	15.766838
44.621252	15.766838
44.621252	15.780164
46.844405	15.780164
46.844405	15.799216
48.536046	15.799216
48.536046	15.818603
49.880684	15.818603
49.880684	15.845314
51.911115	15.845314
51.911115	15.876348
53.491173	15.876348
53.491173	15.898960
54.810992	15.898960
54.810992	15.918983
56.914363	15.918983
56.914363	15.934758
58.733444	15.934758
58.733444	15.944449
60.372577	15.944449
60.372577	15.953167
62.928774	15.953167
62.928774	15.960794
65.209129	15.960794
65.209129	15.966007
67.272858	15.966007
& cycle # 1, chisq = 659.451998, e = 40.578124
0.000000	14.975620
0.193277	14.975620
0.193277	15.333098
0.474543	15.333098
0.474543	15.359270
0.654080	15.359270
0.654080	15.377700
0.986356	15.377700
0.986356	15.395300
1.317989	15.395300
1.317989	15.407497
1.581173	15.407497
1.581173	15.421137
2.165198	15.421137
2.165198	15.436058
2.748170	15.436058
2.748170	15.446965
3.228105	15.446965
3.228105	15.459668
4.297970	15.459668
4.297970	15.473324
5.311976	15.473324
5.311976	15.483102
6.160795	15.483102
6.160795	15.494267
8.004590	15.494267
8.004590	15.505821
9.749604	15.505821
9.749604	15.513661
11.227910	15.513661
11.227910	15.521523
14.384756	15.521523
14.384756	15.528023
17.266574	15.528023
17.266574	15.531651
19.655641	15.531651
19.655641	15.535863
24.225494	15.535863
24.225494	15.542106
27.515168	15.542106
27.515168	15.549551
29.790861	15.549551
29.790861	15.564826
33.108384	15.564826
33.108384	15.594662
34.910437	15.594662
34.910437	15.627197
36.024826	15.627197
36.024826	15.668395
37.662454	15.668395
37.662454	15.706006
38.841334	15.706006
38.841334	15.724542
39.828583	15.724542
39.828583	15.739581
41.714692	15.739581
41.714692	15.754227
43.289954	15.754227
43.289954	15.767238
44.621252	15.767238
44.621252	15.787011
46.844405	15.787011
46.844405	15.815802
48.536046	15.815802
48.536046	15.845508
49.880684	15.845508
49.880684	15.887012
51.911115	15.887012
51.911115	15.936056
53.491173	15.936056
53.491173	15.972635
54.810992	15.972635
54.810992	16.006140
56.914363	16.006140
56.914363	16.033707
58.733444	16.033707
58.733444	16.051432
60.372577	16.051432
60.372577	16.067991
62.928774	16.067991
62.928774	16.082994
65.209129	16.082994
65.209129	16.093655
67.272858	16.093655
& cycle # 2, chisq = 738.729290, e = 40.578124
0.000000	14.561642
0.193277	14.561642
0.193277	14.926858
0.474543	14.926858
0.474543	14.970620
0.654080	14.970620
0.654080	15.007421
0.986356	15.007421
0.986356	15.047276
1.317989	15.047276
1.317989	15.078068
1.581173	15.078068
1.581173	15.116153
2.165198	15.116153
2.165198	15.161856
2.748170	15.161856
2.748170	15.198184
3.228105	15.198184
3.228105	15.243787
4.297970	15.243787
4.297970	15.295972
5.311976	15.295972
5.311976	15.335213
6.160795	15.335213
6.160795	15.381528
8.004590	15.381528
8.004590	15.430270
9.749604	15.430270
9.749604	15.463364
11.227910	15.463364
11.227910	15.495743
14.384756	15.495743
14.384756	15.520737
17.266574	15.520737
17.266574	15.532654
19.655641	15.532654
19.655641	15.543513
24.225494	15.543513
24.225494	15.556804
27.515168	15.556804
27.515168	15.571043
29.790861	15.571043
29.790861	15.597995
33.108384	15.597995
33.108384	15.646244
34.910437	15.646244
34.910437	15.693894
36.024826	15.693894
36.024826	15.748059
37.662454	15.748059
37.662454	15.792564
38.841334	15.792564
38.841334	15.811659
39.828583	15.811659
39.828583	15.824159
41.714692	15.824159
41.714692	15.833798
43.289954	15.833798
43.289954	15.841206
44.621252	15.841206
44.621252	15.851731
46.844405	15.851731
46.844405	15.866492
48.536046	15.866492
48.536046	15.881333
49.880684	15.881333
49.880684	15.901585
51.911115	15.901585
51.911115	15.924870
53.491173	15.924870
53.491173	15.941605
54.810992	15.941605
54.810992	15.956138
56.914363	15.956138
56.914363	15.967308
58.733444	15.967308
58.733444	15.973999
60.372577	15.973999
60.372577	15.979909
62.928774	15.979909
62.928774	15.985003
65.209129	15.985003
65.209129	15.988435
67.272858	15.988435
& cycle # 3, chisq = 687.354381, e = 40.578124
0.000000	14.949162
0.193277	14.949162
0.193277	15.315728
0.474543	15.315728
0.474543	15.347621
0.654080	15.347621
0.654080	15.369896
0.986356	15.369896
0.986356	15.391015
1.317989	15.391015
1.317989	15.405551
1.581173	15.405551
1.581173	15.421701
2.165198	15.421701
2.165198	15.439256
2.748170	15.439256
2.748170	15.452009
3.228105	15.452009
3.228105	15.466766
4.297970	15.466766
4.297970	15.482533
5.311976	15.482533
5.311976	15.493753
6.160795	15.493753
6.160795	15.506488
8.004590	15.506488
8.004590	15.519587
9.749604	15.519587
9.749604	15.528421
11.227910	15.528421
11.227910	15.537214
14.384756	15.537214
14.384756	15.544390
17.266574	15.544390
17.266574	15.548296
19.655641	15.548296
19.655641	15.552681
24.225494	15.552681
24.225494	15.559029
27.515168	15.559029
27.515168	15.566492
29.790861	15.566492
29.790861	15.581611
33.108384	15.581611
33.108384	15.610715
34.910437	15.610715
34.910437	15.641927
36.024826	15.641927
36.024826	15.680667
37.662454	15.680667
37.662454	15.715169
38.841334	15.715169
38.841334	15.731464
39.828583	15.731464
39.828583	15.743746
41.714692	15.743746
41.714692	15.754791
43.289954	15.754791
43.289954	15.764120
44.621252	15.764120
44.621252	15.777930
46.844405	15.777930
46.844405	15.797712
48.536046	15.797712
48.536046	15.817866
49.880684	15.817866
49.880684	15.845664
51.911115	15.845664
51.911115	15.878001
53.491173	15.878001
53.491173	15.901599
54.810992	15.901599
54.810992	15.922540
56.914363	15.922540
56.914363	15.939084
58.733444	15.939084
58.733444	15.949273
60.372577	15.949273
60.372577	15.958457
62.928774	15.958457
62.928774	15.966501
65.209129	15.966501
65.209129	15.972007
67.272858	15.972007
& cycle # 4, chisq = 659.812701, e = 40.578124
0.000000	14.916953
0.193277	14.916953
0.193277	15.287350
0.474543	15.287350
0.474543	15.318025
0.654080	15.318025
0.654080	15.339517
0.986356	15.339517
0.986356	15.359964
1.317989	15.359964
1.317989	15.374087
1.581173	15.374087
1.581173	15.389836
2.165198	15.389836
2.165198	15.407019
2.748170	15.407019
2.748170	15.419551
3.228105	15.419551
3.228105	15.434113
4.297970	15.434113
4.297970	15.449738
5.311976	15.449738
5.311976	15.460906
6.160795	15.460906
6.160795	15.473639
8.004590	15.473639
8.004590	15.486799
9.749604	15.486799
9.749604	15.495721
11.227910	15.495721
11.227910	15.504662
14.384756	15.504662
14.384756	15.512051
17.266574	15.512051
17.266574	15.516175
19.655641	15.516175
19.655641	15.520965
24.225494	15.520965
24.225494	15.528070
27.515168	15.528070
27.515168	15.536552
29.790861	15.536552
29.790861	15.553975
33.108384	15.553975
33.108384	15.588059
34.910437	15.588059
34.910437	15.625298
36.024826	15.625298
36.024826	15.672575
37.662454	15.672575
37.662454	15.715902
38.841334	15.715902
38.841334	15.737413
39.828583	15.737413
39.828583	15.755093
41.714692	15.755093
41.714692	15.772537
43.289954	15.772537
43.289954	15.788162
44.621252	15.788162
44.621252	15.812008
46.844405	15.812008
46.844405	15.846823
48.536046	15.846823
48.536046	15.882823
49.880684	15.882823
49.880684	15.933227
51.911115	15.933227
51.911115	15.992944
53.491173	15.992944
53.491173	16.037640
54.810992	16.037640
54.810992	16.078775
56.914363	16.078775
56.914363	16.112812
58.733444	16.112812
58.733444	16.134810
60.372577	16.134810
60.372577	16.155429
62.928774	16.155429
62.928774	16.174149
65.209129	16.174149
65.209129	16.187468
67.272858	16.187468
& cycle # 5, chisq = 865.896048, e = 40.578124
0.000000	15.042941
0.192624	15.042941
0.192624	15.384190
0.470085	15.384190
0.470085	15.405381
0.646760	15.405381
0.646760	15.420506
0.975512	15.420506
0.975512	15.435118
1.303839	15.435118
1.303839	15.445323
1.564160	15.445323
1.564160	15.456858
2.145380	15.456858
2.145380	15.469579
2.725667	15.469579
2.725667	15.478927
3.202927	15.478927
3.202927	15.489904
4.273188	15.489904
4.273188	15.501772
5.287217	15.501772
5.287217	15.510293
6.135266	15.510293
6.135266	15.520076
7.987934	15.520076
7.987934	15.530219
9.740648	15.530219
9.740648	15.537079
11.224061	15.537079
11.224061	15.543953
14.407051	15.543953
14.407051	15.549761
17.300356	15.549761
17.300356	15.553225
19.684269	15.553225
19.684269	15.557415
24.239191	15.557415
24.239191	15.563446
27.502600	15.563446
27.502600	15.570251
29.764529	15.570251
29.764529	15.583344
33.117051	15.583344
33.117051	15.607671
34.962947	15.607671
34.962947	15.634567
36.099663	15.634567
36.099663	15.671340
37.738049	15.671340
37.738049	15.705860
38.896074	15.705860
38.896074	15.721514
39.866294	15.721514
39.866294	15.733206
41.736307	15.733206
41.736307	15.744142
43.300810	15.744142
43.300810	15.753540
44.624786	15.753540
44.624786	15.767548
46.850385	15.767548
46.850385	15.787712
48.545005	15.787712
48.545005	15.808355
49.892067	15.808355
49.892067	15.837131
51.933023	15.837131
51.933023	15.871017
53.516631	15.871017
53.516631	15.896031
54.836267	15.896031
54.836267	15.918524
56.944104	15.918524
56.944104	15.936494
58.763995	15.936494
58.763995	15.947672
60.402791	15.947672
60.402791	15.957861
62.968265	15.957861
62.968265	15.966811
65.258342	15.966811
65.258342	15.972823
67.334761	15.972823
& cycle # 1, chisq = 673.632228, e = 40.877884
0.000000	15.026842
0.192624	15.026842
0.192624	15.369480
0.470085	15.369480
0.470085	15.390317
0.646760	15.390317
0.646760	15.405087
0.975512	15.405087
0.975512	15.419297
1.303839	15.419297
1.303839	15.429191
1.564160	15.429191
1.564160	15.440345
2.145380	15.440345
2.145380	15.452620
2.725667	15.452620
2.725667	15.461624
3.202927	15.461624
3.202927	15.472181
4.273188	15.472181
4.273188	15.483584
5.287217	15.483584
5.287217	15.491764
6.135266	15.491764
6.135266	15.501152
7.987934	15.501152
7.987934	15.510886
9.740648	15.510886
9.740648	15.517476
11.224061	15.517476
11.224061	15.524093
14.407051	15.524093
14.407051	15.529713
17.300356	15.529713
17.300356	15.533098
19.684269	15.533098
19.684269	15.537247
24.239191	15.537247
24.239191	15.543293
27.502600	15.543293
27.502600	15.550179
29.764529	15.550179
29.764529	15.563572
33.117051	15.563572
33.117051	15.588765
34.962947	15.588765
34.962947	15.616970
36.099663	15.616970
36.099663	15.656045
37.738049	15.656045
37.738049	15.693398
38.896074	15.693398
38.896074	15.711002
39.866294	15.711002
39.866294	15.725100
41.736307	15.725100
41.736307	15.739234
43.300810	15.739234
43.300810	15.751932
44.624786	15.751932
44.624786	15.771325
46.850385	15.771325
46.850385	15.799685
48.545005	15.799685
48.545005	15.829079
49.892067	15.829079
49.892067	15.870579
51.933023	15.870579
51.933023	15.920213
53.516631	15.920213
53.516631	15.957647
54.836267	15.957647
54.836267	15.992363
56.944104	15.992363
56.944104	16.021206
58.763995	16.021206
58.763995	16.039874
60.402791	16.039874
60.402791	16.057416
62.968265	16.057416
62.968265	16.073219
65.258342	16.073219
65.258342	16.084120
67.334761	16.084120
& cycle # 2, chisq = 744.001401, e = 40.877884
0.000000	14.969112
0.192624	14.969112
0.192624	15.340870
0.470085	15.340870
0.470085	15.374457
0.646760	15.374457
0.646760	15.396562
0.975512	15.396562
0.975512	15.416864
1.303839	15.416864
1.303839	15.430477
1.564160	15.430477
1.564160	15.445335
2.145380	15.445335
2.145380	15.461221
2.725667	15.461221
2.725667	15.472574
3.202927	15.472574
3.202927	15.485570
4.273188	15.485570
4.273188	15.499306
5.287217	15.499306
5.287217	15.508966
6.135266	15.508966
6.135266	15.519857
7.987934	15.519857
7.987934	15.530968
9.740648	15.530968
9.740648	15.538377
11.224061	15.538377
11.224061	15.545699
14.407051	15.545699
14.407051	15.551769
17.300356	15.551769
17.300356	15.555289
19.684269	15.555289
19.684269	15.559420
24.239191	15.559420
24.239191	15.565247
27.502600	15.565247
27.502600	15.571747
29.764529	15.571747
29.764529	15.584136
33.117051	15.584136
33.117051	15.606945
34.962947	15.606945
34.962947	15.631965
36.099663	15.631965
36.099663	15.666009
37.738049	15.666009
37.738049	15.697905
38.896074	15.697905
38.896074	15.712379
39.866294	15.712379
39.866294	15.723259
41.736307	15.723259
41.736307	15.733547
43.300810	15.733547
43.300810	15.742474
44.624786	15.742474
44.624786	15.755868
46.850385	15.755868
46.850385	15.775248
48.545005	15.775248
48.545005	15.795179
49.892067	15.795179
49.892067	15.823107
51.933023	15.823107
51.933023	15.856215
53.516631	15.856215
53.516631	15.880889
54.836267	15.880889
54.836267	15.903392
56.944104	15.903392
56.944104	15.921710
58.763995	15.921710
58.763995	15.933333
60.402791	15.933333
60.402791	15.944101
62.968265	15.944101
62.968265	15.953699
65.258342	15.953699
65.258342	15.960250
67.334761	15.960250
& cycle # 3, chisq = 686.604917, e = 40.877884
0.000000	14.905025
0.192624	14.905025
0.192624	15.288604
0.470085	15.288604
0.470085	15.327187
0.646760	15.327187
0.646760	15.353450
0.975512	15.353450
0.975512	15.377969
1.303839	15.377969
1.303839	15.394599
1.564160	15.394599
1.564160	15.412900
2.145380	15.412900
2.145380	15.432591
2.725667	15.432591
2.725667	15.446729
3.202927	15.446729
3.202927	15.462971
4.273188	15.462971
4.273188	15.480177
5.287217	15.480177
5.287217	15.492297
6.135266	15.492297
6.135266	15.505970
7.987934	15.505970
7.987934	15.519922
9.740648	15.519922
9.740648	15.529221
11.224061	15.529221
11.224061	15.538393
14.407051	15.538393
14.407051	15.545967
17.300356	15.545967
17.300356	15.550324
19.684269	15.550324
19.684269	15.555381
24.239191	15.555381
24.239191	15.562445
27.502600	15.562445
27.502600	15.570265
29.764529	15.570265
29.764529	15.585048
33.117051	15.585048
33.117051	15.612009
34.962947	15.612009
34.962947	15.641299
36.099663	15.641299
36.099663	15.680783
37.738049	15.680783
37.738049	15.717339
38.896074	15.717339
38.896074	15.733524
39.866294	15.733524
39.866294	15.745137
41.736307	15.745137
41.736307	15.755591
43.300810	15.755591
43.300810	15.764372
44.624786	15.764372
44.624786	15.777313
46.850385	15.777313
46.850385	15.795828
48.545005	15.795828
48.545005	15.814708
49.892067	15.814708
49.892067	15.840939
51.933023	15.840939
51.933023	15.871718
53.516631	15.871718
53.516631	15.894331
54.836267	15.894331
54.836267	15.914534
56.944104	15.914534
56.944104	15.930547
58.763995	15.930547
58.763995	15.940432
60.402791	15.940432
60.402791	15.949400
62.968265	15.949400
62.968265	15.957256
65.258342	15.957256
65.258342	15.962521
67.334761	15.962521
& cycle # 4, chisq = 667.839048, e = 40.877884
0.000000	14.934034
0.192624	14.934034
0.192624	15.281335
0.470085	15.281335
0.470085	15.311678
0.646760	15.311678
0.646760	15.333001
0.975512	15.333001
0.975512	15.353345
1.303839	15.353345
1.303839	15.367401
1.564160	15.367401
1.564160	15.383134
2.145380	15.383134
2.145380	15.400330
2.725667	15.400330
2.725667	15.412865
3.202927	15.412865
3.202927	15.427474
4.273188	15.427474
4.273188	15.443165
5.287217	15.443165
5.287217	15.454364
6.135266	15.454364
6.135266	15.467158
7.987934	15.467158
7.987934	15.480368
9.740648	15.480368
9.740648	15.489276
11.224061	15.489276
11.224061	15.498184
14.407051	15.498184
14.407051	15.505707
17.300356	15.505707
17.300356	15.510199
19.684269	15.510199
19.684269	15.515655
24.239191	15.515655
24.239191	15.523555
27.502600	15.523555
27.502600	15.532522
29.764529	15.532522
29.764529	15.549906
33.117051	15.549906
33.117051	15.582512
34.962947	15.582512
34.962947	15.618922
36.099663	15.618922
36.099663	15.669280
37.738049	15.669280
37.738049	15.717374
38.896074	15.717374
38.896074	15.740025
39.866294	15.740025
39.866294	15.758165
41.736307	15.758165
41.736307	15.776375
43.300810	15.776375
43.300810	15.792752
44.624786	15.792752
44.624786	15.817789
46.850385	15.817789
46.850385	15.854428
48.545005	15.854428
48.545005	15.892429
49.892067	15.892429
49.892067	15.946119
51.933023	15.946119
51.933023	16.010392
53.516631	16.010392
53.516631	16.058926
54.836267	16.058926
54.836267	16.104008
56.944104	16.104008
56.944104	16.141527
58.763995	16.141527
58.763995	16.165841
60.402791	16.165841
60.402791	16.188692
62.968265	16.188692
62.968265	16.209260
65.258342	16.209260
65.258342	16.223419
67.334761	16.223419
& cycle # 5, chisq = 940.783345, e = 40.877884
0.000000	15.010818
0.183526	15.010818
0.183526	15.339408
0.456819	15.339408
0.456819	15.367324
0.630603	15.367324
0.630603	15.387082
0.955376	15.387082
0.955376	15.405997
1.279896	15.405997
1.279896	15.419077
1.537010	15.419077
1.537010	15.433760
2.113882	15.433760
2.113882	15.449829
2.689917	15.449829
2.689917	15.461530
3.163314	15.461530
3.163314	15.475190
4.229969	15.475190
4.229969	15.489856
5.240299	15.489856
5.240299	15.500297
6.084630	15.500297
6.084630	15.512228
7.937595	15.512228
7.937595	15.524527
9.690037	15.524527
9.690037	15.532790
11.172164	15.532790
11.172164	15.541019
14.367387	15.541019
14.367387	15.547823
17.272839	15.547823
17.272839	15.551725
19.666440	15.551725
19.666440	15.556370
24.253527	15.556370
24.253527	15.563099
27.521535	15.563099
27.521535	15.570761
29.771890	15.570761
29.771890	15.585618
33.091895	15.585618
33.091895	15.612963
34.907987	15.612963
34.907987	15.642045
36.031539	15.642045
36.031539	15.680278
37.674378	15.680278
37.674378	15.715722
38.840163	15.715722
38.840163	15.731886
39.815547	15.731886
39.815547	15.743710
41.700557	15.743710
41.700557	15.754379
43.274236	15.754379
43.274236	15.763382
44.603263	15.763382
44.603263	15.776769
46.839030	15.776769
46.839030	15.796057
48.533176	15.796057
48.533176	15.815779
49.874765	15.815779
49.874765	15.843208
51.907350	15.843208
51.907350	15.875235
53.480277	15.875235
53.480277	15.898447
54.790516	15.898447
54.790516	15.918837
56.891634	15.918837
56.891634	15.934664
58.705987	15.934664
58.705987	15.944172
60.339298	15.944172
60.339298	15.952531
62.900856	15.952531
62.900856	15.959611
65.179365	15.959611
65.179365	15.964279
67.233750	15.964279
& cycle # 1, chisq = 678.458564, e = 41.117166
0.000000	14.450104
0.183526	14.450104
0.183526	14.834875
0.456819	14.834875
0.456819	14.905046
0.630603	14.905046
0.630603	14.965460
0.955376	14.965460
0.955376	15.030744
1.279896	15.030744
1.279896	15.080079
1.537010	15.080079
1.537010	15.138962
2.113882	15.138962
2.113882	15.205578
2.689917	15.205578
2.689917	15.254410
3.163314	15.254410
3.163314	15.310054
4.229969	15.310054
4.229969	15.366888
5.240299	15.366888
5.240299	15.404651
6.084630	15.404651
6.084630	15.444361
7.937595	15.444361
7.937595	15.481903
9.690037	15.481903
9.690037	15.505115
11.172164	15.505115
11.172164	15.526493
14.367387	15.526493
14.367387	15.542454
17.272839	15.542454
17.272839	15.550204
19.666440	15.550204
19.666440	15.557831
24.253527	15.557831
24.253527	15.567548
27.521535	15.567548
27.521535	15.577884
29.771890	15.577884
29.771890	15.596950
33.091895	15.596950
33.091895	15.630228
34.907987	15.630228
34.907987	15.663773
36.031539	15.663773
36.031539	15.705981
37.674378	15.705981
37.674378	15.743813
38.840163	15.743813
38.840163	15.760302
39.815547	15.760302
39.815547	15.771535
41.700557	15.771535
41.700557	15.780987
43.274236	15.780987
43.274236	15.788648
44.603263	15.788648
44.603263	15.799832
46.839030	15.799832
46.839030	15.815796
48.533176	15.815796
48.533176	15.832025
49.874765	15.832025
49.874765	15.854491
51.907350	15.854491
51.907350	15.880594
53.480277	15.880594
53.480277	15.899390
54.790516	15.899390
54.790516	15.915751
56.891634	15.915751
56.891634	15.928308
58.705987	15.928308
58.705987	15.935769
60.339298	15.935769
60.339298	15.942277
62.900856	15.942277
62.900856	15.947755
65.179365	15.947755
65.179365	15.951341
67.233750	15.951341
& cycle # 3, chisq = 727.015260, e = 41.117166
0.000000	14.887739
0.183526	14.887739
0.183526	15.271690
0.456819	15.271690
0.456819	15.313777
0.630603	15.313777
0.630603	15.342126
0.955376	15.342126
0.955376	15.368419
1.279896	15.368419
1.279896	15.386132
1.537010	15.386132
1.537010	15.405567
2.113882	15.405567
2.113882	15.426399
2.689917	15.426399
2.689917	15.441282
3.163314	15.441282
3.163314	15.458351
4.229969	15.458351
4.229969	15.476383
5.240299	15.476383
5.240299	15.489032
6.084630	15.489032
6.084630	15.503296
7.937595	15.503296
7.937595	15.517830
9.690037	15.517830
9.690037	15.527494
11.172164	15.527494
11.172164	15.537021
14.367387	15.537021
14.367387	15.544788
17.272839	15.544788
17.272839	15.549142
19.666440	15.549142
19.666440	15.554194
24.253527	15.554194
24.253527	15.561390
27.521535	15.561390
27.521535	15.569504
29.771890	15.569504
29.771890	15.585104
33.091895	15.585104
33.091895	15.613554
34.907987	15.613554
34.907987	15.643536
36.031539	15.643536
36.031539	15.682658
37.674378	15.682658
37.674378	15.718700
38.840163	15.718700
38.840163	15.734990
39.815547	15.734990
39.815547	15.746738
41.700557	15.746738
41.700557	15.757199
43.274236	15.757199
43.274236	15.765961
44.603263	15.765961
44.603263	15.778951
46.839030	15.778951
46.839030	15.797638
48.533176	15.797638
48.533176	15.816734
49.874765	15.816734
49.874765	15.843283
51.907350	15.843283
51.907350	15.874277
53.480277	15.874277
53.480277	15.896741
54.790516	15.896741
54.790516	15.916477
56.891634	15.916477
56.891634	15.931810
58.705987	15.931810
58.705987	15.941038
60.339298	15.941038
60.339298	15.949174
62.900856	15.949174
62.900856	15.956099
65.179365	15.956099
65.179365	15.960697
67.233750	15.960697
& cycle # 4, chisq = 680.481176, e = 41.117166
0.000000	14.926949
0.183526	14.926949
0.183526	15.265137
0.456819	15.265137
0.456819	15.298002
0.630603	15.298002
0.630603	15.321030
0.955376	15.321030
0.955376	15.342944
1.279896	15.342944
1.279896	15.358028
1.537010	15.358028
1.537010	15.374903
2.113882	15.374903
2.113882	15.393318
2.689917	15.393318
2.689917	15.406699
3.163314	15.406699
3.163314	15.422296
4.229969	15.422296
4.229969	15.439027
5.240299	15.439027
5.240299	15.450935
6.084630	15.450935
6.084630	15.464544
7.937595	15.464544
7.937595	15.478587
9.690037	15.478587
9.690037	15.488040
11.172164	15.488040
11.172164	15.497488
14.367387	15.497488
14.367387	15.505365
17.272839	15.505365
17.272839	15.509957
19.666440	15.509957
19.666440	15.515540
24.253527	15.515540
24.253527	15.523777
27.521535	15.523777
27.521535	15.533283
29.771890	15.533283
29.771890	15.551989
33.091895	15.551989
33.091895	15.587027
34.907987	15.587027
34.907987	15.624999
36.031539	15.624999
36.031539	15.675914
37.674378	15.675914
37.674378	15.724302
38.840163	15.724302
38.840163	15.747482
39.815547	15.747482
39.815547	15.766041
41.700557	15.766041
41.700557	15.784439
43.274236	15.784439
43.274236	15.800925
44.603263	15.800925
44.603263	15.826236
46.839030	15.826236
46.839030	15.863433
48.533176	15.863433
48.533176	15.902045
49.874765	15.902045
49.874765	15.956561
51.907350	15.956561
51.907350	16.021380
53.480277	16.021380
53.480277	16.069547
54.790516	16.069547
54.790516	16.113397
56.891634	16.113397
56.891634	16.149004
58.705987	16.149004
58.705987	16.171410
60.339298	16.171410
60.339298	16.191859
62.900856	16.191859
62.900856	16.209826
65.179365	16.209826
65.179365	16.222215
67.233750	16.222215
& cycle # 5, chisq = 956.426024, e = 41.117166
0.000000	14.996561
0.183526	14.996561
0.183526	15.328087
0.456819	15.328087
0.456819	15.355725
0.630603	15.355725
0.630603	15.375112
0.955376	15.375112
0.955376	15.393581
1.279896	15.393581
1.279896	15.406304
1.537010	15.406304
1.537010	15.420546
2.113882	15.420546
2.113882	15.436097
2.689917	15.436097
2.689917	15.447399
3.163314	15.447399
3.163314	15.460576
4.229969	15.460576
4.229969	15.474712
5.240299	15.474712
5.240299	15.484772
6.084630	15.484772
6.084630	15.496269
7.937595	15.496269
7.937595	15.508127
9.690037	15.508127
9.690037	15.516104
11.172164	15.516104
11.172164	15.524068
14.367387	15.524068
14.367387	15.530689
17.272839	15.530689
17.272839	15.534528
19.666440	15.534528
19.666440	15.539162
24.253527	15.539162
24.253527	15.545959
27.521535	15.545959
27.521535	15.553768
29.771890	15.553768
29.771890	15.569062
33.091895	15.569062
33.091895	15.597544
34.907987	15.597544
34.907987	15.628223
36.031539	15.628223
36.031539	15.669096
37.674378	15.669096
37.674378	15.707627
38.840163	15.707627
38.840163	15.725796
39.815547	15.725796
39.815547	15.739943
41.700557	15.739943
41.700557	15.753590
43.274236	15.753590
43.274236	15.765618
44.603263	15.765618
44.603263	15.783931
46.839030	15.783931
46.839030	15.810710
48.533176	15.810710
48.533176	15.838407
49.874765	15.838407
49.874765	15.877382
51.907350	15.877382
51.907350	15.923555
53.480277	15.923555
53.480277	15.957711
54.790516	15.957711
54.790516	15.988640
56.891634	15.988640
56.891634	16.013643
58.705987	16.013643
58.705987	16.029367
60.339298	16.029367
60.339298	16.043806
62.900856	16.043806
62.900856	16.056665
65.179365	16.056665
65.179365	16.065728
67.233750	16.065728
& cycle # 6, chisq = 733.611136, e = 41.117166
0.000000	14.799449
0.215119	14.799449
0.215119	15.305409
0.513519	15.305409
0.513519	15.342797
0.705525	15.342797
0.705525	15.367984
1.053784	15.367984
1.053784	15.391347
1.400547	15.391347
1.400547	15.407274
1.676687	15.407274
1.676687	15.424607
2.275617	15.424607
2.275617	15.443205
2.873013	15.443205
2.873013	15.456668
3.366619	15.456668
3.366619	15.471993
4.442760	15.471993
4.442760	15.488226
5.464020	15.488226
5.464020	15.499783
6.321901	15.499783
6.321901	15.512736
8.146108	15.512736
8.146108	15.526009
9.875118	15.526009
9.875118	15.535032
11.344928	15.535032
11.344928	15.544024
14.420760	15.544024
14.420760	15.551331
17.245663	15.551331
17.245663	15.555046
19.613443	15.555046
19.613443	15.558657
24.122873	15.558657
24.122873	15.563664
27.450950	15.563664
27.450950	15.569798
29.790485	15.569798
29.790485	15.583095
33.152685	15.583095
33.152685	15.611518
34.953554	15.611518
34.953554	15.645370
36.041404	15.645370
36.041404	15.685932
37.616651	15.685932
37.616651	15.716449
38.795519	15.716449
38.795519	15.729409
39.802914	15.729409
39.802914	15.739982
41.700203	15.739982
41.700203	15.750429
43.287576	15.750429
43.287576	15.759618
44.628999	15.759618
44.628999	15.773168
46.829741	15.773168
46.829741	15.792380
48.513900	15.792380
48.513900	15.811797
49.860112	15.811797
49.860112	15.838014
51.875307	15.838014
51.875307	15.868018
53.460784	15.868018
53.460784	15.889910
54.793549	15.889910
54.793549	15.909364
56.892566	15.909364
56.892566	15.924889
58.715074	15.924889
58.715074	15.934590
60.360861	15.934590
60.360861	15.943296
62.896515	15.943296
62.896515	15.950795
65.168620	15.950795
65.168620	15.955733
67.233923	15.955733
& cycle # 1, chisq = 623.372537, e = 39.461326
0.000000	14.833676
0.215119	14.833676
0.215119	15.312408
0.513519	15.312408
0.513519	15.346110
0.705525	15.346110
0.705525	15.368976
1.053784	15.368976
1.053784	15.390306
1.400547	15.390306
1.400547	15.404923
1.676687	15.404923
1.676687	15.420910
2.275617	15.420910
2.275617	15.438150
2.873013	15.438150
2.873013	15.450691
3.366619	15.450691
3.366619	15.465037
4.442760	15.465037
4.442760	15.480306
5.464020	15.480306
5.464020	15.491229
6.321901	15.491229
6.321901	15.503528
8.146108	15.503528
8.146108	15.516188
9.875118	15.516188
9.875118	15.524833
11.344928	15.524833
11.344928	15.533493
14.420760	15.533493
14.420760	15.540587
17.245663	15.540587
17.245663	15.544258
19.613443	15.544258
19.613443	15.547935
24.122873	15.547935
24.122873	15.553143
27.450950	15.553143
27.450950	15.559580
29.790485	15.559580
29.790485	15.573613
33.152685	15.573613
33.152685	15.603778
34.953554	15.603778
34.953554	15.639945
36.041404	15.639945
36.041404	15.683737
37.616651	15.683737
37.616651	15.717310
38.795519	15.717310
38.795519	15.732100
39.802914	15.732100
39.802914	15.744790
41.700203	15.744790
41.700203	15.757923
43.287576	15.757923
43.287576	15.769819
44.628999	15.769819
44.628999	15.787640
46.829741	15.787640
46.829741	15.813173
48.513900	15.813173
48.513900	15.839189
49.860112	15.839189
49.860112	15.874614
51.875307	15.874614
51.875307	15.915575
53.460784	15.915575
53.460784	15.945892
54.793549	15.945892
54.793549	15.973382
56.892566	15.973382
56.892566	15.995888
58.715074	15.995888
58.715074	16.010327
60.360861	16.010327
60.360861	16.023561
62.896515	16.023561
62.896515	16.035189
65.168620	16.035189
65.168620	16.043039
67.233923	16.043039
& cycle # 2, chisq = 653.800366, e = 39.461326
0.000000	14.829615
0.215119	14.829615
0.215119	15.328066
0.513519	15.328066
0.513519	15.364206
0.705525	15.364206
0.705525	15.387976
1.053784	15.387976
1.053784	15.409734
1.400547	15.409734
1.400547	15.424424
1.676687	15.424424
1.676687	15.440293
2.275617	15.440293
2.275617	15.457220
2.873013	15.457220
2.873013	15.469416
3.366619	15.469416
3.366619	15.483244
4.442760	15.483244
4.442760	15.497849
5.464020	15.497849
5.464020	15.508222
6.321901	15.508222
6.321901	15.519828
8.146108	15.519828
8.146108	15.531708
9.875118	15.531708
9.875118	15.539779
11.344928	15.539779
11.344928	15.547824
14.420760	15.547824
14.420760	15.554372
17.245663	15.554372
17.245663	15.557714
19.613443	15.557714
19.613443	15.560990
24.122873	15.560990
24.122873	15.565560
27.450950	15.565560
27.450950	15.571176
29.790485	15.571176
29.790485	15.583378
33.152685	15.583378
33.152685	15.609523
34.953554	15.609523
34.953554	15.640757
36.041404	15.640757
36.041404	15.678365
37.616651	15.678365
37.616651	15.706925
38.795519	15.706925
38.795519	15.719284
39.802914	15.719284
39.802914	15.729649
41.700203	15.729649
41.700203	15.740162
43.287576	15.740162
43.287576	15.749568
44.628999	15.749568
44.628999	15.763570
46.829741	15.763570
46.829741	15.783548
48.513900	15.783548
48.513900	15.803841
49.860112	15.803841
49.860112	15.831384
51.875307	15.831384
51.875307	15.863110
53.460784	15.863110
53.460784	15.886469
54.793549	15.886469
54.793549	15.907495
56.892566	15.907495
56.892566	15.924554
58.715074	15.924554
58.715074	15.935399
60.360861	15.935399
60.360861	15.945268
62.896515	15.945268
62.896515	15.953884
65.168620	15.953884
65.168620	15.959656
67.233923	15.959656
& cycle # 3, chisq = 633.766781, e = 39.461326
0.000000	14.997455
0.215119	14.997455
0.215119	15.433897
0.513519	15.433897
0.513519	15.451341
0.705525	15.451341
0.705525	15.463330
1.053784	15.463330
1.053784	15.474710
1.400547	15.474710
1.400547	15.482638
1.676687	15.482638
1.676687	15.491444
2.275617	15.491444
2.275617	15.501078
2.873013	15.501078
2.873013	15.508182
3.366619	15.508182
3.366619	15.516411
4.442760	15.516411
4.442760	15.525275
5.464020	15.525275
5.464020	15.531684
6.321901	15.531684
6.321901	15.538975
8.146108	15.538975
8.146108	15.546549
9.875118	15.546549
9.875118	15.551766
11.344928	15.551766
11.344928	15.557038
14.420760	15.557038
14.420760	15.561414
17.245663	15.561414
17.245663	15.563741
19.613443	15.563741
19.613443	15.566174
24.122873	15.566174
24.122873	15.569717
27.450950	15.569717
27.450950	15.574148
29.790485	15.574148
29.790485	15.583870
33.152685	15.583870
33.152685	15.604905
34.953554	15.604905
34.953554	15.630318
36.041404	15.630318
36.041404	15.661449
37.616651	15.661449
37.616651	15.685798
38.795519	15.685798
38.795519	15.696923
39.802914	15.696923
39.802914	15.706917
41.700203	15.706917
41.700203	15.717662
43.287576	15.717662
43.287576	15.727616
44.628999	15.727616
44.628999	15.742705
46.829741	15.742705
46.829741	15.764482
48.513900	15.764482
48.513900	15.786797
49.860112	15.786797
49.860112	15.817355
51.875307	15.817355
51.875307	15.852927
53.460784	15.852927
53.460784	15.879491
54.793549	15.879491
54.793549	15.903872
56.892566	15.903872
56.892566	15.924115
58.715074	15.924115
58.715074	15.937271
60.360861	15.937271
60.360861	15.949426
62.896515	15.949426
62.896515	15.960162
65.168620	15.960162
65.168620	15.967440
67.233923	15.967440
& cycle # 4, chisq = 654.131735, e = 39.461326
0.000000	14.897138
0.215119	14.897138
0.215119	15.377140
0.513519	15.377140
0.513519	15.399418
0.705525	15.399418
0.705525	15.414786
1.053784	15.414786
1.053784	15.429400
1.400547	15.429400
1.400547	15.439592
1.676687	15.439592
1.676687	15.450925
2.275617	15.450925
2.275617	15.463331
2.873013	15.463331
2.873013	15.472484
3.366619	15.472484
3.366619	15.483094
4.442760	15.483094
4.442760	15.494528
5.464020	15.494528
5.464020	15.502800
6.321901	15.502800
6.321901	15.512213
8.146108	15.512213
8.146108	15.521994
9.875118	15.521994
9.875118	15.528733
11.344928	15.528733
11.344928	15.535541
14.420760	15.535541
14.420760	15.541189
17.245663	15.541189
17.245663	15.544188
19.613443	15.544188
19.613443	15.547314
24.122873	15.547314
24.122873	15.551860
27.450950	15.551860
27.450950	15.557537
29.790485	15.557537
29.790485	15.569985
33.152685	15.569985
33.152685	15.596893
34.953554	15.596893
34.953554	15.629363
36.041404	15.629363
36.041404	15.669058
37.616651	15.669058
37.616651	15.699984
38.795519	15.699984
38.795519	15.714004
39.802914	15.714004
39.802914	15.726465
41.700203	15.726465
41.700203	15.739740
43.287576	15.739740
43.287576	15.751970
44.628999	15.751970
44.628999	15.770450
46.829741	15.770450
46.829741	15.797066
48.513900	15.797066
48.513900	15.824296
49.860112	15.824296
49.860112	15.861517
51.875307	15.861517
51.875307	15.904755
53.460784	15.904755
53.460784	15.936954
54.793549	15.936954
54.793549	15.966398
56.892566	15.966398
56.892566	15.990743
58.715074	15.990743
58.715074	16.006509
60.360861	16.006509
60.360861	16.021054
62.896515	16.021054
62.896515	16.033898
65.168620	16.033898
65.168620	16.042615
67.233923	16.042615
& cycle # 5, chisq = 661.383357, e = 39.461326
0.000000	14.852254
0.220101	14.852254
0.220101	15.362044
0.522270	15.362044
0.522270	15.389007
0.717039	15.389007
0.717039	15.407505
1.068784	15.407505
1.068784	15.424975
1.418840	15.424975
1.418840	15.437103
1.697810	15.437103
1.697810	15.450486
2.299909	15.450486
2.299909	15.465047
2.900367	15.465047
2.900367	15.475746
3.396893	15.475746
3.396893	15.488059
4.474233	15.488059
4.474233	15.501254
5.496908	15.501254
5.496908	15.510767
6.356627	15.510767
6.356627	15.521521
8.176385	15.521521
8.176385	15.532644
9.901716	15.532644
9.901716	15.540291
11.369493	15.540291
11.369493	15.547985
14.427692	15.547985
14.427692	15.554312
17.240295	15.554312
17.240295	15.557538
19.604399	15.557538
19.604399	15.560621
24.107272	15.560621
24.107272	15.564927
27.451961	15.564927
27.451961	15.570338
29.812034	15.570338
29.812034	15.582420
33.188850	15.582420
33.188850	15.609395
34.981372	15.609395
34.981372	15.643181
36.049905	15.643181
36.049905	15.683887
37.588698	15.683887
37.588698	15.712166
38.762314	15.712166
38.762314	15.723185
39.778309	15.723185
39.778309	15.732882
41.693034	15.732882
41.693034	15.743429
43.295048	15.743429
43.295048	15.753101
44.646831	15.753101
44.646831	15.767509
46.851509	15.767509
46.851509	15.788013
48.536841	15.788013
48.536841	15.808753
49.883604	15.808753
49.883604	15.836618
51.894218	15.836618
51.894218	15.868313
53.480333	15.868313
53.480333	15.891363
54.816765	15.891363
54.816765	15.911859
56.918643	15.911859
56.918643	15.928360
58.746658	15.928360
58.746658	15.938823
60.398695	15.938823
60.398695	15.948295
62.937880	15.948295
62.937880	15.956460
65.216161	15.956460
65.216161	15.961776
67.290349	15.961776
& cycle # 1, chisq = 619.138166, e = 39.221395
0.000000	14.841341
0.220101	14.841341
0.220101	15.336969
0.522270	15.336969
0.522270	15.366914
0.717039	15.366914
0.717039	15.387345
1.068784	15.387345
1.068784	15.406509
1.418840	15.406509
1.418840	15.419732
1.697810	15.419732
1.697810	15.434244
2.299909	15.434244
2.299909	15.449960
2.900367	15.449960
2.900367	15.461457
3.396893	15.461457
3.396893	15.474640
4.474233	15.474640
4.474233	15.488719
5.496908	15.488719
5.496908	15.498840
6.356627	15.498840
6.356627	15.510253
8.176385	15.510253
8.176385	15.522034
9.901716	15.522034
9.901716	15.530121
11.369493	15.530121
11.369493	15.538253
14.427692	15.538253
14.427692	15.544942
17.240295	15.544942
17.240295	15.548358
19.604399	15.548358
19.604399	15.551634
24.107272	15.551634
24.107272	15.556225
27.451961	15.556225
27.451961	15.562005
29.812034	15.562005
29.812034	15.574926
33.188850	15.574926
33.188850	15.603818
34.981372	15.603818
34.981372	15.640075
36.049905	15.640075
36.049905	15.683921
37.588698	15.683921
37.588698	15.714650
38.762314	15.714650
38.762314	15.726882
39.778309	15.726882
39.778309	15.737938
41.693034	15.737938
41.693034	15.750220
43.295048	15.750220
43.295048	15.761641
44.646831	15.761641
44.646831	15.778794
46.851509	15.778794
46.851509	15.803349
48.536841	15.803349
48.536841	15.828306
49.883604	15.828306
49.883604	15.862011
51.894218	15.862011
51.894218	15.900600
53.480333	15.900600
53.480333	15.928921
54.816765	15.928921
54.816765	15.954429
56.918643	15.954429
56.918643	15.975296
58.746658	15.975296
58.746658	15.988738
60.398695	15.988738
60.398695	16.001057
62.937880	16.001057
62.937880	16.011796
65.216161	16.011796
65.216161	16.018888
67.290349	16.018888
& cycle # 2, chisq = 634.169755, e = 39.221395
0.000000	14.835068
0.220101	14.835068
0.220101	15.360217
0.522270	15.360217
0.522270	15.390108
0.717039	15.390108
0.717039	15.410056
1.068784	15.410056
1.068784	15.428545
1.418840	15.428545
1.418840	15.441185
1.697810	15.441185
1.697810	15.454949
2.299909	15.454949
2.299909	15.469752
2.900367	15.469752
2.900367	15.480515
3.396893	15.480515
3.396893	15.492785
4.474233	15.492785
4.474233	15.505823
5.496908	15.505823
5.496908	15.515152
6.356627	15.515152
6.356627	15.525630
8.176385	15.525630
8.176385	15.536406
9.901716	15.536406
9.901716	15.543779
11.369493	15.543779
11.369493	15.551172
14.427692	15.551172
14.427692	15.557230
17.240295	15.557230
17.240295	15.560299
19.604399	15.560299
19.604399	15.563205
24.107272	15.563205
24.107272	15.567239
27.451961	15.567239
27.451961	15.572303
29.812034	15.572303
29.812034	15.583608
33.188850	15.583608
33.188850	15.608860
34.981372	15.608860
34.981372	15.640511
36.049905	15.640511
36.049905	15.678715
37.588698	15.678715
37.588698	15.705386
38.762314	15.705386
38.762314	15.715916
39.778309	15.715916
39.778309	15.725352
41.693034	15.725352
41.693034	15.735774
43.295048	15.735774
43.295048	15.745433
44.646831	15.745433
44.646831	15.759915
46.851509	15.759915
46.851509	15.780622
48.536841	15.780622
48.536841	15.801652
49.883604	15.801652
49.883604	15.830030
51.894218	15.830030
51.894218	15.862489
53.480333	15.862489
53.480333	15.886279
54.816765	15.886279
54.816765	15.907667
56.918643	15.907667
56.918643	15.925121
58.746658	15.925121
58.746658	15.936337
60.398695	15.936337
60.398695	15.946593
62.937880	15.946593
62.937880	15.955513
65.216161	15.955513
65.216161	15.961382
67.290349	15.961382
& cycle # 3, chisq = 629.433822, e = 39.221395
0.000000	14.729949
0.220101	14.729949
0.220101	15.325910
0.522270	15.325910
0.522270	15.371261
0.717039	15.371261
0.717039	15.397778
1.068784	15.397778
1.068784	15.420868
1.418840	15.420868
1.418840	15.436002
1.697810	15.436002
1.697810	15.451990
2.299909	15.451990
2.299909	15.468786
2.900367	15.468786
2.900367	15.480766
3.396893	15.480766
3.396893	15.494211
4.474233	15.494211
4.474233	15.508313
5.496908	15.508313
5.496908	15.518292
6.356627	15.518292
6.356627	15.529397
8.176385	15.529397
8.176385	15.540732
9.901716	15.540732
9.901716	15.548439
11.369493	15.548439
11.369493	15.556129
14.427692	15.556129
14.427692	15.562396
17.240295	15.562396
17.240295	15.565541
19.604399	15.565541
19.604399	15.568469
24.107272	15.568469
24.107272	15.572487
27.451961	15.572487
27.451961	15.577514
29.812034	15.577514
29.812034	15.588723
33.188850	15.588723
33.188850	15.613740
34.981372	15.613740
34.981372	15.645070
36.049905	15.645070
36.049905	15.682842
37.588698	15.682842
37.588698	15.709155
38.762314	15.709155
38.762314	15.719504
39.778309	15.719504
39.778309	15.728752
41.693034	15.728752
41.693034	15.738954
43.295048	15.738954
43.295048	15.748404
44.646831	15.748404
44.646831	15.762574
46.851509	15.762574
46.851509	15.782838
48.536841	15.782838
48.536841	15.803423
49.883604	15.803423
49.883604	15.831211
51.894218	15.831211
51.894218	15.863010
53.480333	15.863010
53.480333	15.886334
54.816765	15.886334
54.816765	15.907326
56.918643	15.907326
56.918643	15.924480
58.746658	15.924480
58.746658	15.935520
60.398695	15.935520
60.398695	15.945625
62.937880	15.945625
62.937880	15.954423
65.216161	15.954423
65.216161	15.960221
67.290349	15.960221
& cycle # 4, chisq = 635.554965, e = 39.221395
0.000000	14.806708
0.220101	14.806708
0.220101	15.341781
0.522270	15.341781
0.522270	15.370185
0.717039	15.370185
0.717039	15.389538
1.068784	15.389538
1.068784	15.407759
1.418840	15.407759
1.418840	15.420382
1.697810	15.420382
1.697810	15.434293
2.299909	15.434293
2.299909	15.449415
2.900367	15.449415
2.900367	15.460520
3.396893	15.460520
3.396893	15.473298
4.474233	15.473298
4.474233	15.486992
5.496908	15.486992
5.496908	15.496868
6.356627	15.496868
6.356627	15.508040
8.176385	15.508040
8.176385	15.519606
9.901716	15.519606
9.901716	15.527567
11.369493	15.527567
11.369493	15.535594
14.427692	15.535594
14.427692	15.542226
17.240295	15.542226
17.240295	15.545644
19.604399	15.545644
19.604399	15.548976
24.107272	15.548976
24.107272	15.553697
27.451961	15.553697
27.451961	15.559663
29.812034	15.559663
29.812034	15.573027
33.188850	15.573027
33.188850	15.602963
34.981372	15.602963
34.981372	15.640612
36.049905	15.640612
36.049905	15.686311
37.588698	15.686311
37.588698	15.718597
38.762314	15.718597
38.762314	15.731680
39.778309	15.731680
39.778309	15.743744
41.693034	15.743744
41.693034	15.757335
43.295048	15.757335
43.295048	15.770085
44.646831	15.770085
44.646831	15.789328
46.851509	15.789328
46.851509	15.816964
48.536841	15.816964
48.536841	15.845125
49.883604	15.845125
49.883604	15.883257
51.894218	15.883257
51.894218	15.927053
53.480333	15.927053
53.480333	15.959333
54.816765	15.959333
54.816765	15.988577
56.918643	15.988577
56.918643	16.012661
58.746658	16.012661
58.746658	16.028272
60.398695	16.028272
60.398695	16.042629
62.937880	16.042629
62.937880	16.055173
65.216161	16.055173
65.216161	16.063470
67.290349	16.063470
& cycle # 5, chisq = 662.287151, e = 39.221395
0.000000	14.971929
0.186940	14.971929
0.186940	15.320462
0.462873	15.320462
0.462873	15.350285
0.638591	15.350285
0.638591	15.371390
0.965756	15.371390
0.965756	15.391589
1.292519	15.391589
1.292519	15.405570
1.551575	15.405570
1.551575	15.421239
2.130352	15.421239
2.130352	15.438377
2.708212	15.438377
2.708212	15.450867
3.183426	15.450867
3.183426	15.465423
4.249781	15.465423
4.249781	15.481045
5.260073	15.481045
5.260073	15.492181
6.104912	15.492181
6.104912	15.504892
7.951701	15.504892
7.951701	15.518010
9.698782	15.518010
9.698782	15.526863
11.177351	15.526863
11.177351	15.535702
14.354748	15.535702
14.354748	15.542861
17.254709	15.542861
17.254709	15.546686
19.656442	15.546686
19.656442	15.551066
24.264752	15.551066
24.264752	15.557667
27.553663	15.557667
27.553663	15.565606
29.809284	15.565606
29.809284	15.581885
33.086152	15.581885
33.086152	15.612759
34.863151	15.612759
34.863151	15.643869
35.978039	15.643869
35.978039	15.680428
37.653673	15.680428
37.653673	15.714397
38.852191	15.714397
38.852191	15.732521
39.840846	15.732521
39.840846	15.746619
41.720843	15.746619
41.720843	15.758318
43.285703	15.758318
43.285703	15.767634
44.608426	15.767634
44.608426	15.781297
46.830385	15.781297
46.830385	15.800855
48.519652	15.800855
48.519652	15.820779
49.860989	15.820779
49.860989	15.848381
51.892569	15.848381
51.892569	15.880576
53.468514	15.880576
53.468514	15.903987
54.782202	15.903987
54.782202	15.924579
56.882623	15.924579
56.882623	15.940514
58.696611	15.940514
58.696611	15.950002
60.329731	15.950002
60.329731	15.958242
62.883809	15.958242
62.883809	15.965211
65.154226	15.965211
65.154226	15.969913
67.197989	15.969913
& cycle # 1, chisq = 668.366591, e = 40.910155
0.000000	15.018102
0.186940	15.018102
0.186940	15.346010
0.462873	15.346010
0.462873	15.369791
0.638591	15.369791
0.638591	15.386652
0.965756	15.386652
0.965756	15.402833
1.292519	15.402833
1.292519	15.414066
1.551575	15.414066
1.551575	15.426700
2.130352	15.426700
2.130352	15.440569
2.708212	15.440569
2.708212	15.450718
3.183426	15.450718
3.183426	15.462597
4.249781	15.462597
4.249781	15.475405
5.260073	15.475405
5.260073	15.484577
6.104912	15.484577
6.104912	15.495098
7.951701	15.495098
7.951701	15.506010
9.698782	15.506010
9.698782	15.513415
11.177351	15.513415
11.177351	15.520861
14.354748	15.520861
14.354748	15.526973
17.254709	15.526973
17.254709	15.530330
19.656442	15.530330
19.656442	15.534314
24.264752	15.534314
24.264752	15.540461
27.553663	15.540461
27.553663	15.547955
29.809284	15.547955
29.809284	15.563527
33.086152	15.563527
33.086152	15.593539
34.863151	15.593539
34.863151	15.624421
35.978039	15.624421
35.978039	15.661730
37.653673	15.661730
37.653673	15.697485
38.852191	15.697485
38.852191	15.717384
39.840846	15.717384
39.840846	15.734055
41.720843	15.734055
41.720843	15.749317
43.285703	15.749317
43.285703	15.762345
44.608426	15.762345
44.608426	15.782103
46.830385	15.782103
46.830385	15.810954
48.519652	15.810954
48.519652	15.840795
49.860989	15.840795
49.860989	15.882769
51.892569	15.882769
51.892569	15.932643
53.468514	15.932643
53.468514	15.969865
54.782202	15.969865
54.782202	16.003884
56.882623	16.003884
56.882623	16.031603
58.696611	16.031603
58.696611	16.049119
60.329731	16.049119
60.329731	16.065262
62.883809	16.065262
62.883809	16.079885
65.154226	16.079885
65.154226	16.090637
67.197989	16.090637
& cycle # 2, chisq = 750.948884, e = 40.910155
0.000000	14.575452
0.186940	14.575452
0.186940	14.932940
0.462873	14.932940
0.462873	14.975852
0.638591	14.975852
0.638591	15.011992
0.965756	15.011992
0.965756	15.051210
1.292519	15.051210
1.292519	15.081497
1.551575	15.081497
1.551575	15.119098
2.130352	15.119098
2.130352	15.164304
2.708212	15.164304
2.708212	15.200212
3.183426	15.200212
3.183426	15.245435
4.249781	15.245435
4.249781	15.297238
5.260073	15.297238
5.260073	15.336128
6.104912	15.336128
6.104912	15.382140
7.951701	15.382140
7.951701	15.430584
9.698782	15.430584
9.698782	15.463422
11.177351	15.463422
11.177351	15.495595
14.354748	15.495595
14.354748	15.520140
17.254709	15.520140
17.254709	15.531463
19.656442	15.531463
19.656442	15.541814
24.264752	15.541814
24.264752	15.555110
27.553663	15.555110
27.553663	15.569818
29.809284	15.569818
29.809284	15.598219
33.086152	15.598219
33.086152	15.648647
34.863151	15.648647
34.863151	15.695299
35.978039	15.695299
35.978039	15.744511
37.653673	15.744511
37.653673	15.786031
38.852191	15.786031
38.852191	15.806434
39.840846	15.806434
39.840846	15.820702
41.720843	15.820702
41.720843	15.830948
43.285703	15.830948
43.285703	15.838293
44.608426	15.838293
44.608426	15.848620
46.830385	15.848620
46.830385	15.863110
48.519652	15.863110
48.519652	15.877698
49.860989	15.877698
49.860989	15.897722
51.892569	15.897722
51.892569	15.920853
53.468514	15.920853
53.468514	15.937464
54.782202	15.937464
54.782202	15.951822
56.882623	15.951822
56.882623	15.962687
58.696611	15.962687
58.696611	15.969007
60.329731	15.969007
60.329731	15.974397
62.883809	15.974397
62.883809	15.978876
65.154226	15.978876
65.154226	15.981836
67.197989	15.981836
& cycle # 3, chisq = 697.536106, e = 40.910155
0.000000	14.910945
0.186940	14.910945
0.186940	15.288657
0.462873	15.288657
0.462873	15.327910
0.638591	15.327910
0.638591	15.354443
0.965756	15.354443
0.965756	15.379097
1.292519	15.379097
1.292519	15.395755
1.551575	15.395755
1.551575	15.414039
2.130352	15.414039
2.130352	15.433667
2.708212	15.433667
2.708212	15.447732
3.183426	15.447732
3.183426	15.463871
4.249781	15.463871
4.249781	15.480951
5.260073	15.480951
5.260073	15.492973
6.104912	15.492973
6.104912	15.506543
7.951701	15.506543
7.951701	15.520410
9.698782	15.520410
9.698782	15.529691
11.177351	15.529691
11.177351	15.538889
14.354748	15.538889
14.354748	15.546265
17.254709	15.546265
17.254709	15.550136
19.656442	15.550136
19.656442	15.554475
24.264752	15.554475
24.264752	15.560938
27.553663	15.560938
27.553663	15.568670
29.809284	15.568670
29.809284	15.584468
33.086152	15.584468
33.086152	15.614322
34.863151	15.614322
34.863151	15.644273
35.978039	15.644273
35.978039	15.679299
37.653673	15.679299
37.653673	15.711733
38.852191	15.711733
38.852191	15.729010
39.840846	15.729010
39.840846	15.742449
41.720843	15.742449
41.720843	15.753619
43.285703	15.753619
43.285703	15.762532
44.608426	15.762532
44.608426	15.775630
46.830385	15.775630
46.830385	15.794407
48.519652	15.794407
48.519652	15.813563
49.860989	15.813563
49.860989	15.840146
51.892569	15.840146
51.892569	15.871221
53.468514	15.871221
53.468514	15.893892
54.782202	15.893892
54.782202	15.913938
56.882623	15.913938
56.882623	15.929567
58.696611	15.929567
58.696611	15.938962
60.329731	15.938962
60.329731	15.947211
62.883809	15.947211
62.883809	15.954284
65.154226	15.954284
65.154226	15.959148
67.197989	15.959148
& cycle # 4, chisq = 674.938082, e = 40.910155
0.000000	14.914576
0.186940	14.914576
0.186940	15.269066
0.462873	15.269066
0.462873	15.302033
0.638591	15.302033
0.638591	15.325077
0.965756	15.325077
0.965756	15.346970
1.292519	15.346970
1.292519	15.362040
1.551575	15.362040
1.551575	15.378859
2.130352	15.378859
2.130352	15.397195
2.708212	15.397195
2.708212	15.410526
3.183426	15.410526
3.183426	15.426035
4.249781	15.426035
4.249781	15.442664
5.260073	15.442664
5.260073	15.454513
6.104912	15.454513
6.104912	15.468041
7.951701	15.468041
7.951701	15.482016
9.698782	15.482016
9.698782	15.491465
11.177351	15.491465
11.177351	15.500935
14.354748	15.500935
14.354748	15.508672
17.254709	15.508672
17.254709	15.512886
19.656442	15.512886
19.656442	15.517840
24.264752	15.517840
24.264752	15.525444
27.553663	15.525444
27.553663	15.534695
29.809284	15.534695
29.809284	15.553889
33.086152	15.553889
33.086152	15.590826
34.863151	15.590826
34.863151	15.628770
35.978039	15.628770
35.978039	15.674534
37.653673	15.674534
37.653673	15.718353
38.852191	15.718353
38.852191	15.742747
39.840846	15.742747
39.840846	15.763217
41.720843	15.763217
41.720843	15.782004
43.285703	15.782004
43.285703	15.798073
44.608426	15.798073
44.608426	15.822469
46.830385	15.822469
46.830385	15.858115
48.519652	15.858115
48.519652	15.894999
49.860989	15.894999
49.860989	15.946894
51.892569	15.946894
51.892569	16.008566
53.468514	16.008566
53.468514	16.054583
54.782202	16.054583
54.782202	16.096601
56.882623	16.096601
56.882623	16.130743
58.696611	16.130743
58.696611	16.152199
60.329731	16.152199
60.329731	16.171795
62.883809	16.171795
62.883809	16.189312
65.154226	16.189312
65.154226	16.201966
67.197989	16.201966
& cycle # 5, chisq = 907.040210, e = 40.910155
0.000000	14.896071
0.212269	14.896071
0.212269	15.338586
0.508592	15.338586
0.508592	15.367049
0.699057	15.367049
0.699057	15.386968
1.045443	15.386968
1.045443	15.405925
1.390449	15.405925
1.390449	15.419116
1.665064	15.419116
1.665064	15.433755
2.262488	15.433755
2.262488	15.449732
2.858444	15.449732
2.858444	15.461467
3.350622	15.461467
3.350622	15.475029
4.426808	15.475029
4.426808	15.489582
5.447939	15.489582
5.447939	15.500054
6.305316	15.500054
6.305316	15.511922
8.133589	15.511922
8.133589	15.524190
9.866118	15.524190
9.866118	15.532581
11.338246	15.532581
11.338246	15.540990
14.427113	15.540990
14.427113	15.547881
17.261280	15.547881
17.261280	15.551486
19.632559	15.551486
19.632559	15.555181
24.148434	15.555181
24.148434	15.560432
27.467979	15.560432
27.467979	15.566856
29.795609	15.566856
29.795609	15.580651
33.147161	15.580651
33.147161	15.609667
34.948254	15.609667
34.948254	15.643622
36.042139	15.643622
36.042139	15.684536
37.631202	15.684536
37.631202	15.716480
38.812665	15.716480
38.812665	15.730511
39.818321	15.730511
39.818321	15.741848
41.714977	15.741848
41.714977	15.752892
43.301434	15.752892
43.301434	15.762562
44.642237	15.762562
44.642237	15.776834
46.847522	15.776834
46.847522	15.797094
48.534357	15.797094
48.534357	15.817585
49.882078	15.817585
49.882078	15.845319
51.902545	15.845319
51.902545	15.877122
53.490409	15.877122
53.490409	15.900340
54.824310	15.900340
54.824310	15.921010
56.928618	15.921010
56.928618	15.937562
58.754865	15.937562
58.754865	15.947979
60.403700	15.947979
60.403700	15.957444
62.949174	15.957444
62.949174	15.965679
65.231769	15.965679
65.231769	15.971075
67.310537	15.971075
& cycle # 1, chisq = 623.981990, e = 39.608773
0.000000	14.767378
0.212269	14.767378
0.212269	15.262206
0.508592	15.262206
0.508592	15.305728
0.699057	15.305728
0.699057	15.334403
1.045443	15.334403
1.045443	15.360653
1.390449	15.360653
1.390449	15.378359
1.665064	15.378359
1.665064	15.397503
2.262488	15.397503
2.262488	15.417927
2.858444	15.417927
2.858444	15.432628
3.350622	15.432628
3.350622	15.449315
4.426808	15.449315
4.426808	15.466942
5.447939	15.466942
5.447939	15.479453
6.305316	15.479453
6.305316	15.493465
8.133589	15.493465
8.133589	15.507809
9.866118	15.507809
9.866118	15.517541
11.338246	15.517541
11.338246	15.527238
14.427113	15.527238
14.427113	15.535140
17.261280	15.535140
17.261280	15.539239
19.632559	15.539239
19.632559	15.543395
24.148434	15.543395
24.148434	15.549269
27.467979	15.549269
27.467979	15.556451
29.795609	15.556451
29.795609	15.571891
33.147161	15.571891
33.147161	15.604427
34.948254	15.604427
34.948254	15.642604
36.042139	15.642604
36.042139	15.688845
37.631202	15.688845
37.631202	15.725337
38.812665	15.725337
38.812665	15.741753
39.818321	15.741753
39.818321	15.755546
41.714977	15.755546
41.714977	15.769526
43.301434	15.769526
43.301434	15.782092
44.642237	15.782092
44.642237	15.800919
46.847522	15.800919
46.847522	15.827918
48.534357	15.827918
48.534357	15.855452
49.882078	15.855452
49.882078	15.893051
51.902545	15.893051
51.902545	15.936638
53.490409	15.936638
53.490409	15.968943
54.824310	15.968943
54.824310	15.998322
56.928618	15.998322
56.928618	16.022476
58.754865	16.022476
58.754865	16.038069
60.403700	16.038069
60.403700	16.052481
62.949174	16.052481
62.949174	16.065164
65.231769	16.065164
65.231769	16.073558
67.310537	16.073558
& cycle # 2, chisq = 681.811393, e = 39.608773
0.000000	14.840938
0.212269	14.840938
0.212269	15.324234
0.508592	15.324234
0.508592	15.361372
0.699057	15.361372
0.699057	15.385692
1.045443	15.385692
1.045443	15.407890
1.390449	15.407890
1.390449	15.422830
1.665064	15.422830
1.665064	15.438953
2.262488	15.438953
2.262488	15.456125
2.858444	15.456125
2.858444	15.468468
3.350622	15.468468
3.350622	15.482457
4.426808	15.482457
4.426808	15.497215
5.447939	15.497215
5.447939	15.507675
6.305316	15.507675
6.305316	15.519376
8.133589	15.519376
8.133589	15.531339
9.866118	15.531339
9.866118	15.539445
11.338246	15.539445
11.338246	15.547508
14.427113	15.547508
14.427113	15.554060
17.261280	15.554060
17.261280	15.557438
19.632559	15.557438
19.632559	15.560828
24.148434	15.560828
24.148434	15.565586
27.467979	15.565586
27.467979	15.571383
29.795609	15.571383
29.795609	15.583818
33.147161	15.583818
33.147161	15.609957
34.948254	15.609957
34.948254	15.640543
36.042139	15.640543
36.042139	15.677428
37.631202	15.677428
37.631202	15.706327
38.812665	15.706327
38.812665	15.719151
39.818321	15.719151
39.818321	15.729716
41.714977	15.729716
41.714977	15.740227
43.301434	15.740227
43.301434	15.749567
44.642237	15.749567
44.642237	15.763473
46.847522	15.763473
46.847522	15.783336
48.534357	15.783336
48.534357	15.803528
49.882078	15.803528
49.882078	15.831011
51.902545	15.831011
51.902545	15.862745
53.490409	15.862745
53.490409	15.886137
54.824310	15.886137
54.824310	15.907251
56.928618	15.907251
56.928618	15.924452
58.754865	15.924452
58.754865	15.935460
60.403700	15.935460
60.403700	15.945576
62.949174	15.945576
62.949174	15.954446
65.231769	15.954446
65.231769	15.960298
67.310537	15.960298
& cycle # 3, chisq = 639.215219, e = 39.608773
0.000000	14.999590
0.212269	14.999590
0.212269	15.420511
0.508592	15.420511
0.508592	15.439443
0.699057	15.439443
0.699057	15.452501
1.045443	15.452501
1.045443	15.464878
1.390449	15.464878
1.390449	15.473475
1.665064	15.473475
1.665064	15.483010
2.262488	15.483010
2.262488	15.493416
2.858444	15.493416
2.858444	15.501064
3.350622	15.501064
3.350622	15.509911
4.426808	15.509911
4.426808	15.519419
5.447939	15.519419
5.447939	15.526273
6.305316	15.526273
6.305316	15.534060
8.133589	15.534060
8.133589	15.542131
9.866118	15.542131
9.866118	15.547670
11.338246	15.547670
11.338246	15.553249
14.427113	15.553249
14.427113	15.557865
17.261280	15.557865
17.261280	15.560332
19.632559	15.560332
19.632559	15.562949
24.148434	15.562949
24.148434	15.566758
27.467979	15.566758
27.467979	15.571473
29.795609	15.571473
29.795609	15.581686
33.147161	15.581686
33.147161	15.603365
34.948254	15.603365
34.948254	15.629015
36.042139	15.629015
36.042139	15.660450
37.631202	15.660450
37.631202	15.685716
38.812665	15.685716
38.812665	15.697446
39.818321	15.697446
39.818321	15.707714
41.714977	15.707714
41.714977	15.718495
43.301434	15.718495
43.301434	15.728389
44.642237	15.728389
44.642237	15.743366
46.847522	15.743366
46.847522	15.764982
48.534357	15.764982
48.534357	15.787135
49.882078	15.787135
49.882078	15.817532
51.902545	15.817532
51.902545	15.852973
53.490409	15.852973
53.490409	15.879442
54.824310	15.879442
54.824310	15.903764
56.928618	15.903764
56.928618	15.924004
58.754865	15.924004
58.754865	15.937215
60.403700	15.937215
60.403700	15.949507
62.949174	15.949507
62.949174	15.960364
65.231769	15.960364
65.231769	15.967567
67.310537	15.967567
& cycle # 4, chisq = 656.241091, e = 39.608773
0.000000	14.906309
0.212269	14.906309
0.212269	15.343287
0.508592	15.343287
0.508592	15.368996
0.699057	15.368996
0.699057	15.386896
1.045443	15.386896
1.045443	15.403908
1.390449	15.403908
1.390449	15.415739
1.665064	15.415739
1.665064	15.428870
2.262488	15.428870
2.262488	15.443209
2.858444	15.443209
2.858444	15.453749
3.350622	15.453749
3.350622	15.465944
4.426808	15.465944
4.426808	15.479049
5.447939	15.479049
5.447939	15.488497
6.305316	15.488497
6.305316	15.499228
8.133589	15.499228
8.133589	15.510350
9.866118	15.510350
9.866118	15.517981
11.338246	15.517981
11.338246	15.525664
14.427113	15.525664
14.427113	15.532018
17.261280	15.532018
17.261280	15.535410
19.632559	15.535410
19.632559	15.539000
24.148434	15.539000
24.148434	15.544219
27.467979	15.544219
27.467979	15.550673
29.795609	15.550673
29.795609	15.564645
33.147161	15.564645
33.147161	15.594285
34.948254	15.594285
34.948254	15.629327
36.042139	15.629327
36.042139	15.672220
37.631202	15.672220
37.631202	15.706621
38.812665	15.706621
38.812665	15.722525
39.818321	15.722525
39.818321	15.736366
41.714977	15.736366
41.714977	15.750824
43.301434	15.750824
43.301434	15.764050
44.642237	15.764050
44.642237	15.784036
46.847522	15.784036
46.847522	15.812850
48.534357	15.812850
48.534357	15.842352
49.882078	15.842352
49.882078	15.882793
51.902545	15.882793
51.902545	15.929889
53.490409	15.929889
53.490409	15.965008
54.824310	15.965008
54.824310	15.997210
56.928618	15.997210
56.928618	16.023941
58.754865	16.023941
58.754865	16.041352
60.403700	16.041352
60.403700	16.057531
62.949174	16.057531
62.949174	16.071816
65.231769	16.071816
65.231769	16.081292
67.310537	16.081292
& cycle # 5, chisq = 692.225624, e = 39.608773
0.000000	14.906063
0.216300	14.906063
0.216300	15.381776
0.515584	15.381776
0.515584	15.406143
0.708240	15.406143
0.708240	15.422839
1.057310	15.422839
1.057310	15.438592
1.404837	15.438592
1.404837	15.449505
1.681636	15.449505
1.681636	15.461552
2.281276	15.461552
2.281276	15.474657
2.879356	15.474657
2.879356	15.484272
3.373623	15.484272
3.373623	15.495349
4.449948	15.495349
4.449948	15.507223
5.471451	15.507223
5.471451	15.515774
6.329694	15.515774
6.329694	15.525455
8.152636	15.525455
8.152636	15.535474
9.880577	15.535474
9.880577	15.542355
11.349750	15.542355
11.349750	15.549283
14.421193	15.549283
14.421193	15.554977
17.244200	15.554977
17.244200	15.557904
19.613582	15.557904
19.613582	15.560823
24.128899	15.560823
24.128899	15.565027
27.465897	15.565027
27.465897	15.570318
29.811679	15.570318
29.811679	15.582035
33.172634	15.582035
33.172634	15.607607
34.966000	15.607607
34.966000	15.638346
36.049204	15.638346
36.049204	15.674525
37.629470	15.674525
37.629470	15.701321
38.821894	15.701321
38.821894	15.713524
39.839510	15.713524
39.839510	15.724650
41.743469	15.724650
41.743469	15.736210
43.328734	15.736210
43.328734	15.746555
44.664630	15.746555
44.664630	15.761973
46.848430	15.761973
46.848430	15.783937
48.517074	15.783937
48.517074	15.806068
49.851505	15.806068
49.851505	15.835614
51.853704	15.835614
51.853704	15.868843
53.438500	15.868843
53.438500	15.892652
54.777797	15.892652
54.777797	15.913503
56.894806	15.913503
56.894806	15.929890
58.737435	15.929890
58.737435	15.939863
60.401219	15.939863
60.401219	15.948518
62.954190	15.948518
62.954190	15.956024
65.220985	15.956024
65.220985	15.961555
67.251287	15.961555
& cycle # 1, chisq = 629.502440, e = 39.402901
0.000000	14.878750
0.216300	14.878750
0.216300	15.370063
0.515584	15.370063
0.515584	15.395213
0.708240	15.395213
0.708240	15.412463
1.057310	15.412463
1.057310	15.428763
1.404837	15.428763
1.404837	15.440074
1.681636	15.440074
1.681636	15.452578
2.281276	15.452578
2.281276	15.466201
2.879356	15.466201
2.879356	15.476210
3.373623	15.476210
3.373623	15.487757
4.449948	15.487757
4.449948	15.500148
5.471451	15.500148
5.471451	15.509080
6.329694	15.509080
6.329694	15.519203
8.152636	15.519203
8.152636	15.529687
9.880577	15.529687
9.880577	15.536893
11.349750	15.536893
11.349750	15.544154
14.421193	15.544154
14.421193	15.550126
17.244200	15.550126
17.244200	15.553204
19.613582	15.553204
19.613582	15.556282
24.128899	15.556282
24.128899	15.560725
27.465897	15.560725
27.465897	15.566321
29.811679	15.566321
29.811679	15.578717
33.172634	15.578717
33.172634	15.605775
34.966000	15.605775
34.966000	15.638311
36.049204	15.638311
36.049204	15.676619
37.629470	15.676619
37.629470	15.705012
38.821894	15.705012
38.821894	15.717953
39.839510	15.717953
39.839510	15.729762
41.743469	15.729762
41.743469	15.742036
43.328734	15.742036
43.328734	15.753024
44.664630	15.753024
44.664630	15.769402
46.848430	15.769402
46.848430	15.792737
48.517074	15.792737
48.517074	15.816255
49.851505	15.816255
49.851505	15.847662
51.853704	15.847662
51.853704	15.883001
53.438500	15.883001
53.438500	15.908347
54.777797	15.908347
54.777797	15.930588
56.894806	15.930588
56.894806	15.948130
58.737435	15.948130
58.737435	15.958871
60.401219	15.958871
60.401219	15.968280
62.954190	15.968280
62.954190	15.976549
65.220985	15.976549
65.220985	15.982745
67.251287	15.982745
& cycle # 2, chisq = 628.628420, e = 39.402901
0.000000	14.901787
0.216300	14.901787
0.216300	15.368096
0.515584	15.368096
0.515584	15.395308
0.708240	15.395308
0.708240	15.413807
1.057310	15.413807
1.057310	15.431122
1.404837	15.431122
1.404837	15.443031
1.681636	15.443031
1.681636	15.456092
2.281276	15.456092
2.281276	15.470215
2.879356	15.470215
2.879356	15.480520
3.373623	15.480520
3.373623	15.492331
4.449948	15.492331
4.449948	15.504931
5.471451	15.504931
5.471451	15.513966
6.329694	15.513966
6.329694	15.524155
8.152636	15.524155
8.152636	15.534662
9.880577	15.534662
9.880577	15.541857
11.349750	15.541857
11.349750	15.549081
14.421193	15.549081
14.421193	15.554998
17.244200	15.554998
17.244200	15.558020
19.613582	15.558020
19.613582	15.560998
24.128899	15.560998
24.128899	15.565259
27.465897	15.565259
27.465897	15.570610
29.811679	15.570610
29.811679	15.582445
33.172634	15.582445
33.172634	15.608252
34.966000	15.608252
34.966000	15.639242
36.049204	15.639242
36.049204	15.675657
37.629470	15.675657
37.629470	15.702555
38.821894	15.702555
38.821894	15.714754
39.839510	15.714754
39.839510	15.725835
41.743469	15.725835
41.743469	15.737313
43.328734	15.737313
43.328734	15.747566
44.664630	15.747566
44.664630	15.762836
46.848430	15.762836
46.848430	15.784577
48.517074	15.784577
48.517074	15.806477
49.851505	15.806477
49.851505	15.835702
51.853704	15.835702
51.853704	15.868550
53.438500	15.868550
53.438500	15.892063
54.777797	15.892063
54.777797	15.912621
56.894806	15.912621
56.894806	15.928731
58.737435	15.928731
58.737435	15.938489
60.401219	15.938489
60.401219	15.946901
62.954190	15.946901
62.954190	15.954125
65.220985	15.954125
65.220985	15.959381
67.251287	15.959381
& cycle # 3, chisq = 629.067502, e = 39.402901
0.000000	14.842847
0.216300	14.842847
0.216300	15.345078
0.515584	15.345078
0.515584	15.380121
0.708240	15.380121
0.708240	15.402816
1.057310	15.402816
1.057310	15.423445
1.404837	15.423445
1.404837	15.437317
1.681636	15.437317
1.681636	15.452254
2.281276	15.452254
2.281276	15.468155
2.879356	15.468155
2.879356	15.479598
3.373623	15.479598
3.373623	15.492558
4.449948	15.492558
4.449948	15.506239
5.471451	15.506239
5.471451	15.515960
6.329694	15.515960
6.329694	15.526836
8.152636	15.526836
8.152636	15.537978
9.880577	15.537978
9.880577	15.545563
11.349750	15.545563
11.349750	15.553145
14.421193	15.553145
14.421193	15.559320
17.244200	15.559320
17.244200	15.562441
19.613582	15.562441
19.613582	15.565465
24.128899	15.565465
24.128899	15.569747
27.465897	15.569747
27.465897	15.575105
29.811679	15.575105
29.811679	15.586942
33.172634	15.586942
33.172634	15.612722
34.966000	15.612722
34.966000	15.643643
36.049204	15.643643
36.049204	15.679910
37.629470	15.679910
37.629470	15.706620
38.821894	15.706620
38.821894	15.718685
39.839510	15.718685
39.839510	15.729613
41.743469	15.729613
41.743469	15.740910
43.328734	15.740910
43.328734	15.750994
44.664630	15.750994
44.664630	15.766010
46.848430	15.766010
46.848430	15.787392
48.517074	15.787392
48.517074	15.808935
49.851505	15.808935
49.851505	15.837697
51.853704	15.837697
51.853704	15.870045
53.438500	15.870045
53.438500	15.893223
54.777797	15.893223
54.777797	15.913522
56.894806	15.913522
56.894806	15.929471
58.737435	15.929471
58.737435	15.939169
60.401219	15.939169
60.401219	15.947574
62.954190	15.947574
62.954190	15.954845
65.220985	15.954845
65.220985	15.960185
67.251287	15.960185
& cycle # 4, chisq = 632.895397, e = 39.402901
0.000000	14.845510
0.216300	14.845510
0.216300	15.345310
0.515584	15.345310
0.515584	15.372638
0.708240	15.372638
0.708240	15.391416
1.057310	15.391416
1.057310	15.409163
1.404837	15.409163
1.404837	15.421474
1.681636	15.421474
1.681636	15.435080
2.281276	15.435080
2.281276	15.449897
2.879356	15.449897
2.879356	15.460780
3.373623	15.460780
3.373623	15.473331
4.449948	15.473331
4.449948	15.486797
5.471451	15.486797
5.471451	15.496505
6.329694	15.496505
6.329694	15.507506
8.152636	15.507506
8.152636	15.518902
9.880577	15.518902
9.880577	15.526736
11.349750	15.526736
11.349750	15.534634
14.421193	15.534634
14.421193	15.541138
17.244200	15.541138
17.244200	15.544498
19.613582	15.544498
19.613582	15.547873
24.128899	15.547873
24.128899	15.552759
27.465897	15.552759
27.465897	15.558920
29.811679	15.558920
29.811679	15.572579
33.172634	15.572579
33.172634	15.602422
34.966000	15.602422
34.966000	15.638347
36.049204	15.638347
36.049204	15.680734
37.629470	15.680734
37.629470	15.712277
38.821894	15.712277
38.821894	15.726763
39.839510	15.726763
39.839510	15.740099
41.743469	15.740099
41.743469	15.754074
43.328734	15.754074
43.328734	15.766653
44.664630	15.766653
44.664630	15.785454
46.848430	15.785454
46.848430	15.812283
48.517074	15.812283
48.517074	15.839353
49.851505	15.839353
49.851505	15.875544
51.853704	15.875544
51.853704	15.916311
53.438500	15.916311
53.438500	15.945586
54.777797	15.945586
54.777797	15.971305
56.894806	15.971305
56.894806	15.991596
58.737435	15.991596
58.737435	16.003997
60.401219	16.003997
60.401219	16.014809
62.954190	16.014809
62.954190	16.024233
65.220985	16.024233
65.220985	16.031220
67.251287	16.031220
& cycle # 5, chisq = 643.911655, e = 39.402901
