17.000000	412.430298
16.984700	408.210832
16.967700	404.105491
16.947300	399.903998
16.923500	395.892309
16.891200	391.735550
16.841900	387.647198
16.539300	383.641822
16.413500	379.626501
16.347200	375.596916
16.296200	371.539229
16.253700	367.515604
16.216300	363.494694
16.182300	359.458573
16.150000	355.300145
16.119400	351.079887
16.090500	346.851129
16.063300	342.660774
16.037800	338.550879
16.012300	334.269159
15.988500	330.121771
15.964700	325.832936
15.942600	321.728116
15.920500	317.509755
15.898400	313.181857
15.878000	309.092753
15.857600	304.915712
15.837200	300.652600
15.816800	296.304866
15.798100	292.246103
15.779400	288.118023
15.760700	283.921472
15.742000	279.657418
15.723300	275.327014
15.704600	270.931601
15.687600	266.880614
15.670600	262.778322
15.653600	258.625908
15.636600	254.424489
15.619600	250.175052
15.602600	245.878411
15.585600	241.535175
15.568600	237.145741
15.551600	232.710307
15.536300	228.679114
15.521000	224.610631
15.505700	220.504754
15.490400	216.361372
15.475100	212.180396
15.459800	207.961787
15.444500	203.705572
15.429200	199.411858
15.413900	195.080826
15.398600	190.712723
15.383300	186.307844
15.368000	181.866508
15.352700	177.389023
15.339100	173.378915
15.325500	169.340616
15.311900	165.274224
15.298300	161.179775
15.284700	157.057236
15.271100	152.906502
15.257500	148.727397
15.243900	144.519684
15.230300	140.283073
15.216700	136.017229
15.203100	131.721796
15.189500	127.396402
15.175900	123.040684
15.162300	118.654293
15.148700	114.236915
15.135100	109.788275
15.121500	105.308145
15.107900	100.796346
0.000000	0.000000
& cycle # 1, chisq = 641.189028, e = 40.181663
17.000000	326.610088
16.189100	322.593840
16.039500	318.568502
15.971500	314.565404
15.922200	310.517809
15.881400	306.344626
15.847400	302.250111
15.816800	298.055684
15.789600	293.902442
15.764100	289.631566
15.742000	285.626223
15.719900	281.332455
15.699500	277.108912
15.680800	273.015520
15.662100	268.708301
15.645100	264.606110
15.628100	260.325607
15.612800	256.320310
15.597500	252.169943
15.582200	247.874301
15.566900	243.433226
15.553300	239.363424
15.539700	235.178595
15.526100	230.878760
15.512500	226.464015
15.498900	221.934546
15.487000	217.877380
15.475100	213.732881
15.463200	209.501409
15.451300	205.183412
15.439400	200.779428
15.427500	196.290089
15.415600	191.716114
15.403700	187.058308
15.393500	182.999847
15.383300	178.881040
15.373100	174.702514
15.362900	170.464925
15.352700	166.168950
15.342500	161.815282
15.332300	157.404625
15.322100	152.937687
15.311900	148.415180
15.301700	143.837813
15.291500	139.206288
15.281300	134.521303
15.271100	129.783546
15.260900	124.993700
15.252400	120.962857
15.243900	116.896697
15.235400	112.795607
15.226900	108.659971
15.218400	104.490178
15.209900	100.286618
0.000000	0.000000
& cycle # 2, chisq = 688.378376, e = 40.181663
17.000000	459.816591
16.576700	455.743127
16.510400	451.660488
16.464500	447.518807
16.428800	443.451716
16.398200	439.339337
16.371000	435.185193
16.347200	431.161213
16.325100	427.098719
16.304700	423.070902
16.284300	418.778390
16.265600	414.614095
16.246900	410.234625
16.229900	406.071471
16.212900	401.740928
16.197600	397.705846
16.182300	393.546160
16.167000	389.267960
16.151700	384.877737
16.136400	380.382287
16.122800	376.303656
16.109200	372.152451
16.095600	367.933797
16.082000	363.652915
16.068400	359.315145
16.054800	354.925971
16.041200	350.491054
16.027600	346.016254
16.014000	341.507646
16.000400	336.971531
15.986800	332.414418
15.973200	327.843002
15.961300	323.836657
15.949400	319.829245
15.937500	315.825442
15.923900	311.260085
15.910300	306.712479
15.896700	302.189455
15.883100	297.697703
15.869500	293.243738
15.855900	288.833886
15.842300	284.474273
15.828700	280.170827
15.815100	275.929286
15.801500	271.755216
15.787900	267.654017
15.774300	263.630945
15.759000	259.204729
15.743700	254.890914
15.728400	250.696313
15.713100	246.627463
15.696100	242.261546
15.679100	238.066500
15.662100	234.049595
15.643400	229.844452
15.623000	225.520375
15.602600	221.478441
15.580500	217.424335
15.555000	213.170975
15.527800	209.136395
15.495500	205.011768
15.456400	200.958879
15.402000	196.922569
15.150400	192.920455
15.036500	188.848721
14.992300	184.677208
14.961700	180.543844
14.937900	176.501645
14.917500	172.394889
14.898800	168.064626
14.881800	163.624959
14.866500	159.194828
14.852900	154.893681
14.841000	150.837559
14.829100	146.497924
14.817200	141.864856
14.807000	137.652593
14.796800	133.211227
14.786600	128.534528
14.778100	124.453019
14.769600	120.200165
14.761100	115.772371
14.752600	111.166052
14.744100	106.377628
14.735600	101.403528
0.000000	0.000000
& cycle # 3, chisq = 674.981828, e = 40.181663
17.000000	394.427910
16.821500	390.334442
16.772200	386.262847
16.736500	382.117423
16.705900	377.918751
16.678700	373.818354
16.653200	369.763916
16.627700	365.598754
16.602200	361.411771
16.576700	357.288986
16.549500	353.051292
16.520600	348.819001
16.490000	344.723728
16.456000	340.714272
16.413500	336.579408
16.355700	332.563258
16.071800	328.538470
15.966400	324.512689
15.917100	320.498319
15.879700	316.325730
15.849100	312.129039
15.823600	308.072689
15.799800	303.820333
15.779400	299.815458
15.759000	295.479519
15.740300	291.216816
15.723300	287.105776
15.706300	282.773948
15.691000	278.690249
15.675700	274.435211
15.660400	270.013213
15.646800	265.946356
15.633200	261.755303
15.619600	257.444253
15.606000	253.017770
15.592400	248.480780
15.580500	244.424404
15.568600	240.291203
15.556700	236.085107
15.544800	231.810214
15.532900	227.470770
15.521000	223.071152
15.509100	218.615844
15.497200	214.109417
15.485300	209.556506
15.473400	204.961793
15.461500	200.329986
15.449600	195.665807
15.439400	191.645751
15.429200	187.608346
15.419000	183.556550
15.408800	179.493307
15.398600	175.421553
15.388400	171.344207
15.378200	167.264177
15.368000	163.184359
15.357800	159.107637
15.347600	155.036884
15.337400	150.974964
15.327200	146.924731
15.317000	142.889028
15.306800	138.870687
15.294900	134.208326
15.283000	129.577883
15.271100	124.983766
15.259200	120.430338
15.247300	115.921902
15.235400	111.462686
15.223500	107.056832
15.211600	102.708374
0.000000	0.000000
& cycle # 4, chisq = 665.451834, e = 40.181663
17.000000	319.209609
16.153400	315.186934
16.020800	311.160666
15.952800	307.124529
15.901800	302.970373
15.861000	298.860995
15.825300	294.648467
15.794700	290.558283
15.767500	286.539741
15.742000	282.438025
15.718200	278.312866
15.696100	274.222102
15.675700	270.221075
15.655300	266.002263
15.636600	261.942614
15.617900	257.698429
15.600900	253.680010
15.583900	249.509657
15.566900	245.188313
15.551600	241.171124
15.536300	237.033997
15.521000	232.778423
15.505700	228.406084
15.490400	223.918815
15.476800	219.835218
15.463200	215.663773
15.449600	211.405937
15.436000	207.063192
15.422400	202.637040
15.408800	198.129006
15.396900	194.118523
15.385000	190.047592
15.373100	185.917302
15.361200	181.728774
15.349300	177.483173
15.337400	173.181716
15.325500	168.825681
15.313600	164.416406
15.301700	159.955305
15.289800	155.443860
15.277900	150.883630
15.266000	146.276244
15.254100	141.623400
15.243900	137.600401
15.233700	133.546439
15.223500	129.462680
15.213300	125.350313
15.203100	121.210541
15.192900	117.044581
15.182700	112.853653
15.172500	108.638981
15.162300	104.401786
15.152100	100.143280
0.000000	0.000000
& cycle # 5, chisq = 759.730182, e = 40.181663
17.000000	412.430298
16.984700	408.321388
16.969400	404.254704
16.954100	400.239040
16.937100	395.859573
16.920100	391.580319
16.903100	387.410931
16.886100	383.365868
16.867400	379.078338
16.848700	374.974435
16.828300	370.716508
16.807900	366.695923
16.785800	362.620420
16.762000	358.570764
16.734800	354.381917
16.704200	350.225007
16.668500	346.099841
16.624300	342.031187
16.559700	337.959458
16.224800	333.950517
16.102400	329.904023
16.041200	325.775073
15.997000	321.737266
15.959600	317.580377
15.927300	313.428677
15.898400	309.268615
15.872900	305.248620
15.849100	301.202427
15.827000	297.192691
15.804900	292.942076
15.784500	288.807274
15.764100	284.473001
15.745400	280.328100
15.726700	276.022731
15.709700	271.973232
15.692700	267.798559
15.675700	263.502865
15.658700	259.090599
15.643400	255.023746
15.628100	250.869744
15.612800	246.632132
15.597500	242.314452
15.582200	237.920229
15.566900	233.452956
15.553300	229.423521
15.539700	225.341525
15.526100	221.209389
15.512500	217.029549
15.498900	212.804471
15.485300	208.536669
15.471700	204.228716
15.458100	199.883254
15.444500	195.502999
15.430900	191.090741
15.417300	186.649340
15.403700	182.181713
15.390100	177.690821
15.376500	173.179648
15.362900	168.651182
15.349300	164.108391
15.335700	159.554202
15.322100	154.991482
15.308500	150.423020
15.294900	145.851515
15.283000	141.850998
15.269400	137.280714
15.255800	132.714587
15.242200	128.154929
15.228600	123.603966
15.215000	119.063845
15.201400	114.536652
15.187800	110.024425
15.174200	105.529163
15.160600	101.052846
0.000000	0.000000
& cycle # 1, chisq = 623.939017, e = 39.483288
17.000000	326.610088
16.173800	322.593585
16.032700	318.570289
15.966400	314.486218
15.918800	310.368811
15.881400	306.335238
15.849100	302.231599
15.820200	298.037047
15.794700	293.901693
15.770900	289.657050
15.748800	285.369826
15.728400	281.107563
15.709700	276.937000
15.692700	272.922583
15.675700	268.692425
15.658700	264.243670
15.643400	260.050792
15.628100	255.677137
15.614500	251.636448
15.600900	247.450726
15.587300	243.119034
15.573700	238.640491
15.561800	234.600650
15.549900	230.447227
15.538000	226.179755
15.526100	221.797815
15.514200	217.301058
15.502300	212.689208
15.492100	208.644443
15.481900	204.514919
15.471700	200.300633
15.461500	196.001641
15.451300	191.618067
15.441100	187.150100
15.430900	182.597993
15.420700	177.962070
15.410500	173.242716
15.400300	168.440380
15.391800	164.375409
15.383300	160.253483
15.374800	156.074949
15.366300	151.840175
15.357800	147.549547
15.349300	143.203469
15.340800	138.802359
15.332300	134.346647
15.323800	129.836776
15.315300	125.273195
15.306800	120.656361
15.298300	115.986736
15.289800	111.264787
15.281300	106.490987
15.272800	101.665809
0.000000	0.000000
& cycle # 2, chisq = 635.513358, e = 39.483288
17.000000	459.816591
16.986400	455.672122
16.972800	451.412309
16.959200	447.049340
16.945600	442.606059
16.932000	438.102455
16.918400	433.552930
16.906500	429.545958
16.894600	425.526893
16.882700	421.508427
16.870800	417.502616
16.857200	412.953459
16.843600	408.447842
16.830000	403.997717
16.816400	399.614899
16.802800	395.311599
16.789200	391.100137
16.775600	386.992206
16.760300	382.507365
16.745000	378.178775
16.729700	374.016018
16.712700	369.594519
16.695700	365.396116
16.677000	361.044985
16.658300	356.982516
16.637900	352.887852
16.615800	348.853463
16.590300	344.714460
16.561400	340.674971
16.525700	336.594134
16.478100	332.588885
16.382900	328.568887
16.073500	324.501965
16.010600	320.487562
15.966400	316.416841
15.930700	312.322981
15.900100	308.229405
15.872900	304.138100
15.847400	299.920155
15.823600	295.655825
15.801500	291.419874
15.781100	287.280766
15.760700	282.929711
15.742000	278.762817
15.723300	274.433559
15.706300	270.364590
15.689300	266.176382
15.672300	261.876934
15.655300	257.474687
15.640000	253.432017
15.624700	249.319742
15.609400	245.144517
15.594100	240.913045
15.578800	236.632046
15.563500	232.308233
15.548200	227.948308
15.532900	223.558963
15.517600	219.146888
15.502300	214.718793
15.487000	210.281416
15.471700	205.841538
15.456400	201.405989
15.441100	196.981638
15.425800	192.575386
15.410500	188.194135
15.395200	183.844756
15.379900	179.534046
15.364600	175.268682
15.349300	171.055172
15.334000	166.899811
15.318700	162.808637
15.303400	158.787397
15.286400	154.407968
15.269400	150.128540
15.252400	145.955562
15.235400	141.894971
15.216700	137.564609
15.198000	133.383397
15.179300	129.357279
15.158900	125.148292
15.138500	121.136369
15.116400	117.018674
15.092600	112.856375
15.067100	108.716011
15.039900	104.668489
15.009300	100.572557
0.000000	0.000000
& cycle # 3, chisq = 626.575771, e = 39.483288
17.000000	394.427910
16.991500	390.127887
16.981300	385.668211
16.969400	381.321830
16.954100	376.903185
16.933700	372.700971
16.898000	368.698569
16.707600	364.614007
16.653200	360.453515
16.614100	356.276595
16.581800	352.247257
16.551200	348.100285
16.522300	344.020239
16.493400	339.898605
16.464500	335.840477
16.433900	331.718141
16.401600	327.668937
16.365900	323.667213
16.321700	319.528259
16.262200	315.487087
15.985100	311.479720
15.879700	307.410692
15.833800	303.398869
15.799800	299.272375
15.772600	295.179872
15.748800	290.979335
15.728400	286.894841
15.709700	282.742925
15.692700	278.619763
15.677400	274.618205
15.662100	270.335926
15.648500	266.290179
15.634900	262.016452
15.621300	257.512553
15.609400	253.381482
15.597500	249.072055
15.585600	244.583752
15.573700	239.916357
15.563500	235.773246
15.553300	231.498841
15.543100	227.093523
15.532900	222.557824
15.522700	217.892416
15.512500	213.098110
15.504000	209.005061
15.495500	204.823753
15.487000	200.554845
15.478500	196.199049
15.470000	191.757123
15.461500	187.229873
15.453000	182.618149
15.444500	177.922838
15.436000	173.144873
15.427500	168.285222
15.419000	163.344892
15.412200	159.335239
15.405400	155.275173
15.398600	151.165261
15.391800	147.006087
15.385000	142.798251
15.378200	138.542370
15.371400	134.239078
15.364600	129.889025
15.357800	125.492879
15.351000	121.051328
15.344200	116.565075
15.337400	112.034845
15.330600	107.461381
15.323800	102.845444
0.000000	0.000000
& cycle # 4, chisq = 646.788516, e = 39.483288
17.000000	319.209609
16.231600	315.207468
16.041200	311.153380
15.969800	307.085534
15.918800	302.964056
15.878000	298.830822
15.844000	294.770511
15.813400	290.612169
15.786200	286.501159
15.760700	282.283987
15.736900	278.025140
15.714800	273.787350
15.694400	269.630719
15.675700	265.612145
15.657000	261.392983
15.640000	257.382607
15.623000	253.205513
15.606000	248.861873
15.590700	244.810710
15.575400	240.625937
15.560100	236.308653
15.544800	231.860255
15.531200	227.797392
15.517600	223.633570
15.504000	219.370243
15.490400	215.008961
15.476800	210.551356
15.463200	205.999122
15.451300	201.939653
15.439400	197.810243
15.427500	193.612092
15.415600	189.346415
15.403700	185.014442
15.391800	180.617428
15.379900	176.156654
15.368000	171.633435
15.356100	167.049128
15.344200	162.405145
15.334000	158.378200
15.323800	154.309453
15.313600	150.199903
15.303400	146.050594
15.293200	141.862609
15.283000	137.637074
15.272800	133.375157
15.262600	129.078064
15.252400	124.747039
15.242200	120.383361
15.232000	115.988339
15.221800	111.563308
15.211600	107.109621
15.201400	102.628650
0.000000	0.000000
& cycle # 5, chisq = 654.718339, e = 39.483288
17.000000	412.430298
16.984700	408.351451
16.967700	404.195343
16.949000	400.053226
16.928600	396.026055
16.904800	391.923612
16.875900	387.731391
16.840200	383.628823
16.790900	379.605702
16.683800	375.597165
16.338700	371.528245
16.265600	367.520512
16.212900	363.427535
16.170400	359.352338
16.133000	355.190255
16.100700	351.164813
16.070100	346.986437
16.042900	342.977898
16.017400	338.972368
15.991900	334.732843
15.968100	330.571304
15.946000	326.536654
15.923900	322.344767
15.903500	318.341864
15.883100	314.216567
15.862700	309.974324
15.842300	305.620366
15.823600	301.535397
15.804900	297.364576
15.786200	293.111719
15.767500	288.780768
15.750500	284.779271
15.733500	280.719995
15.716500	276.606466
15.699500	272.442395
15.682500	268.231635
15.665500	263.978122
15.648500	259.685801
15.631500	255.358558
15.614500	251.000149
15.597500	246.614156
15.580500	242.203952
15.563500	237.772701
15.548200	233.769038
15.532900	229.752786
15.517600	225.725919
15.502300	221.690366
15.487000	217.648043
15.471700	213.600877
15.456400	209.550831
15.441100	205.499915
15.425800	201.450188
15.410500	197.403755
15.395200	193.362746
15.379900	189.329297
15.364600	185.305520
15.349300	181.293474
15.332300	176.851803
15.315300	172.429599
15.298300	168.029212
15.281300	163.652765
15.264300	159.302158
15.247300	154.979070
15.230300	150.684987
15.213300	146.421233
15.196300	142.189012
15.179300	137.989449
15.162300	133.823633
15.145300	129.692643
15.128300	125.597580
15.111300	121.539571
15.094300	117.519775
15.075600	113.143538
15.056900	108.816519
15.038200	104.540219
15.019500	100.316035
0.000000	0.000000
& cycle # 1, chisq = 659.451998, e = 40.578124
17.000000	326.610088
16.175500	322.593200
16.037800	318.572881
15.969800	314.543878
15.920500	310.522257
15.879700	306.411566
15.845700	302.404789
15.815100	298.322150
15.787900	294.298131
15.762400	290.176965
15.738600	286.018837
15.716500	281.883751
15.696100	277.830139
15.675700	273.548067
15.657000	269.421670
15.638300	265.102872
15.621300	261.010005
15.604300	256.758802
15.587300	252.349769
15.572000	248.247175
15.556700	244.017689
15.541400	239.661848
15.526100	235.180273
15.512500	231.091683
15.498900	226.904929
15.485300	222.620724
15.471700	218.239902
15.458100	213.763435
15.444500	209.192438
15.432600	205.116261
15.420700	200.969614
15.408800	196.753515
15.396900	192.469062
15.385000	188.117417
15.373100	183.699802
15.361200	179.217483
15.349300	174.671763
15.337400	170.063970
15.325500	165.395441
15.315300	161.346522
15.305100	157.254811
15.294900	153.121143
15.284700	148.946350
15.274500	144.731249
15.264300	140.476654
15.254100	136.183365
15.243900	131.852179
15.233700	127.483885
15.223500	123.079271
15.213300	118.639126
15.203100	114.164244
15.192900	109.655425
15.182700	105.113484
15.172500	100.539247
0.000000	0.000000
& cycle # 2, chisq = 738.729290, e = 40.578124
17.000000	459.816591
16.559700	455.808042
16.493400	451.695488
16.449200	447.689360
16.413500	443.613064
16.382900	439.484365
16.355700	435.308211
16.331900	431.257832
16.309800	427.163708
16.289400	423.099955
16.269000	418.764843
16.250300	414.555843
16.233300	410.538305
16.216300	406.343629
16.199300	401.977795
16.184000	397.908014
16.168700	393.711064
16.153400	389.393185
16.138100	384.960987
16.124500	380.930843
16.110900	376.820793
16.097300	372.635943
16.083700	368.381529
16.070100	364.062932
16.056500	359.685706
16.042900	355.255602
16.029300	350.778601
16.015700	346.260925
16.002100	341.709046
15.990200	337.703365
15.978300	333.681263
15.966400	329.647479
15.954500	325.606833
15.942600	321.564200
15.930700	317.524478
15.918800	313.492559
15.906900	309.473299
15.895000	305.471496
15.881400	300.925428
15.867800	296.415200
15.854200	291.947510
15.840600	287.528864
15.827000	283.165573
15.813400	278.863766
15.799800	274.629399
15.786200	270.468265
15.772600	266.386009
15.757300	261.894592
15.742000	257.517553
15.726700	253.262231
15.711400	249.135661
15.694400	244.709705
15.677400	240.459510
15.660400	236.392889
15.641700	232.139906
15.623000	228.125344
15.602600	224.025168
15.580500	219.918971
15.556700	215.892287
15.529500	211.794077
15.497200	207.618769
15.458100	203.539899
15.403700	199.525070
15.143600	195.519151
15.048400	191.435909
15.007600	187.380096
14.978700	183.331096
14.954900	179.138493
14.934500	174.855887
14.917500	170.758311
14.902200	166.630622
14.888600	162.591655
14.875000	158.187014
14.863100	154.019752
14.851200	149.548350
14.841000	145.465092
14.830800	141.142985
14.820600	136.574920
14.810400	131.753789
14.801900	127.537739
14.793400	123.136902
14.784900	118.547167
14.776400	113.764427
14.767900	108.784574
14.761100	104.656014
14.754300	100.396580
0.000000	0.000000
& cycle # 3, chisq = 687.354381, e = 40.578124
17.000000	394.427910
16.974500	390.371991
16.942200	386.320786
16.896300	382.272936
16.801100	378.268315
16.423700	374.209182
16.338700	370.204315
16.277500	366.099819
16.228200	362.002987
16.185700	357.890825
16.148300	353.828088
16.114300	349.776745
16.082000	345.613200
16.051400	341.385322
16.022500	337.138497
15.995300	332.916754
15.969800	328.762705
15.946000	324.716772
15.922200	320.510696
15.900100	316.464206
15.878000	312.284256
15.855900	307.972545
15.835500	303.876632
15.815100	299.670188
15.794700	295.353756
15.776000	291.300890
15.757300	287.156664
15.738600	282.921890
15.719900	278.597660
15.702900	274.590064
15.685900	270.510875
15.668900	266.361417
15.651900	262.143075
15.634900	257.857223
15.617900	253.505168
15.600900	249.088103
15.585600	245.058025
15.570300	240.976791
15.555000	236.844963
15.539700	232.663026
15.524400	228.431422
15.509100	224.150576
15.493800	219.820933
15.478500	215.442995
15.463200	211.017342
15.447900	206.544661
15.434300	202.530107
15.420700	198.479664
15.407100	194.394039
15.393500	190.273998
15.379900	186.120353
15.366300	181.933946
15.352700	177.715633
15.339100	173.466263
15.325500	169.186668
15.311900	164.877643
15.298300	160.539940
15.284700	156.174255
15.271100	151.781233
15.257500	147.361466
15.243900	142.915496
15.230300	138.443831
15.216700	133.946955
15.203100	129.425341
15.189500	124.879468
15.175900	120.309837
15.164000	116.292343
15.152100	112.257459
15.140200	108.205608
15.128300	104.137249
15.116400	100.052880
0.000000	0.000000
& cycle # 4, chisq = 659.812701, e = 40.578124
17.000000	319.209609
16.168700	315.205104
16.025900	311.133642
15.956200	307.105885
15.905200	303.072558
15.862700	298.926564
15.827000	294.856260
15.794700	290.694196
15.765800	286.576134
15.738600	282.355957
15.713100	278.093765
15.689300	273.847312
15.667200	269.671529
15.646800	265.618194
15.626400	261.374750
15.607700	257.319123
15.589000	253.106632
15.570300	248.739579
15.553300	244.637830
15.536300	240.413295
15.519300	236.068864
15.504000	232.058970
15.488700	227.956952
15.473400	223.765342
15.458100	219.486732
15.442800	215.123748
15.427500	210.679036
15.413900	206.661718
15.400300	202.583805
15.386700	198.447197
15.373100	194.253820
15.359500	190.005647
15.345900	185.704707
15.332300	181.353100
15.318700	176.953008
15.305100	172.506710
15.291500	168.016581
15.277900	163.485101
15.264300	158.914843
15.252400	154.886154
15.240500	150.831654
15.228600	146.753220
15.216700	142.652757
15.204800	138.532192
15.192900	134.393460
15.181000	130.238497
15.169100	126.069231
15.157200	121.887568
15.145300	117.695391
15.133400	113.494551
15.121500	109.286862
15.109600	105.074102
15.097700	100.858009
0.000000	0.000000
& cycle # 5, chisq = 865.896048, e = 40.578124
17.000000	412.430298
16.974500	408.244472
16.933700	404.217508
16.670200	400.216433
16.575000	396.170195
16.513800	392.153533
16.462800	388.093966
16.416900	383.970228
16.374400	379.822122
16.335300	375.775861
16.297900	371.729696
16.262200	367.722343
16.226500	363.581969
16.192500	359.521201
16.158500	355.349874
16.126200	351.284597
16.093900	347.113696
16.063300	343.054499
16.032700	338.876609
16.003800	334.807691
15.974900	330.604850
15.947700	326.513810
15.920500	322.278100
15.895000	318.162696
15.869500	313.893303
15.845700	309.755464
15.821900	305.454737
15.799800	301.301159
15.777700	296.979159
15.757300	292.827475
15.736900	288.507906
15.718200	284.390409
15.699500	280.111990
15.682500	276.074588
15.665500	271.888415
15.648500	267.545550
15.633200	263.496169
15.617900	259.306847
15.602600	254.970956
15.587300	250.481535
15.573700	246.356151
15.560100	242.098332
15.546500	237.702513
15.532900	233.162928
15.521000	229.068191
15.509100	224.854752
15.497200	220.518444
15.485300	216.055027
15.473400	211.460200
15.463200	207.413884
15.453000	203.265054
15.442800	199.010915
15.432600	194.648657
15.422400	190.175447
15.412200	185.588431
15.402000	180.884735
15.393500	176.873765
15.385000	172.778061
15.376500	168.595917
15.368000	164.325606
15.359500	159.965388
15.351000	155.513500
15.342500	150.968157
15.334000	146.327550
15.325500	141.589845
15.317000	136.753180
15.308500	131.815665
15.301700	127.791751
15.294900	123.701069
15.288100	119.542607
15.281300	115.315346
15.274500	111.018249
15.267700	106.650270
15.260900	102.210350
0.000000	0.000000
& cycle # 1, chisq = 673.632228, e = 40.877884
17.000000	326.610088
16.092200	322.585923
15.976600	318.512208
15.913700	314.435867
15.867800	310.386732
15.830400	306.313905
15.798100	302.176055
15.769200	297.944629
15.743700	293.767794
15.719900	289.473940
15.697800	285.129551
15.677400	280.802526
15.658700	276.560399
15.641700	272.468851
15.624700	268.147977
15.609400	264.058802
15.594100	259.775857
15.578800	255.295345
15.565200	251.143738
15.551600	246.830360
15.538000	242.352558
15.526100	238.297542
15.514200	234.112908
15.502300	229.796976
15.490400	225.348119
15.478500	220.764777
15.468300	216.728032
15.458100	212.590507
15.447900	208.351365
15.437700	204.009823
15.427500	199.565149
15.417300	195.016664
15.407100	190.363740
15.396900	185.605797
15.388400	181.560235
15.379900	177.441084
15.371400	173.248074
15.362900	168.980953
15.354400	164.639482
15.345900	160.223432
15.337400	155.732587
15.328900	151.166735
15.320400	146.525672
15.311900	141.809199
15.303400	137.017117
15.294900	132.149232
15.286400	127.205350
15.279600	123.195395
15.272800	119.136579
15.266000	115.028804
15.259200	110.871971
15.252400	106.665983
15.245600	102.410745
0.000000	0.000000
& cycle # 2, chisq = 744.001401, e = 40.877884
17.000000	459.816591
16.996600	454.570372
16.993200	449.528172
16.989800	444.681860
16.986400	440.025210
16.983000	435.552786
16.979600	431.259367
16.976200	427.139701
16.971100	421.274274
16.966000	415.769502
16.960900	410.607310
16.955800	405.770227
16.950700	401.241647
16.945600	397.005899
16.938800	391.788289
16.932000	387.032012
16.925200	382.705880
16.916700	377.857932
16.908200	373.580381
16.898000	369.126766
16.886100	364.761856
16.872500	360.721449
16.853800	356.537732
16.824900	352.457768
16.619200	348.456179
16.495100	344.455789
16.372700	340.435663
16.031000	336.413166
15.966400	332.389082
15.923900	328.309537
15.889900	324.125692
15.861000	319.891262
15.835500	315.623811
15.813400	311.518458
15.793000	307.393882
15.774300	303.333153
15.755600	299.009261
15.738600	294.855479
15.721600	290.495821
15.706300	286.402413
15.691000	282.154925
15.675700	277.760641
15.662100	273.737837
15.648500	269.611425
15.634900	265.387825
15.621300	261.073765
15.607700	256.676248
15.594100	252.202505
15.580500	247.659973
15.568600	243.634805
15.556700	239.567989
15.544800	235.464806
15.532900	231.330615
15.521000	227.170852
15.509100	222.991026
15.497200	218.796713
15.485300	214.593557
15.473400	210.387261
15.461500	206.183582
15.449600	201.988317
15.437700	197.807293
15.425800	193.646354
15.413900	189.511337
15.402000	185.408055
15.390100	181.342273
15.378200	177.319686
15.364600	172.782513
15.351000	168.317232
15.337400	163.931754
15.323800	159.633700
15.310200	155.430354
15.296600	151.328638
15.281300	146.843793
15.266000	142.504475
15.250700	138.318646
15.235400	134.293547
15.218400	130.017622
15.201400	125.956012
15.182700	121.743768
15.162300	117.462177
15.140200	113.201044
15.116400	109.057252
15.089200	104.889569
15.056900	100.720527
0.000000	0.000000
& cycle # 3, chisq = 686.604917, e = 40.877884
17.000000	394.427910
16.960900	390.302469
16.913300	386.181678
16.848700	382.095477
16.711000	378.077294
16.337000	374.009338
16.260500	369.900422
16.207800	365.892532
16.163600	361.733456
16.126200	357.622756
16.092200	353.408000
16.061600	349.227253
16.034400	345.207597
16.008900	341.184969
15.983400	336.921529
15.959600	332.729645
15.937500	328.657262
15.915400	324.415611
15.895000	320.353895
15.874600	316.155980
15.854200	311.826755
15.835500	307.747705
15.816800	303.567743
15.798100	299.291916
15.779400	294.925439
15.762400	290.881668
15.745400	286.771206
15.728400	282.597839
15.711400	278.365226
15.694400	274.076908
15.677400	269.736338
15.660400	265.346933
15.643400	260.912126
15.628100	256.884879
15.612800	252.826340
15.597500	248.739254
15.582200	244.626470
15.566900	240.490943
15.551600	236.335712
15.536300	232.163877
15.521000	227.978562
15.505700	223.782879
15.490400	219.579887
15.475100	215.372561
15.459800	211.163756
15.444500	206.956193
15.429200	202.752449
15.413900	198.554950
15.398600	194.365992
15.383300	190.187748
15.368000	186.022303
15.352700	181.871671
15.337400	177.737830
15.322100	173.622746
15.306800	169.528389
15.291500	165.456751
15.276200	161.409848
15.260900	157.389721
15.243900	152.956814
15.226900	148.562304
15.209900	144.208955
15.192900	139.899441
15.175900	135.636305
15.158900	131.421919
15.141900	127.258455
15.124900	123.147861
15.107900	119.091859
15.089200	114.695087
15.070500	110.367877
15.051800	106.111671
15.033100	101.927704
0.000000	0.000000
& cycle # 4, chisq = 667.839048, e = 40.877884
17.000000	319.209609
16.150000	315.185998
16.015700	311.176881
15.946000	307.150607
15.895000	303.136263
15.852500	299.018838
15.816800	294.982077
15.784500	290.857649
15.755600	286.778345
15.728400	282.597974
15.702900	278.374936
15.679100	274.165655
15.657000	270.024150
15.636600	266.001659
15.616200	261.787782
15.597500	257.757722
15.578800	253.568941
15.560100	249.223335
15.543100	245.138747
15.526100	240.928759
15.509100	236.595844
15.493800	232.593335
15.478500	228.495498
15.463200	224.304469
15.447900	220.022425
15.432600	215.651563
15.417300	211.194098
15.403700	207.161002
15.390100	203.062823
15.376500	198.901170
15.362900	194.677694
15.349300	190.394100
15.335700	186.052165
15.322100	181.653746
15.308500	177.200796
15.294900	172.695370
15.281300	168.139627
15.269400	164.113854
15.257500	160.052867
15.245600	155.958300
15.233700	151.831829
15.221800	147.675172
15.209900	143.490072
15.198000	139.278293
15.186100	135.041609
15.174200	130.781790
15.162300	126.500598
15.150400	122.199777
15.138500	117.881046
15.126600	113.546095
15.114700	109.196583
15.102800	104.834132
15.090900	100.460335
0.000000	0.000000
& cycle # 5, chisq = 940.783345, e = 40.877884
17.000000	412.430298
16.950700	408.394735
16.639600	404.368276
16.534200	400.290026
16.467900	396.203259
16.415200	392.131897
16.369300	388.022454
16.328500	383.957974
16.291100	379.907530
16.255400	375.758799
16.221400	371.556772
16.189100	367.344802
16.158500	363.163413
16.129600	359.048317
16.102400	355.029910
16.075200	350.870133
16.049700	346.840134
16.024200	342.681753
15.998700	338.392734
15.974900	334.270200
15.951100	330.031244
15.929000	325.990019
15.906900	321.846687
15.884800	317.599860
15.864400	313.586083
15.844000	309.480193
15.823600	305.279510
15.803200	300.980975
15.784500	296.951900
15.765800	292.835314
15.747100	288.628763
15.728400	284.329953
15.709700	279.936779
15.692700	275.859475
15.675700	271.701232
15.658700	267.460724
15.641700	263.136599
15.624700	258.727414
15.609400	254.685119
15.594100	250.571378
15.578800	246.384796
15.563500	242.123858
15.548200	237.786943
15.532900	233.372349
15.517600	228.878323
15.504000	224.815522
15.490400	220.687342
15.476800	216.492592
15.463200	212.230138
15.449600	207.898907
15.436000	203.497904
15.422400	199.026209
15.408800	194.482981
15.396900	190.448367
15.385000	186.357910
15.373100	182.211156
15.361200	178.007671
15.349300	173.747029
15.337400	169.428806
15.325500	165.052573
15.313600	160.617886
15.301700	156.124281
15.289800	151.571274
15.277900	146.958356
15.267700	142.956337
15.257500	138.909562
15.247300	134.817672
15.237100	130.680304
15.226900	126.497090
15.216700	122.267663
15.206500	117.991662
15.196300	113.668736
15.186100	109.298546
15.175900	104.880775
15.165700	100.415125
0.000000	0.000000
& cycle # 1, chisq = 678.458564, e = 41.117166
17.000000	459.816591
16.989800	455.784535
16.977900	451.539357
16.964300	447.238316
16.949000	443.017784
16.932000	438.989764
16.911600	434.940817
16.886100	430.868259
16.852100	426.743141
16.804500	422.721327
16.726300	418.655105
16.602200	414.609744
16.484900	410.560503
16.405000	406.552847
16.345500	402.455263
16.297900	398.303642
16.258800	394.216638
16.224800	390.115967
16.194200	385.965338
16.167000	381.899170
16.141500	377.760967
16.117700	373.612994
16.095600	369.515188
16.073500	365.182503
16.053100	360.977719
16.034400	356.953807
16.015700	352.772309
15.997000	348.438950
15.980000	344.373645
15.963000	340.194820
15.946000	335.909457
15.929000	331.525215
15.913700	327.501634
15.898400	323.410893
15.883100	319.259488
15.867800	315.054076
15.852500	310.801438
15.837200	306.508471
15.821900	302.182186
15.806600	297.829728
15.791300	293.458394
15.776000	289.075661
15.760700	284.689197
15.745400	280.306870
15.730100	275.936733
15.714800	271.586997
15.699500	267.265983
15.684200	262.982069
15.668900	258.743611
15.653600	254.558876
15.638300	250.435965
15.623000	246.382745
15.606000	241.970100
15.589000	237.662725
15.572000	233.469940
15.555000	229.400467
15.536300	225.076134
15.517600	220.920767
15.497200	216.591008
15.476800	212.483795
15.454700	208.296380
15.430900	204.103149
15.405400	199.985893
15.376500	195.800379
15.344200	191.734251
15.305100	187.671033
15.252400	183.623298
15.140200	179.615650
14.880100	175.577622
14.832500	171.450036
14.800200	167.300922
14.774700	163.106295
14.754300	159.094454
14.735600	154.857005
14.718600	150.505224
14.703300	146.155807
14.689700	141.926660
14.676100	137.339421
14.664200	133.019396
14.652300	128.402471
14.642100	124.200756
14.631900	119.766448
14.621700	115.092896
14.613200	111.010735
14.604700	106.754017
14.596200	102.318945
0.000000	0.000000
& cycle # 3, chisq = 727.015260, e = 41.117166
17.000000	394.427910
16.960900	390.365752
16.915000	386.296994
16.857200	382.283646
16.763700	378.240596
16.360800	374.214174
16.269000	370.189046
16.211200	366.181399
16.165300	362.097723
16.126200	357.956780
16.092200	353.850374
16.061600	349.753029
16.032700	345.539025
16.005500	341.273702
15.980000	337.017504
15.956200	332.825537
15.934100	328.747810
15.912000	324.496501
15.891600	320.422807
15.871200	316.210788
15.850800	311.866205
15.832100	307.772760
15.813400	303.578858
15.794700	299.290296
15.776000	294.913044
15.759000	290.861825
15.742000	286.746747
15.725000	282.572186
15.708000	278.342400
15.691000	274.061548
15.674000	269.733714
15.657000	265.362965
15.640000	260.953400
15.623000	256.509205
15.607700	252.483387
15.592400	248.436267
15.577100	244.371203
15.561800	240.291643
15.546500	236.201107
15.531200	232.103156
15.515900	228.001351
15.500600	223.899220
15.485300	219.800210
15.470000	215.707664
15.454700	211.624783
15.439400	207.554618
15.424100	203.500058
15.408800	199.463833
15.393500	195.448530
15.376500	191.014611
15.359500	186.612789
15.342500	182.246188
15.325500	177.917865
15.308500	173.630849
15.291500	169.388158
15.274500	165.192816
15.257500	161.047843
15.240500	156.956237
15.223500	152.920943
15.204800	148.550561
15.186100	144.255371
15.167400	140.038717
15.148700	135.903625
15.130000	131.852763
15.109600	127.532389
15.089200	123.317450
15.068800	119.209933
15.046700	114.883148
15.024600	110.685805
15.002500	106.619104
14.978700	102.386793
0.000000	0.000000
& cycle # 4, chisq = 680.481176, e = 41.117166
17.000000	319.209609
16.150000	315.199118
16.020800	311.161022
15.951100	307.091937
15.900100	303.071049
15.857600	298.972722
15.820200	294.771044
15.787900	290.680160
15.759000	286.651077
15.731800	282.538165
15.706300	278.398498
15.682500	274.286571
15.660400	270.253956
15.638300	266.015762
15.617900	261.922574
15.597500	257.657759
15.578800	253.600035
15.560100	249.403356
15.541400	245.071095
15.524400	241.018256
15.507400	236.859719
15.490400	232.598859
15.473400	228.239189
15.458100	224.233975
15.442800	220.154289
15.427500	216.002794
15.412200	211.782160
15.396900	207.495067
15.381600	203.144223
15.366300	198.732377
15.351000	194.262345
15.337400	190.242487
15.323800	186.181073
15.310200	182.080305
15.296600	177.942472
15.283000	173.769960
15.269400	169.565241
15.255800	165.330877
15.242200	161.069502
15.228600	156.783813
15.215000	152.476554
15.201400	148.150495
15.187800	143.808415
15.174200	139.453081
15.160600	135.087234
15.147000	130.713573
15.133400	126.334739
15.119800	121.953315
15.106200	117.571812
15.092600	113.192676
15.079000	108.818288
15.065400	104.450969
15.051800	100.092992
0.000000	0.000000
& cycle # 5, chisq = 956.426024, e = 41.117166
17.000000	333.668497
16.231600	329.658694
16.059900	325.622170
15.990200	321.613206
15.939200	317.481459
15.898400	313.359764
15.864400	309.333543
15.833800	305.229079
15.806600	301.185189
15.781100	297.047384
15.757300	292.877426
15.735200	288.736240
15.714800	284.682666
15.694400	280.407639
15.675700	276.295362
15.657000	271.999613
15.640000	267.936917
15.623000	263.726144
15.606000	259.369334
15.590700	255.325152
15.575400	251.166138
15.560100	246.894050
15.544800	242.510732
15.529500	238.018128
15.515900	233.934629
15.502300	229.767973
15.488700	225.519833
15.475100	221.192011
15.461500	216.786452
15.447900	212.305250
15.434300	207.750655
15.422400	203.707059
15.410500	199.610803
15.398600	195.463661
15.386700	191.267474
15.374800	187.024142
15.362900	182.735613
15.351000	178.403865
15.339100	174.030902
15.327200	169.618737
15.315300	165.169384
15.303400	160.684849
15.291500	156.167124
15.279600	151.618180
15.267700	147.039968
15.255800	142.434417
15.243900	137.803436
15.232000	133.148917
15.221800	129.142024
15.211600	125.120403
15.201400	121.085238
15.191200	117.037716
15.181000	112.979030
15.170800	108.910384
15.160600	104.832995
15.150400	100.748091
0.000000	0.000000
& cycle # 6, chisq = 733.611136, e = 41.117166
17.000000	412.430298
16.986400	408.330693
16.971100	403.907608
16.955800	399.681376
16.940500	395.660324
16.923500	391.434172
16.904800	387.073373
16.886100	383.013632
16.865700	378.930028
16.843600	374.906065
16.818100	370.759897
16.789200	366.677002
16.755200	362.672281
16.711000	358.648453
16.641300	354.592695
16.286000	350.563024
16.189100	346.505941
16.131300	342.391484
16.087100	338.293607
16.049700	334.153638
16.017400	330.072044
15.988500	326.021205
15.961300	321.868114
15.935800	317.680831
15.912000	313.523186
15.889900	309.453408
15.867800	305.188804
15.847400	301.085028
15.827000	296.826180
15.808300	292.790690
15.789600	288.633939
15.770900	284.360658
15.752200	279.975965
15.735200	275.897868
15.718200	271.736789
15.701200	267.497527
15.684200	263.185134
15.667200	258.804843
15.650200	254.361993
15.634900	250.314375
15.619600	246.224303
15.604300	242.095580
15.589000	237.931913
15.573700	233.736893
15.558400	229.514003
15.543100	225.266623
15.527800	220.998055
15.512500	216.711545
15.497200	212.410315
15.481900	208.097592
15.466600	203.776628
15.451300	199.450718
15.436000	195.123208
15.420700	190.797488
15.405400	186.476984
15.390100	182.165128
15.374800	177.865338
15.359500	173.580978
15.344200	169.315327
15.328900	165.071546
15.313600	160.852648
15.298300	156.661482
15.283000	152.500713
15.267700	148.372823
15.252400	144.280113
15.237100	140.224714
15.221800	136.208607
15.204800	131.794600
15.187800	127.433780
15.170800	123.128424
15.153800	118.880725
15.136800	114.692825
15.119800	110.566825
15.102800	106.504791
15.084100	102.112849
0.000000	0.000000
& cycle # 1, chisq = 623.372537, e = 39.461326
17.000000	326.610088
16.595400	322.598272
16.114300	318.592950
16.029300	314.499398
15.974900	310.419479
15.932400	306.322487
15.896700	302.226008
15.866100	298.223482
15.837200	294.019354
15.811700	289.964549
15.787900	285.887275
15.765800	281.849145
15.743700	277.570868
15.723300	273.412197
15.702900	269.057183
15.684200	264.897602
15.665500	260.583289
15.648500	256.531936
15.631500	252.362511
15.614500	248.080163
15.597500	243.690256
15.582200	239.651947
15.566900	235.535126
15.551600	231.344014
15.536300	227.082932
15.521000	222.756316
15.505700	218.368740
15.490400	213.924940
15.475100	209.429830
15.461500	205.395231
15.447900	201.327852
15.434300	197.231542
15.420700	193.110269
15.407100	188.968102
15.393500	184.809198
15.379900	180.637780
15.366300	176.458112
15.352700	172.274470
15.339100	168.091124
15.325500	163.912308
15.311900	159.742200
15.298300	155.584907
15.284700	151.444446
15.271100	147.324743
15.257500	143.229623
15.243900	139.162812
15.230300	135.127941
15.215000	130.631299
15.199700	126.184489
15.184400	121.792324
15.169100	117.459520
15.153800	113.190707
15.138500	108.990434
15.123200	104.863168
15.107900	100.813288
0.000000	0.000000
& cycle # 2, chisq = 653.800366, e = 39.461326
17.000000	459.816591
16.974500	455.609136
16.952400	451.309510
16.933700	447.244015
16.916700	443.240736
16.899700	438.974222
16.884400	434.939777
16.869100	430.751321
16.853800	426.436370
16.838500	422.020128
16.823200	417.527144
16.809600	413.489519
16.796000	409.430027
16.782400	405.367444
16.768800	401.319826
16.755200	397.303849
16.739900	392.842361
16.724600	388.459081
16.709300	384.171433
16.694000	379.995736
16.678700	375.947512
16.661700	371.616736
16.644700	367.479484
16.626000	363.170224
16.607300	359.129338
16.586900	355.039735
16.564800	350.993515
16.539300	346.826223
16.510400	342.750074
16.474700	338.640459
16.425400	334.534301
16.314900	330.514321
16.037800	326.434280
15.981700	322.409617
15.940900	318.276284
15.908600	314.235778
15.879700	310.031928
15.854200	305.859170
15.830400	301.575302
15.808300	297.265851
15.787900	293.010575
15.769200	288.882375
15.750500	284.543713
15.733500	280.423833
15.716500	276.144108
15.699500	271.712617
15.684200	267.601827
15.668900	263.382224
15.653600	259.061138
15.638300	254.646209
15.623000	250.145321
15.609400	246.078881
15.595800	241.956634
15.582200	237.784375
15.568600	233.567938
15.555000	229.313180
15.541400	225.025981
15.527800	220.712245
15.514200	216.377900
15.500600	212.028906
15.487000	207.671258
15.473400	203.310990
15.459800	198.954168
15.446200	194.606893
15.432600	190.275278
15.419000	185.965441
15.405400	181.683475
15.391800	177.435425
15.378200	173.227256
15.364600	169.064825
15.351000	164.953843
15.337400	160.899849
15.322100	156.413860
15.306800	152.014000
15.291500	147.707124
15.276200	143.499667
15.260900	139.397627
15.243900	134.970184
15.226900	130.686720
15.209900	126.553565
15.191200	122.187487
15.172500	118.016897
15.152100	113.696980
15.131700	109.623106
15.109600	105.493399
15.085800	101.381351
0.000000	0.000000
& cycle # 3, chisq = 633.766781, e = 39.461326
17.000000	394.427910
16.993200	389.680449
16.986400	385.340922
16.977900	380.450165
16.969400	376.103391
16.959200	371.541706
16.947300	367.033572
16.933700	362.824615
16.916700	358.760990
16.891200	354.644184
16.816400	350.632004
16.624300	346.597009
16.568200	342.478628
16.522300	338.392586
16.479800	334.360329
16.435600	330.206458
16.388000	326.080637
16.331900	322.026344
16.246900	317.991676
15.929000	313.923603
15.864400	309.824922
15.825300	305.815804
15.794700	301.718794
15.769200	297.594201
15.747100	293.459935
15.726700	289.157638
15.708000	284.786334
15.691000	280.445000
15.675700	276.229954
15.660400	271.716177
15.646800	267.448073
15.633200	262.934997
15.621300	258.782285
15.609400	254.437162
15.597500	249.897779
15.587300	245.851068
15.577100	241.659654
15.566900	237.322863
15.556700	232.840171
15.546500	228.211202
15.536300	223.435721
15.527800	219.344160
15.519300	215.150798
15.510800	210.855708
15.502300	206.459021
15.493800	201.960920
15.485300	197.361643
15.476800	192.661473
15.468300	187.860741
15.459800	182.959821
15.451300	177.959130
15.444500	173.887046
15.437700	169.751650
15.430900	165.553211
15.424100	161.292010
15.417300	156.968346
15.410500	152.582534
15.403700	148.134902
15.396900	143.625798
15.390100	139.055583
15.383300	134.424637
15.376500	129.733356
15.369700	124.982156
15.362900	120.171469
15.356100	115.301748
15.349300	110.373465
15.342500	105.387110
15.335700	100.343196
0.000000	0.000000
& cycle # 4, chisq = 654.131735, e = 39.461326
17.000000	319.209609
16.122800	315.197248
15.998700	311.128638
15.934100	307.057120
15.886500	302.921791
15.849100	298.890017
15.816800	294.798329
15.787900	290.624458
15.762400	286.517235
15.738600	282.308413
15.716500	278.062781
15.696100	273.845122
15.677400	269.719224
15.658700	265.337931
15.641700	261.127816
15.624700	256.696579
15.609400	252.515812
15.594100	248.149497
15.580500	244.110406
15.566900	239.920917
15.553300	235.579505
15.539700	231.084802
15.527800	227.025220
15.515900	222.846589
15.504000	218.548225
15.492100	214.129496
15.480200	209.589811
15.468300	204.928609
15.458100	200.836167
15.447900	196.653720
15.437700	192.380947
15.427500	188.017532
15.417300	183.563166
15.407100	179.017548
15.396900	174.380390
15.386700	169.651415
15.378200	165.640281
15.369700	161.565071
15.361200	157.425663
15.352700	153.221950
15.344200	148.953841
15.335700	144.621266
15.327200	140.224176
15.318700	135.762544
15.310200	131.236368
15.301700	126.645672
15.293200	121.990505
15.284700	117.270945
15.276200	112.487095
15.267700	107.639086
15.259200	102.727075
0.000000	0.000000
& cycle # 5, chisq = 661.383357, e = 39.461326
17.000000	412.430298
16.989800	407.822890
16.979600	403.458256
16.969400	399.322627
16.957500	394.774517
16.945600	390.515539
16.932000	385.986020
16.918400	381.795040
16.903100	377.459041
16.886100	373.084200
16.867400	368.776925
16.847000	364.634719
16.823200	360.465020
16.794300	356.254683
16.758600	352.180032
16.707600	348.132590
16.590300	344.126944
16.228200	340.097800
16.150000	336.021352
16.095600	332.011300
16.051400	327.982502
16.012300	323.809468
15.978300	319.698528
15.947700	315.606854
15.918800	311.397612
15.891600	307.127534
15.866100	302.850673
15.842300	298.617930
15.820200	294.477145
15.799800	290.473311
15.779400	286.293607
15.759000	281.936724
15.740300	277.786444
15.721600	273.486059
15.704600	269.446280
15.687600	265.282509
15.670600	260.995040
15.653600	256.584259
15.638300	252.509464
15.623000	248.335392
15.607700	244.062254
15.592400	239.690175
15.577100	235.219182
15.563500	231.161871
15.549900	227.026242
15.536300	222.812144
15.522700	218.519402
15.509100	214.147833
15.495500	209.697269
15.481900	205.167576
15.470000	201.139119
15.458100	197.049999
15.446200	192.900245
15.434300	188.689932
15.422400	184.419179
15.410500	180.088150
15.398600	175.697046
15.386700	171.246102
15.374800	166.735576
15.362900	162.165738
15.351000	157.536865
15.340800	153.522476
15.330600	149.465074
15.320400	145.364807
15.310200	141.221809
15.300000	137.036193
15.289800	132.808055
15.279600	128.537468
15.269400	124.224484
15.259200	119.869136
15.249000	115.471437
15.238800	111.031385
15.228600	106.548964
15.218400	102.024148
0.000000	0.000000
& cycle # 1, chisq = 619.138166, e = 39.221395
17.000000	326.610088
16.539300	322.609344
16.097300	318.581203
16.020800	314.469471
15.969800	310.444062
15.929000	306.387239
15.893300	302.189280
15.862700	298.091632
15.835500	294.052808
15.810000	289.921959
15.786200	285.762767
15.764100	281.637072
15.743700	277.603924
15.723300	273.356607
15.704600	269.277457
15.685900	265.023660
15.668900	261.008110
15.651900	256.854477
15.634900	252.566309
15.617900	248.147416
15.602600	244.061952
15.587300	239.876870
15.572000	235.595276
15.556700	231.220351
15.541400	226.755362
15.527800	222.713593
15.514200	218.605766
15.500600	214.434421
15.487000	210.202205
15.473400	205.911885
15.459800	201.566359
15.446200	197.168658
15.432600	192.721951
15.419000	188.229532
15.405400	183.694816
15.391800	179.121317
15.379900	175.090518
15.368000	171.035225
15.356100	166.957906
15.344200	162.861038
15.332300	158.747096
15.320400	154.618537
15.308500	150.477799
15.296600	146.327284
15.284700	142.169359
15.272800	138.006350
15.260900	133.840540
15.249000	129.674173
15.237100	125.509452
15.225200	121.348545
15.213300	117.193594
15.201400	113.046714
15.189500	108.910005
15.177600	104.785553
15.165700	100.675440
0.000000	0.000000
& cycle # 2, chisq = 634.169755, e = 39.221395
17.000000	459.816591
16.967700	455.737474
16.942200	451.537305
16.920100	447.244676
16.901400	443.172718
16.884400	439.156113
16.867400	434.876773
16.852100	430.829898
16.836800	426.623125
16.821500	422.281100
16.806200	417.830114
16.792600	413.804757
16.779000	409.735290
16.765400	405.641043
16.751800	401.540128
16.738200	397.449231
16.724600	393.383782
16.711000	389.358315
16.695700	384.894840
16.680400	380.518960
16.665100	376.249275
16.649800	372.103244
16.634500	368.096644
16.617500	363.824925
16.600500	359.757526
16.581800	355.533610
16.561400	351.238111
16.539300	346.964757
16.515500	342.814595
16.488300	338.650860
16.456000	334.500865
16.415200	330.435905
16.350600	326.367264
16.048000	322.328685
15.973200	318.259644
15.927300	314.121190
15.891600	309.929970
15.862700	305.884050
15.837200	301.818463
15.813400	297.601411
15.791300	293.320869
15.770900	289.060744
15.752200	284.899246
15.733500	280.497841
15.716500	276.293988
15.699500	271.903454
15.684200	267.798126
15.668900	263.552921
15.653600	259.174000
15.638300	254.667940
15.624700	250.561403
15.611100	246.364921
15.597500	242.083685
15.583900	237.723008
15.570300	233.288304
15.556700	228.785083
15.543100	224.218938
15.531200	220.176409
15.519300	216.093919
15.507400	211.975387
15.495500	207.824797
15.483600	203.646190
15.471700	199.443673
15.459800	195.221415
15.447900	190.983643
15.436000	186.734637
15.424100	182.478721
15.412200	178.220254
15.400300	173.963615
15.388400	169.713185
15.376500	165.473336
15.364600	161.248409
15.352700	157.042700
15.340800	152.860440
15.328900	148.705780
15.317000	144.582777
15.305100	140.495382
15.293200	136.447427
15.281300	132.442622
15.267700	127.923123
15.254100	123.469782
15.240500	119.087503
15.226900	114.780962
15.213300	110.554614
15.199700	106.412703
15.186100	102.359264
0.000000	0.000000
& cycle # 3, chisq = 629.433822, e = 39.221395
17.000000	394.427910
16.986400	389.940636
16.969400	385.845984
16.940500	381.759863
16.770500	377.674590
16.717800	373.613266
16.682100	369.585942
16.651500	365.492296
16.622600	361.238412
16.595400	357.028635
16.569900	353.017704
16.542700	348.787857
16.515500	344.715132
16.486600	340.661358
16.454300	336.566071
16.416900	332.505464
16.369300	328.502562
16.282600	324.462321
15.998700	320.405866
15.942600	316.404479
15.903500	312.287430
15.872900	308.231473
15.845700	303.988666
15.821900	299.779480
15.799800	295.459003
15.779400	291.125566
15.760700	286.870136
15.743700	282.774515
15.726700	278.471137
15.711400	274.428194
15.696100	270.232147
15.680800	265.891284
15.665500	261.414574
15.651900	257.329016
15.638300	253.150955
15.624700	248.888022
15.611100	244.548254
15.597500	240.140070
15.583900	235.672250
15.570300	231.153902
15.556700	226.594422
15.544800	222.578704
15.532900	218.545442
15.521000	214.501287
15.509100	210.452942
15.497200	206.407127
15.485300	202.370550
15.473400	198.349883
15.459800	193.782785
15.446200	189.254804
15.432600	184.775464
15.419000	180.354064
15.405400	175.999648
15.391800	171.720987
15.378200	167.526556
15.364600	163.424524
15.351000	159.422729
15.335700	155.049850
15.320400	150.823447
15.305100	146.753038
15.288100	142.424064
15.271100	138.309697
15.252400	134.043550
15.232000	129.712640
15.209900	125.414438
15.186100	121.255084
15.158900	117.105710
15.126600	113.012047
15.084100	108.957231
15.004200	104.924956
14.773000	100.819725
0.000000	0.000000
& cycle # 4, chisq = 635.554965, e = 39.221395
17.000000	319.209609
16.250300	315.202692
16.059900	311.179469
15.988500	307.144584
15.937500	303.069439
15.896700	298.995271
15.861000	294.788505
15.830400	290.682338
15.803200	286.633091
15.777700	282.489446
15.753900	278.315236
15.731800	274.172005
15.711400	270.118064
15.691000	265.843302
15.672300	261.730656
15.653600	257.432610
15.636600	253.365025
15.619600	249.145777
15.602600	244.776248
15.587300	240.716697
15.572000	236.538576
15.556700	232.243855
15.541400	227.834786
15.527800	223.821634
15.514200	219.722005
15.500600	215.537906
15.487000	211.271430
15.473400	206.924731
15.459800	202.500010
15.446200	197.999493
15.432600	193.425424
15.420700	189.364556
15.408800	185.250626
15.396900	181.085169
15.385000	176.869734
15.373100	172.605894
15.361200	168.295249
15.349300	163.939439
15.337400	159.540147
15.325500	155.099109
15.313600	150.618119
15.301700	146.099031
15.289800	141.543763
15.277900	136.954297
15.266000	132.332677
15.254100	127.681002
15.243900	123.671560
15.233700	119.642994
15.223500	115.596702
15.213300	111.534094
15.203100	107.456588
15.192900	103.365608
0.000000	0.000000
& cycle # 5, chisq = 662.287151, e = 39.221395
17.000000	412.430298
16.967700	408.298599
16.913300	404.227104
16.595400	400.202062
16.500200	396.188621
16.437300	392.078815
16.388000	388.048851
16.345500	384.033974
16.306400	379.922119
16.270700	375.831576
16.236700	371.647499
16.204400	367.422635
16.173800	363.206596
16.144900	359.043815
16.117700	354.972290
16.090500	350.756307
16.065000	346.674851
16.039500	342.469649
16.015700	338.433796
15.991900	334.291603
15.968100	330.044280
15.946000	326.007527
15.923900	321.882645
15.901800	317.670551
15.879700	313.371582
15.859300	309.325845
15.838900	305.204798
15.818500	301.006979
15.798100	296.730538
15.777700	292.373410
15.759000	288.306696
15.740300	284.168860
15.721600	279.958475
15.702900	275.674246
15.684200	271.314977
15.667200	267.285905
15.650200	263.192931
15.633200	259.035027
15.616200	254.811003
15.599200	250.519462
15.582200	246.158773
15.565200	241.727071
15.549900	237.676102
15.534600	233.564275
15.519300	229.389847
15.504000	225.151019
15.488700	220.845967
15.473400	216.472877
15.458100	212.029969
15.444500	208.020711
15.430900	203.953759
15.417300	199.827986
15.403700	195.642304
15.390100	191.395649
15.376500	187.086974
15.362900	182.715230
15.349300	178.279351
15.335700	173.778234
15.322100	169.210729
15.310200	165.158747
15.298300	161.054146
15.286400	156.896016
15.274500	152.683401
15.262600	148.415296
15.250700	144.090650
15.238800	139.708372
15.226900	135.267335
15.215000	130.766387
15.203100	126.204352
15.191200	121.580048
15.181000	117.565899
15.170800	113.504386
15.160600	109.394774
15.150400	105.236339
15.140200	101.028367
0.000000	0.000000
& cycle # 1, chisq = 668.366591, e = 40.910155
17.000000	326.610088
16.141500	322.599080
16.010600	318.598994
15.942600	314.477664
15.893300	310.347223
15.854200	306.296461
15.820200	302.166317
15.789600	297.932326
15.762400	293.735313
15.738600	289.714278
15.716500	285.679891
15.694400	281.348997
15.674000	277.083013
15.655300	272.942862
15.636600	268.580320
15.619600	264.419405
15.602600	260.071115
15.587300	255.996169
15.572000	251.767112
15.556700	247.382911
15.543100	243.354807
15.529500	239.202713
15.515900	234.926065
15.502300	230.524386
15.488700	225.997308
15.476800	221.933055
15.464900	217.772533
15.453000	213.515762
15.441100	209.162855
15.429200	204.714022
15.417300	200.169568
15.405400	195.529893
15.395200	191.477605
15.385000	187.356064
15.374800	183.165659
15.364600	178.906811
15.354400	174.579970
15.344200	170.185606
15.334000	165.724208
15.323800	161.196277
15.313600	156.602320
15.303400	151.942850
15.293200	147.218380
15.283000	142.429424
15.274500	138.389735
15.266000	134.305915
15.257500	130.178256
15.249000	126.007055
15.240500	121.792606
15.232000	117.535207
15.223500	113.235160
15.215000	108.892772
15.206500	104.508355
15.198000	100.082230
0.000000	0.000000
& cycle # 2, chisq = 750.948884, e = 40.910155
17.000000	459.816591
16.575000	455.761572
16.501900	451.717007
16.452600	447.613729
16.413500	443.425423
16.381200	439.288523
16.352300	435.044937
16.326800	430.864683
16.303000	426.588849
16.280900	422.292653
16.260500	418.048877
16.241800	413.926531
16.223100	409.586037
16.206100	405.455594
16.189100	401.155057
16.173800	397.144518
16.158500	393.006825
16.143200	388.747772
16.127900	384.373507
16.112600	379.890470
16.099000	375.819643
16.085400	371.673038
16.071800	367.455712
16.058200	363.172925
16.044600	358.830172
16.031000	354.433206
16.017400	349.988060
16.003800	345.501050
15.990200	340.978773
15.976600	336.428080
15.963000	331.856037
15.951100	327.843675
15.939200	323.825430
15.927300	319.806260
15.915400	315.791128
15.903500	311.784973
15.889900	307.223773
15.876300	302.687874
15.862700	298.184318
15.849100	293.719984
15.835500	289.301581
15.821900	284.935649
15.808300	280.628567
15.794700	276.386563
15.781100	272.215725
15.767500	268.122003
15.753900	264.111215
15.738600	259.705264
15.723300	255.419282
15.708000	251.260798
15.692700	247.236979
15.675700	242.932192
15.658700	238.810475
15.640000	234.497100
15.621300	230.423188
15.600900	226.260383
15.578800	222.089890
15.555000	217.999292
15.527800	213.836233
15.497200	209.801315
15.459800	205.779341
15.407100	201.709367
15.167400	197.701489
15.056900	193.643580
15.014400	189.444753
14.985500	185.349592
14.961700	181.087353
14.941300	176.717637
14.924300	172.525270
14.909000	168.293058
14.895400	164.144529
14.881800	159.613450
14.869900	155.320798
14.858000	150.709418
14.847800	146.493981
14.837600	142.027920
14.827400	137.303640
14.818900	133.164014
14.810400	128.835406
14.801900	124.313428
14.793400	119.593693
14.784900	114.671818
14.778100	110.585834
14.771300	106.365437
14.764500	102.008390
0.000000	0.000000
& cycle # 3, chisq = 697.536106, e = 40.910155
17.000000	394.427910
16.971100	390.403545
16.938800	386.217982
16.904800	382.208520
16.865700	378.151651
16.818100	374.035779
16.755200	369.986968
16.631100	365.986923
16.260500	361.931797
16.185700	357.847721
16.134700	353.839266
16.092200	349.671283
16.056500	345.569611
16.024200	341.382877
15.995300	337.255526
15.968100	333.044988
15.942600	328.813964
15.918800	324.621146
15.896700	320.521125
15.874600	316.227071
15.854200	312.096421
15.833800	307.811487
15.815100	303.753733
15.796400	299.577459
15.777700	295.288545
15.759000	290.893038
15.742000	286.809752
15.725000	282.647966
15.708000	278.412193
15.691000	274.106906
15.674000	269.736569
15.657000	265.305683
15.641700	261.269907
15.626400	257.192247
15.611100	253.076264
15.595800	248.925652
15.580500	244.744242
15.565200	240.535993
15.549900	236.304969
15.534600	232.055311
15.519300	227.791197
15.504000	223.516798
15.488700	219.236241
15.473400	214.953566
15.458100	210.672697
15.442800	206.397418
15.427500	202.131363
15.412200	197.878016
15.396900	193.640715
15.381600	189.422674
15.366300	185.227002
15.351000	181.056733
15.335700	176.914843
15.320400	172.804282
15.305100	168.727984
15.289800	164.688879
15.272800	160.248170
15.255800	155.861002
15.238800	151.531343
15.221800	147.263091
15.204800	143.060028
15.187800	138.925771
15.170800	134.863734
15.152100	130.482679
15.133400	126.196666
15.114700	122.009099
15.096000	117.922950
15.075600	113.584002
15.055200	109.371611
15.034800	105.288144
15.012700	101.012182
0.000000	0.000000
& cycle # 4, chisq = 674.938082, e = 40.910155
17.000000	319.209609
16.168700	315.208138
16.029300	311.205488
15.957900	307.115843
15.905200	302.975267
15.862700	298.863240
15.827000	294.844217
15.794700	290.750096
15.765800	286.712839
15.738600	282.588128
15.713100	278.434309
15.689300	274.306958
15.667200	270.258490
15.645100	266.003297
15.624700	261.893654
15.604300	257.611872
15.585600	253.538334
15.566900	249.325779
15.548200	244.977791
15.531200	240.910991
15.514200	236.739032
15.497200	232.465531
15.480200	228.094268
15.464900	224.079755
15.449600	219.992071
15.434300	215.834104
15.419000	211.608745
15.403700	207.318894
15.388400	202.967464
15.373100	198.557401
15.357800	194.091704
15.344200	190.077976
15.330600	186.024949
15.317000	181.934923
15.303400	177.810286
15.289800	173.653510
15.276200	169.467156
15.262600	165.253872
15.249000	161.016379
15.235400	156.757465
15.221800	152.479966
15.208200	148.186749
15.194600	143.880694
15.181000	139.564672
15.167400	135.241531
15.153800	130.914077
15.140200	126.585061
15.126600	122.257167
15.113000	117.933010
15.099400	113.615130
15.085800	109.305993
15.072200	105.007999
15.058600	100.723485
0.000000	0.000000
& cycle # 5, chisq = 907.040210, e = 40.910155
17.000000	412.430298
16.988100	408.005792
16.974500	403.503741
16.959200	399.075112
16.942200	394.869494
16.921800	390.698504
16.896300	386.621863
16.858900	382.483348
16.777300	378.462415
16.461100	374.417156
16.384600	370.408387
16.328500	366.386520
16.280900	362.278057
16.240100	358.260918
16.202700	354.189385
16.168700	350.178563
16.136400	346.107317
16.105800	342.023972
16.076900	337.969483
16.048000	333.724438
16.020800	329.555651
15.995300	325.495210
15.969800	321.288414
15.946000	317.231161
15.922200	313.048571
15.898400	308.741246
15.876300	304.629725
15.854200	300.409486
15.832100	296.078716
15.811700	291.980806
15.791300	287.784199
15.770900	283.486338
15.752200	279.455477
15.733500	275.335447
15.714800	271.124446
15.696100	266.820776
15.677400	262.422804
15.660400	258.341425
15.643400	254.179425
15.626400	249.935346
15.609400	245.607537
15.592400	241.194119
15.577100	237.147094
15.561800	233.027285
15.546500	228.832826
15.531200	224.561727
15.515900	220.211907
15.500600	215.781229
15.487000	211.773223
15.473400	207.698114
15.459800	203.554415
15.446200	199.340676
15.432600	195.055483
15.419000	190.697468
15.405400	186.265298
15.391800	181.757674
15.379900	177.750597
15.368000	173.683910
15.356100	169.556749
15.344200	165.368234
15.332300	161.117458
15.320400	156.803486
15.308500	152.425340
15.296600	147.981998
15.284700	143.472393
15.272800	138.895406
15.260900	134.249872
15.250700	130.212512
15.240500	126.123118
15.230300	121.980884
15.220100	117.784992
15.209900	113.534613
15.199700	109.228909
15.189500	104.867041
15.179300	100.448173
0.000000	0.000000
& cycle # 1, chisq = 623.981990, e = 39.608773
17.000000	326.610088
16.632800	322.585769
16.141500	318.575999
16.049700	314.528569
15.993600	310.525833
15.949400	306.438120
15.912000	302.294392
15.879700	298.194179
15.850800	294.111886
15.823600	289.915279
15.798100	285.674723
15.774300	281.456898
15.752200	277.323113
15.730100	272.988080
15.709700	268.815262
15.689300	264.485502
15.670600	260.385356
15.651900	256.166401
15.633200	251.835651
15.616200	247.807974
15.599200	243.700328
15.582200	239.519293
15.565200	235.271860
15.548200	230.965389
15.531200	226.607547
15.514200	222.206231
15.497200	217.769486
15.481900	213.752823
15.466600	209.719929
15.451300	205.676657
15.436000	201.628787
15.420700	197.582002
15.405400	193.541887
15.390100	189.513927
15.374800	185.503517
15.357800	181.074558
15.340800	176.681042
15.323800	172.330107
15.306800	168.028838
15.289800	163.784267
15.272800	159.603361
15.255800	155.492996
15.238800	151.459914
15.220100	147.120606
15.201400	142.891123
15.182700	138.779392
15.162300	134.436818
15.141900	130.251873
15.121500	126.232311
15.099400	122.072199
15.075600	117.826185
15.050100	113.554219
15.022900	109.320928
14.994000	105.194761
14.961700	101.040214
0.000000	0.000000
& cycle # 2, chisq = 681.811393, e = 39.608773
17.000000	459.816591
16.972800	455.753060
16.949000	451.422094
16.928600	447.186853
16.909900	442.919243
16.892900	438.754473
16.875900	434.357654
16.860600	430.234466
16.845300	425.981317
16.830000	421.623242
16.814700	417.185789
16.799400	412.695857
16.785800	408.683085
16.772200	404.669653
16.756900	400.175833
16.741600	395.726564
16.726300	391.342364
16.711000	387.041932
16.695700	382.842799
16.680400	378.761669
16.663400	374.384673
16.646400	370.192639
16.627700	365.815227
16.609000	361.700006
16.588600	357.524596
16.566500	353.382431
16.542700	349.372194
16.515500	345.362598
16.481500	341.197516
16.437300	337.118414
16.360800	333.108414
16.058200	329.033493
15.993600	324.953508
15.951100	320.905871
15.917100	316.820037
15.888200	312.737246
15.862700	308.666217
15.838900	304.472314
15.816800	300.241679
15.796400	296.054830
15.777700	291.985496
15.759000	287.701833
15.742000	283.628473
15.725000	279.391875
15.708000	275.000084
15.692700	270.922112
15.677400	266.732630
15.662100	262.439072
15.646800	258.049231
15.631500	253.571180
15.617900	249.523335
15.604300	245.418261
15.590700	241.261945
15.577100	237.060419
15.563500	232.819740
15.549900	228.545986
15.536300	224.245254
15.522700	219.923655
15.509100	215.587324
15.495500	211.242422
15.481900	206.895135
15.468300	202.551682
15.454700	198.218302
15.441100	193.901252
15.427500	189.606785
15.413900	185.341137
15.400300	181.110497
15.386700	176.920980
15.373100	172.778597
15.359500	168.689217
15.345900	164.658541
15.330600	160.201037
15.315300	155.832264
15.300000	151.559295
15.284700	147.388766
15.269400	143.326855
15.252400	138.947936
15.235400	134.717294
15.218400	130.641369
15.199700	126.343390
15.181000	122.246275
15.160600	118.012527
15.138500	113.710610
15.114700	109.415611
15.089200	105.208265
15.062000	101.173292
0.000000	0.000000
& cycle # 3, chisq = 639.215219, e = 39.608773
17.000000	394.427910
16.981300	390.231433
16.950700	386.182099
16.770500	382.126104
16.714400	378.048141
16.677000	373.974338
16.646400	369.967610
16.617500	365.747047
16.590300	361.498179
16.564800	357.369966
16.539300	353.192609
16.513800	349.048961
16.488300	345.012743
16.461100	340.898196
16.432200	336.815756
16.399900	332.686349
16.362500	328.563862
16.316600	324.548904
16.245200	320.548274
15.944300	316.511690
15.878000	312.458325
15.837200	308.354071
15.806600	304.327264
15.781100	300.295193
15.759000	296.275332
15.738600	292.114292
15.719900	287.908693
15.702900	283.753042
15.687600	279.737492
15.672300	275.457403
15.658700	271.428534
15.645100	267.186941
15.631500	262.731576
15.619600	258.657309
15.607700	254.418853
15.595800	250.016426
15.583900	245.450544
15.573700	241.407443
15.563500	237.245529
15.553300	232.965637
15.543100	228.568753
15.532900	224.056002
15.522700	219.428647
15.512500	214.688075
15.504000	210.652195
15.495500	206.539666
15.487000	202.351465
15.478500	198.088618
15.470000	193.752193
15.461500	189.343296
15.453000	184.863074
15.444500	180.312708
15.436000	175.693413
15.427500	171.006436
15.419000	166.253057
15.410500	161.434588
15.402000	156.552370
15.393500	151.607778
15.385000	146.602217
15.378200	142.554837
15.371400	138.470111
15.364600	134.348804
15.357800	130.191698
15.351000	125.999589
15.344200	121.773287
15.337400	117.513620
15.330600	113.221429
15.323800	108.897573
15.317000	104.542925
15.310200	100.158375
0.000000	0.000000
& cycle # 4, chisq = 656.241091, e = 39.608773
17.000000	319.209609
16.182300	315.191735
16.029300	311.191055
15.959600	307.147441
15.908600	302.998855
15.867800	298.850248
15.833800	294.780991
15.803200	290.616809
15.776000	286.501249
15.750500	282.279029
15.726700	278.013409
15.704600	273.766261
15.684200	269.597273
15.665500	265.563361
15.646800	261.324235
15.629800	257.291055
15.612800	253.086137
15.595800	248.709078
15.580500	244.622572
15.565200	240.397005
15.549900	236.033008
15.534600	231.531478
15.521000	227.415570
15.507400	223.192815
15.493800	218.864242
15.480200	214.430963
15.466600	209.894148
15.454700	205.840455
15.442800	201.709255
15.430900	197.501396
15.419000	193.217740
15.407100	188.859166
15.395200	184.426571
15.383300	179.920878
15.371400	175.343041
15.359500	170.694057
15.349300	166.653377
15.339100	162.561885
15.328900	158.420307
15.318700	154.229409
15.308500	149.989997
15.298300	145.702922
15.288100	141.369075
15.277900	136.989395
15.267700	132.564861
15.257500	128.096497
15.247300	123.585361
15.237100	119.032552
15.226900	114.439195
15.216700	109.806445
15.206500	105.135478
15.196300	100.427486
0.000000	0.000000
& cycle # 5, chisq = 692.225624, e = 39.608773
17.000000	412.430298
16.969400	408.253305
16.942200	403.987152
16.918400	399.895133
16.896300	395.839563
16.874200	391.590300
16.853800	387.542514
16.833400	383.411149
16.813000	379.229802
16.792600	375.034723
16.772200	370.863600
16.751800	366.751234
16.731400	362.726997
16.709300	358.495451
16.687200	354.424676
16.663400	350.251617
16.637900	346.057505
16.610700	341.933090
16.580100	337.752664
16.546100	333.696342
16.505300	329.651269
16.450900	325.616453
16.345500	321.596408
16.017400	317.583915
15.952800	313.561127
15.908600	309.521928
15.872900	305.409983
15.842300	301.243673
15.815100	297.022350
15.791300	292.917368
15.769200	288.755184
15.748800	284.610070
15.730100	280.553207
15.711400	276.250038
15.694400	272.124906
15.677400	267.797986
15.662100	263.732676
15.646800	259.506968
15.631500	255.122760
15.617900	251.094335
15.604300	246.943957
15.590700	242.673331
15.577100	238.284241
15.563500	233.778551
15.551600	229.741946
15.539700	225.618905
15.527800	221.410837
15.515900	217.119212
15.504000	212.745574
15.492100	208.291544
15.480200	203.758831
15.468300	199.149237
15.458100	195.138403
15.447900	191.073734
15.437700	186.956539
15.427500	182.788177
15.417300	178.570060
15.407100	174.303645
15.396900	169.990429
15.386700	165.631950
15.376500	161.229774
15.366300	156.785492
15.356100	152.300714
15.345900	147.777060
15.335700	143.216157
15.325500	138.619631
15.315300	133.989101
15.305100	129.326178
15.294900	124.632457
15.284700	119.909517
15.274500	115.158919
15.264300	110.382204
15.254100	105.580897
15.245600	101.562107
0.000000	0.000000
& cycle # 1, chisq = 629.502440, e = 39.402901
17.000000	326.610088
16.425400	322.608751
16.065000	318.590795
15.993600	314.531460
15.944300	310.505136
15.905200	306.502805
15.871200	302.394555
15.840600	298.169345
15.813400	293.975253
15.789600	289.955333
15.767500	285.922355
15.745400	281.594706
15.725000	277.334851
15.706300	273.204508
15.687600	268.857582
15.670600	264.717715
15.653600	260.398976
15.638300	256.359682
15.623000	252.176640
15.607700	247.850628
15.592400	243.382534
15.578800	239.292406
15.565200	235.091535
15.551600	230.780727
15.538000	226.360855
15.524400	221.832873
15.512500	217.783032
15.500600	213.652005
15.488700	209.440651
15.476800	205.149916
15.464900	200.780841
15.453000	196.334567
15.441100	191.812338
15.429200	187.215499
15.417300	182.545499
15.407100	178.485576
15.396900	174.374057
15.386700	170.212005
15.376500	166.000525
15.366300	161.740753
15.356100	157.433850
15.345900	153.080999
15.335700	148.683399
15.325500	144.242257
15.315300	139.758785
15.305100	135.234197
15.294900	130.669703
15.284700	126.066510
15.274500	121.425817
15.264300	116.748819
15.254100	112.036703
15.243900	107.290651
15.233700	102.511844
0.000000	0.000000
& cycle # 2, chisq = 628.628420, e = 39.402901
17.000000	459.816591
16.969400	455.794771
16.943900	451.517145
16.921800	447.175294
16.903100	443.072896
16.886100	439.035026
16.869100	434.738682
16.853800	430.678821
16.838500	426.459856
16.823200	422.104825
16.807900	417.638328
16.794300	413.595795
16.780700	409.504956
16.767100	405.384335
16.753500	401.251352
16.739900	397.122080
16.726300	393.011376
16.712700	388.933237
16.699100	384.901159
16.683800	380.436551
16.668500	376.065251
16.653200	371.804710
16.637900	367.670975
16.620900	363.243808
16.603900	359.006921
16.586900	354.973378
16.568200	350.783494
16.547800	346.519665
16.525700	342.273246
16.501900	338.143090
16.474700	333.990352
16.442400	329.835960
16.401600	325.737881
16.340400	321.725915
16.036100	317.676265
15.954500	313.602480
15.906900	309.466816
15.871200	305.387544
15.840600	301.184139
15.815100	297.167311
15.791300	292.989912
15.769200	288.738512
15.748800	284.496704
15.730100	280.343208
15.711400	275.939979
15.694400	271.724736
15.677400	267.312353
15.662100	263.177390
15.646800	258.892095
15.631500	254.461587
15.617900	250.405870
15.604300	246.243786
15.590700	241.979547
15.577100	237.617506
15.563500	233.162152
15.549900	228.618097
15.538000	224.573011
15.526100	220.466900
15.514200	216.303104
15.502300	212.085047
15.490400	207.816244
15.478500	203.500300
15.466600	199.140917
15.454700	194.741889
15.442800	190.307102
15.430900	185.840527
15.419000	181.346212
15.407100	176.828270
15.395200	172.290868
15.383300	167.738210
15.371400	163.174522
15.359500	158.604033
15.347600	154.030959
15.335700	149.459488
15.323800	144.893761
15.311900	140.337861
15.300000	135.795799
15.288100	131.271507
15.276200	126.768830
15.264300	122.291522
15.252400	117.843240
15.240500	113.427551
15.228600	109.047928
15.216700	104.707753
15.204800	100.410327
0.000000	0.000000
& cycle # 3, chisq = 629.067502, e = 39.402901
17.000000	394.427910
16.991500	390.027328
16.981300	385.531613
16.969400	381.235500
16.954100	376.986607
16.932000	372.872733
16.865700	368.870608
16.707600	364.759249
16.663400	360.591145
16.629400	356.562349
16.598800	352.507793
16.569900	348.463602
16.541000	344.358094
16.512100	340.324500
16.481500	336.258769
16.447500	332.119856
16.408400	327.996011
16.359100	323.923586
16.274100	319.887613
15.983400	315.871170
15.923900	311.769264
15.884800	307.725764
15.852500	303.495417
15.825300	299.283776
15.801500	295.106197
15.779400	290.817702
15.759000	286.514894
15.740300	282.287333
15.723300	278.215880
15.706300	273.934598
15.691000	269.908991
15.675700	265.727165
15.660400	261.396766
15.645100	256.926169
15.631500	252.841950
15.617900	248.661011
15.604300	244.390663
15.590700	240.038644
15.577100	235.613090
15.563500	231.122506
15.549900	226.575725
15.538000	222.558350
15.526100	218.511172
15.514200	214.440548
15.502300	210.352909
15.490400	206.254735
15.478500	202.152527
15.466600	198.052777
15.454700	193.961950
15.442800	189.886458
15.430900	185.832643
15.419000	181.806762
15.405400	177.247856
15.391800	172.742492
15.378200	168.299486
15.364600	163.927431
15.351000	159.634690
15.337400	155.429378
15.323800	151.319346
15.310200	147.312162
15.294900	142.936041
15.279600	138.709092
15.264300	134.640545
15.247300	130.316113
15.230300	126.208482
15.211600	121.951712
15.191200	117.632564
15.169100	113.347745
15.145300	109.201983
15.118100	105.064964
15.085800	100.978715
0.000000	0.000000
& cycle # 4, chisq = 632.895397, e = 39.402901
17.000000	319.209609
16.236700	315.203104
16.049700	311.134318
15.978300	307.064400
15.927300	302.953955
15.886500	298.841046
15.852500	294.807255
15.821900	290.681441
15.794700	286.607318
15.769200	282.432632
15.745400	278.221386
15.723300	274.035600
15.702900	269.934403
15.682500	265.603817
15.663800	261.431732
15.645100	257.065689
15.628100	252.928357
15.611100	248.631371
15.595800	244.628375
15.580500	240.497881
15.565200	236.241236
15.549900	231.860084
15.534600	227.356344
15.521000	223.251847
15.507400	219.053845
15.493800	214.764091
15.480200	210.384418
15.466600	205.916718
15.453000	201.362924
15.441100	197.309271
15.429200	193.192533
15.417300	189.014048
15.405400	184.775171
15.393500	180.477271
15.381600	176.121740
15.369700	171.710000
15.357800	167.243509
15.345900	162.723772
15.334000	158.152344
15.322100	153.530842
15.310200	148.860948
15.300000	144.820991
15.289800	140.747911
15.279600	136.642890
15.269400	132.507148
15.259200	128.341942
15.249000	124.148559
15.238800	119.928317
15.228600	115.682559
15.218400	111.412647
15.208200	107.119959
15.198000	102.805884
0.000000	0.000000
& cycle # 5, chisq = 643.911655, e = 39.402901
