10.000000	381.321742
9.969000	377.299219
9.944000	373.250662
9.922000	369.130323
9.902000	364.954136
9.884000	360.881283
9.867000	356.784333
9.851000	352.721615
9.835000	348.479994
9.820000	344.363842
9.805000	340.131565
9.791000	336.089276
9.777000	331.968863
9.763000	327.782665
9.749000	323.545305
9.735000	319.272133
9.721000	314.977067
9.707000	310.671450
9.693000	306.364467
9.679000	302.064561
9.665000	297.780788
9.651000	293.523307
9.637000	289.302852
9.623000	285.129638
9.609000	281.012346
9.595000	276.957718
9.580000	272.688783
9.565000	268.502830
9.550000	264.405050
9.535000	260.401256
9.519000	256.241265
9.503000	252.202853
9.486000	248.052033
9.469000	244.050023
9.451000	239.977063
9.432000	235.861733
9.412000	231.733702
9.391000	227.625160
9.369000	223.571237
9.345000	219.442233
9.319000	215.310941
9.291000	211.246052
9.260000	207.186485
9.225000	203.128938
9.184000	199.045728
9.135000	195.037505
9.071000	191.029171
8.972000	187.005667
8.206000	183.002126
7.525000	179.001674
6.910000	175.001610
5.669000	170.993497
5.465000	166.984259
5.356000	162.941003
5.280000	158.928524
5.217000	154.882236
5.162000	150.854685
5.113000	146.781350
5.071000	142.761891
5.034000	138.668209
5.002000	134.616790
4.973000	130.490865
4.947000	126.414495
4.923000	122.345000
4.900000	118.189211
4.878000	114.004454
4.857000	109.842785
4.837000	105.747788
4.817000	101.540839
0.000000	0.000000
& cycle # 2, chisq = 8184.854767, e = 32.460027
10.000000	312.858440
9.961000	308.804980
9.930000	304.701007
9.903000	300.559817
9.879000	296.504628
9.856000	292.338002
9.835000	288.331928
9.814000	284.180887
9.794000	280.128151
9.774000	276.003240
9.754000	271.833135
9.734000	267.650182
9.714000	263.483883
9.694000	259.355186
9.674000	255.279757
9.654000	251.274290
9.633000	247.164976
9.611000	242.988114
9.589000	238.958122
9.566000	234.910959
9.542000	230.875978
9.516000	226.733234
9.489000	222.696808
9.460000	218.670386
9.428000	214.591709
9.393000	210.551427
9.353000	206.456826
9.307000	202.408619
9.252000	198.399396
9.181000	194.369924
9.077000	190.347236
8.856000	186.339035
7.066000	182.334761
6.701000	178.327518
6.253000	174.325747
5.576000	170.309773
5.460000	166.266679
5.381000	162.211036
5.320000	158.138162
5.269000	154.091130
5.223000	150.000795
5.181000	145.938847
5.142000	141.867579
5.106000	137.787229
5.073000	133.691486
5.043000	129.598872
5.016000	125.564260
4.991000	121.504275
4.968000	117.485294
4.946000	113.391613
4.925000	109.270762
4.905000	105.171947
4.886000	101.141595
0.000000	0.000000
& cycle # 3, chisq = 8182.287562, e = 32.460027
10.000000	353.620797
9.897000	349.582769
9.862000	345.470460
9.836000	341.427999
9.814000	337.401274
9.794000	333.304896
9.776000	329.295146
9.759000	325.257247
9.742000	321.009442
9.726000	316.851043
9.711000	312.835447
9.696000	308.726106
9.681000	304.540736
9.666000	300.297458
9.651000	296.015647
9.637000	292.002193
9.623000	287.988253
9.609000	283.987753
9.594000	279.729727
9.579000	275.512637
9.564000	271.347044
9.549000	267.243137
9.534000	263.211319
9.518000	259.001974
9.502000	254.898487
9.485000	250.665645
9.468000	246.572267
9.450000	242.396161
9.432000	238.386339
9.413000	234.337126
9.393000	230.281761
9.372000	226.256332
9.349000	222.124653
9.325000	218.121389
9.298000	213.983991
9.269000	209.951786
9.236000	205.852135
9.199000	201.837699
9.155000	197.804700
9.100000	193.752418
9.027000	189.750727
8.909000	185.735539
8.526000	181.732707
6.796000	177.732149
6.415000	173.725581
5.612000	169.712228
5.468000	165.682931
5.385000	161.634767
5.325000	157.599511
5.276000	153.553526
5.233000	149.477081
5.194000	145.379967
5.159000	141.368410
5.126000	137.251180
5.096000	133.164090
5.069000	129.145029
5.044000	125.085786
5.021000	121.028467
4.999000	116.834812
4.979000	112.746363
4.960000	108.617309
4.942000	104.490300
4.925000	100.409207
0.000000	0.000000
& cycle # 5, chisq = 8185.408367, e = 32.460027
10.000000	348.878994
9.963000	344.827884
9.935000	340.694426
9.912000	336.658383
9.891000	332.516579
9.872000	328.440712
9.854000	324.320100
9.837000	320.226814
9.820000	315.972909
9.804000	311.850622
9.788000	307.634275
9.773000	303.612870
9.758000	299.543219
9.743000	295.445159
9.728000	291.338019
9.713000	287.238128
9.698000	283.158285
9.683000	279.109187
9.668000	275.101396
9.652000	270.884918
9.636000	266.743122
9.620000	262.689473
9.603000	258.490864
9.586000	254.412346
9.568000	250.231065
9.550000	246.196307
9.531000	242.103166
9.511000	237.987033
9.490000	233.885645
9.468000	229.835348
9.444000	225.701748
9.418000	221.550040
9.390000	217.447229
9.359000	213.339024
9.325000	209.338992
9.285000	205.260862
9.238000	201.238457
9.179000	197.213461
9.098000	193.213213
8.961000	189.198989
8.447000	185.197865
6.912000	181.191972
6.617000	177.177652
6.356000	173.169861
5.589000	169.165153
5.423000	165.163456
5.335000	161.155021
5.270000	157.099090
5.216000	153.072426
5.168000	149.027773
5.125000	144.980456
5.087000	140.966935
5.053000	136.923442
5.022000	132.783759
4.995000	128.782116
4.970000	124.731383
4.947000	120.713547
4.925000	116.623408
4.904000	112.514782
4.884000	108.439520
4.864000	104.230398
4.845000	100.129623
0.000000	0.000000
& cycle # 6, chisq = 8182.087273, e = 32.460027
10.000000	317.908451
9.948000	313.849188
9.914000	309.715679
9.887000	305.662424
9.863000	301.561113
9.841000	297.437641
9.820000	293.233875
9.800000	289.036754
9.781000	284.907950
9.763000	280.897109
9.745000	276.820488
9.727000	272.709494
9.709000	268.590762
9.691000	264.484702
9.673000	260.408819
9.655000	256.381481
9.636000	252.204936
9.617000	248.126359
9.597000	243.957299
9.577000	239.927951
9.556000	235.856848
9.534000	231.777636
9.511000	227.729285
9.486000	223.593231
9.460000	219.590257
9.431000	215.479367
9.399000	211.362294
9.364000	207.347865
9.323000	203.270197
9.274000	199.204709
9.213000	195.198816
9.127000	191.188097
8.970000	187.180928
8.084000	183.178641
6.769000	179.171225
6.432000	175.169325
5.657000	171.153829
5.524000	167.130003
5.442000	163.080139
5.381000	159.024914
5.332000	154.989043
5.290000	150.956864
5.252000	146.880740
5.217000	142.798268
5.184000	138.673717
5.153000	134.542649
5.124000	130.418830
5.097000	126.309023
5.072000	122.226028
5.049000	118.196242
5.027000	114.067381
5.007000	110.063053
4.988000	106.028466
4.970000	101.997050
0.000000	0.000000
& cycle # 7, chisq = 8187.142721, e = 32.460027
10.000000	381.321742
9.967000	377.240473
9.942000	373.144218
9.921000	369.068405
9.902000	364.907003
9.885000	360.840013
9.869000	356.741386
9.854000	352.678058
9.839000	348.423195
9.825000	344.302710
9.811000	340.059304
9.798000	336.023881
9.785000	331.908992
9.772000	327.726812
9.759000	323.491195
9.746000	319.217353
9.733000	314.920387
9.720000	310.613793
9.707000	306.308823
9.694000	302.014909
9.681000	297.740717
9.668000	293.495142
9.655000	289.287741
9.642000	285.128459
9.629000	281.026889
9.616000	276.991483
9.602000	272.727448
9.588000	268.554497
9.574000	264.477548
9.559000	260.220771
9.544000	256.084455
9.529000	252.074376
9.513000	247.942661
9.496000	243.724176
9.479000	239.687109
9.461000	235.612321
9.442000	231.533034
9.422000	227.482025
9.400000	223.309698
9.377000	219.262032
9.352000	215.222089
9.324000	211.130208
9.293000	207.105503
9.257000	203.046177
9.214000	198.983283
9.160000	194.961915
9.083000	190.937796
8.927000	186.928133
7.022000	182.927912
6.659000	178.920594
6.357000	174.910246
5.555000	170.903154
5.399000	166.901571
5.316000	162.848496
5.255000	158.781079
5.205000	154.776049
5.161000	150.737769
5.122000	146.680162
5.088000	142.675015
5.057000	138.546117
5.030000	134.507908
5.005000	130.354637
4.983000	126.346232
4.962000	122.201789
4.943000	118.184918
4.925000	114.151994
4.908000	110.149613
4.891000	105.971217
4.875000	101.889864
0.000000	0.000000
& cycle # 2, chisq = 8293.303266, e = 32.652186
10.000000	312.858440
9.979000	308.756556
9.959000	304.639347
9.940000	300.571422
9.921000	296.382842
9.903000	292.323719
9.885000	288.209646
9.867000	284.062373
9.849000	279.896515
9.831000	275.734584
9.813000	271.601712
9.795000	267.514926
9.777000	263.484620
9.758000	259.304868
9.739000	255.219963
9.719000	251.041658
9.699000	247.000010
9.678000	242.909618
9.656000	238.800267
9.633000	234.709261
9.609000	230.677308
9.583000	226.587621
9.555000	222.501350
9.525000	218.482235
9.491000	214.374436
9.453000	210.331596
9.409000	206.317313
9.355000	202.273123
9.284000	198.262437
9.172000	194.252137
7.944000	190.251859
7.188000	186.249525
6.833000	182.248553
6.360000	178.247189
5.667000	174.244780
5.553000	170.214025
5.473000	166.160326
5.410000	162.098320
5.358000	158.028519
5.313000	153.935411
5.273000	149.871009
5.236000	145.794392
5.201000	141.687233
5.168000	137.594038
5.137000	133.528376
5.108000	129.487477
5.081000	125.468685
5.055000	121.316010
5.031000	117.197949
5.009000	113.157979
4.988000	109.052011
4.968000	104.911624
4.949000	100.774884
0.000000	0.000000
& cycle # 3, chisq = 8300.232085, e = 32.652186
10.000000	353.620797
9.897000	349.606306
9.860000	345.533569
9.832000	341.464283
9.808000	337.361234
9.787000	333.352458
9.767000	329.206987
9.748000	325.010976
9.730000	320.842232
9.713000	316.762809
9.696000	312.569555
9.680000	308.538201
9.664000	304.443454
9.648000	300.305404
9.632000	296.144887
9.616000	291.981466
9.600000	287.831796
9.584000	283.709336
9.568000	279.625364
9.552000	275.590476
9.535000	271.369436
9.518000	267.229747
9.501000	263.184364
9.483000	259.015830
9.465000	254.974394
9.446000	250.852564
9.426000	246.678069
9.406000	242.675961
9.385000	238.664252
9.362000	234.500649
9.338000	230.417118
9.312000	226.292722
9.284000	222.188541
9.254000	218.161285
9.221000	214.152485
9.183000	210.057544
9.140000	206.049789
9.088000	201.983441
9.024000	197.966236
8.938000	193.965110
8.805000	189.950982
8.535000	185.942652
7.934000	181.938754
6.654000	177.936677
6.157000	173.936316
5.518000	169.921722
5.410000	165.914384
5.338000	161.874326
5.282000	157.835519
5.234000	153.780243
5.191000	149.718626
5.152000	145.670509
5.116000	141.564748
5.084000	137.538493
5.055000	133.510271
5.028000	129.378248
5.004000	125.361472
4.981000	121.190479
4.960000	117.103678
4.940000	112.970312
4.921000	108.837728
4.903000	104.752650
4.885000	100.519377
0.000000	0.000000
& cycle # 5, chisq = 8300.089304, e = 32.652186
10.000000	348.878994
9.968000	344.806312
9.942000	340.736314
9.919000	336.623264
9.898000	332.485883
9.879000	328.475118
9.861000	324.468253
9.843000	320.284563
9.826000	316.201566
9.809000	312.019775
9.793000	308.013117
9.777000	303.952784
9.761000	299.855193
9.745000	295.739754
9.729000	291.626058
9.713000	287.530419
9.697000	283.464919
9.681000	279.439229
9.664000	275.216573
9.647000	271.063461
9.630000	266.994027
9.612000	262.790028
9.594000	258.703774
9.575000	254.524787
9.556000	250.488275
9.536000	246.398891
9.515000	242.289264
9.493000	238.195085
9.470000	234.150879
9.445000	230.026661
9.418000	225.881369
9.389000	221.775756
9.357000	217.653448
9.322000	213.619705
9.282000	209.575087
9.235000	205.511317
9.178000	201.468849
9.104000	197.452112
8.996000	193.450437
8.779000	189.442765
7.199000	185.438976
6.813000	181.429561
6.562000	177.426167
6.250000	173.424221
5.516000	169.421173
5.389000	165.384375
5.309000	161.337259
5.247000	157.329204
5.193000	153.299042
5.145000	149.296151
5.102000	145.280437
5.064000	141.268635
5.030000	137.205828
5.000000	133.186804
4.972000	129.041314
4.947000	125.018488
4.923000	120.888228
4.900000	116.709922
4.878000	112.541777
4.857000	108.435338
4.837000	104.432476
4.817000	100.359646
0.000000	0.000000
& cycle # 6, chisq = 8299.741186, e = 32.652186
10.000000	317.908451
9.948000	313.812421
9.911000	309.717039
9.880000	305.623270
9.852000	301.488945
9.826000	297.339912
9.802000	293.309164
9.779000	289.305193
9.756000	285.196962
9.733000	281.027153
9.711000	277.018442
9.689000	273.015007
9.666000	268.855969
9.643000	264.748736
9.620000	260.721106
9.596000	256.627083
9.571000	252.495546
9.545000	248.353340
9.518000	244.233199
9.490000	240.174195
9.460000	236.079533
9.428000	232.000138
9.394000	227.982569
9.357000	223.977555
9.315000	219.888030
9.268000	215.845235
9.214000	211.817588
9.150000	207.812088
9.070000	203.779921
8.966000	199.768171
8.820000	195.747292
8.606000	191.732774
8.305000	187.724546
7.809000	183.721649
6.764000	179.716750
6.462000	175.712967
5.650000	171.701563
5.468000	167.701210
5.373000	163.697986
5.305000	159.668722
5.249000	155.612743
5.200000	151.586083
5.155000	147.505575
5.114000	143.401625
5.078000	139.394307
5.045000	135.293825
5.016000	131.288511
4.989000	127.186041
4.964000	123.055809
4.941000	118.981152
4.919000	114.854791
4.898000	110.730443
4.878000	106.658523
4.858000	102.470893
0.000000	0.000000
& cycle # 7, chisq = 8301.763410, e = 32.652186
10.000000	416.987513
9.719000	412.952934
9.646000	408.901029
9.602000	404.886215
9.567000	400.783339
9.538000	396.757092
9.512000	392.671862
9.488000	388.519432
9.466000	384.407137
9.445000	380.220877
9.425000	376.007591
9.406000	371.811768
9.388000	367.675788
9.371000	363.638651
9.354000	359.487397
9.337000	355.234729
9.321000	351.150180
9.305000	346.995285
9.289000	342.778527
9.274000	338.776683
9.259000	334.735364
9.244000	330.662670
9.229000	326.567370
9.214000	322.458674
9.199000	318.345850
9.184000	314.237806
9.169000	310.142749
9.154000	306.068022
9.139000	302.020136
9.124000	298.004977
9.108000	293.764473
9.092000	289.574247
9.076000	285.441270
9.060000	281.372831
9.043000	277.129185
9.026000	272.975596
9.009000	268.920131
8.991000	264.740733
8.973000	260.685618
8.954000	256.545383
8.934000	252.347173
8.914000	248.316632
8.893000	244.268728
8.871000	240.234806
8.847000	236.080947
8.822000	232.033178
8.795000	227.984490
8.765000	223.876093
8.732000	219.817734
8.695000	215.815321
8.651000	211.767167
8.596000	207.718436
8.519000	203.707197
8.350000	199.705845
6.996000	195.704502
6.713000	191.689406
6.568000	187.678759
6.452000	183.664162
6.345000	179.643268
6.241000	175.624444
6.132000	171.622479
6.005000	167.602778
5.836000	163.600361
4.497000	159.598711
4.270000	155.582671
4.183000	151.578339
4.123000	147.556930
4.076000	143.523132
4.037000	139.473549
4.003000	135.344929
3.974000	131.334753
3.948000	127.327109
3.924000	123.262447
3.902000	119.215402
3.881000	115.055803
3.862000	111.035111
3.844000	106.993993
3.827000	102.964095
0.000000	0.000000
& cycle # 1, chisq = 904.246714, e = 34.940434
10.000000	381.321742
9.872000	377.289186
9.833000	373.251396
9.808000	369.145762
9.788000	365.030310
9.771000	360.986651
9.755000	356.762571
9.740000	352.474701
9.726000	348.222809
9.713000	344.087724
9.700000	339.798341
9.688000	335.723077
9.676000	331.556478
9.664000	327.318400
9.652000	323.029194
9.640000	318.709255
9.628000	314.378335
9.616000	310.054880
9.604000	305.755613
9.592000	301.495459
9.580000	297.287787
9.568000	293.144811
9.556000	289.077992
9.543000	284.770905
9.530000	280.579335
9.517000	276.515647
9.503000	272.294962
9.489000	268.246712
9.474000	264.110406
9.458000	259.935453
9.441000	255.773126
9.423000	251.676027
9.403000	247.498438
9.381000	243.356474
9.356000	239.217092
9.327000	235.143452
9.291000	231.093606
9.241000	227.077671
9.131000	223.070596
8.718000	219.051338
8.587000	215.023099
8.459000	211.011046
8.267000	207.000707
7.578000	202.999680
7.370000	198.980111
7.154000	194.977661
6.311000	190.973885
5.972000	186.971529
5.301000	182.961531
5.188000	178.920786
5.120000	174.920372
5.071000	170.914639
5.033000	166.893963
5.002000	162.879146
4.975000	158.773721
4.951000	154.618866
4.930000	150.585632
4.910000	146.402616
4.892000	142.360510
4.875000	138.310718
4.859000	134.301581
4.843000	130.108820
4.828000	126.017576
4.813000	121.775704
4.799000	117.683478
4.785000	113.463891
4.772000	109.431451
4.759000	105.287693
4.746000	101.030373
0.000000	0.000000
& cycle # 2, chisq = 813.360815, e = 34.940434
10.000000	312.858440
9.980000	308.821371
9.959000	304.715519
9.937000	300.566144
9.914000	296.396871
9.890000	292.231792
9.865000	288.103683
9.839000	284.024619
9.811000	279.882680
9.782000	275.863254
9.751000	271.848582
9.717000	267.777076
9.680000	263.721830
9.639000	259.638090
9.594000	255.624936
9.543000	251.603871
9.484000	247.549691
9.415000	243.511448
9.333000	239.475862
9.234000	235.452482
9.115000	231.440790
8.976000	227.438534
8.821000	223.420930
8.658000	219.412363
8.489000	215.397343
8.308000	211.388770
8.088000	207.374030
7.232000	203.371260
6.822000	199.362587
6.627000	195.341553
6.459000	191.340608
6.287000	187.332925
6.058000	183.330630
5.281000	179.329139
5.117000	175.314476
5.024000	171.306202
4.962000	167.251468
4.914000	163.223111
4.872000	159.141860
4.834000	155.111330
4.798000	151.079495
4.763000	147.002984
4.729000	142.900161
4.697000	138.892173
4.666000	134.849204
4.636000	130.766830
4.607000	126.653279
4.579000	122.529271
4.552000	118.423779
4.526000	114.368281
4.500000	110.231292
4.475000	106.192256
4.450000	102.104722
0.000000	0.000000
& cycle # 3, chisq = 811.732107, e = 34.940434
10.000000	485.826491
9.998000	479.010770
9.996000	472.359263
9.994000	465.866599
9.992000	459.529456
9.990000	453.345313
9.988000	447.311797
9.986000	441.426392
9.984000	435.686369
9.982000	430.088804
9.980000	424.630660
9.978000	419.308864
9.976000	414.120375
9.974000	409.062237
9.972000	404.131605
9.970000	399.325760
9.968000	394.642103
9.966000	390.078142
9.964000	385.631480
9.962000	381.299789
9.960000	377.080792
9.958000	372.972250
9.956000	368.971945
9.953000	363.169614
9.950000	357.598455
9.947000	352.251099
9.944000	347.120234
9.941000	342.198642
9.938000	337.479242
9.935000	332.955132
9.932000	328.619622
9.929000	324.466251
9.925000	319.201035
9.921000	314.234499
9.917000	309.553242
9.913000	305.144472
9.909000	300.995915
9.904000	296.158140
9.899000	291.686141
9.894000	287.558368
9.888000	283.030176
9.882000	278.933271
9.875000	274.655091
9.867000	270.367803
9.858000	266.232788
9.847000	262.048212
9.833000	257.899452
9.813000	253.799345
9.771000	249.798997
9.568000	245.772061
9.502000	241.765166
9.443000	237.748989
9.378000	233.711618
9.288000	229.705968
8.819000	225.704315
8.617000	221.690102
8.328000	217.686203
7.762000	213.673312
7.621000	209.665355
7.503000	205.655766
7.384000	201.652610
7.243000	197.645601
6.947000	193.643318
6.218000	189.638573
5.795000	185.637286
5.306000	181.608412
5.211000	177.591723
5.147000	173.588902
5.094000	169.519949
5.046000	165.451359
5.000000	161.407938
4.954000	157.332581
4.909000	153.308419
4.865000	149.253213
4.823000	145.179007
4.784000	141.173750
4.746000	137.080442
4.709000	132.977124
4.673000	128.959821
4.636000	124.897090
4.598000	120.872819
4.558000	116.855054
4.515000	112.821026
4.468000	108.782924
4.415000	104.764493
4.349000	100.722963
0.000000	0.000000
& cycle # 4, chisq = 816.601009, e = 34.940434
10.000000	353.620797
9.901000	349.573196
9.867000	345.519692
9.841000	341.449966
9.819000	337.414982
9.799000	333.337421
9.780000	329.147931
9.762000	324.936118
9.745000	320.782224
9.729000	316.752566
9.713000	312.637411
9.697000	308.462917
9.681000	304.252570
9.665000	300.029582
9.649000	295.818046
9.633000	291.642071
9.617000	287.523754
9.601000	283.481535
9.584000	279.286200
9.567000	275.206913
9.549000	271.027646
9.531000	267.006091
9.512000	262.947006
9.492000	258.894653
9.471000	254.893275
9.448000	250.813087
9.423000	246.733715
9.395000	242.596703
9.364000	238.537394
9.328000	234.484803
9.284000	230.418502
9.227000	226.398439
9.139000	222.392606
8.707000	218.392593
8.049000	214.375860
7.875000	210.350547
7.739000	206.341353
7.613000	202.322669
7.480000	198.298672
7.319000	194.292075
6.925000	190.291689
6.036000	186.286010
5.269000	182.270814
5.142000	178.248068
5.061000	174.202844
5.005000	170.186349
4.961000	166.099189
4.924000	161.991771
4.892000	157.981656
4.862000	153.891537
4.834000	149.835982
4.807000	145.746082
4.781000	141.664729
4.756000	137.617301
4.732000	133.616904
4.708000	129.495959
4.685000	125.423104
4.663000	121.404686
4.641000	117.259581
4.620000	113.182046
4.599000	108.988015
4.579000	104.890540
4.559000	100.700505
0.000000	0.000000
& cycle # 5, chisq = 808.791193, e = 34.940434
10.000000	381.321742
9.969000	377.317435
9.944000	373.252492
9.922000	369.097939
9.902000	364.877727
9.884000	360.757441
9.867000	356.611126
9.851000	352.499697
9.836000	348.481766
9.821000	344.328647
9.806000	340.060358
9.792000	335.986471
9.778000	331.837168
9.764000	327.625323
9.750000	323.366055
9.736000	319.075265
9.722000	314.767462
9.709000	310.762532
9.696000	306.760849
9.682000	302.462875
9.668000	298.185591
9.654000	293.938943
9.640000	289.733556
9.626000	285.579709
9.612000	281.486267
9.598000	277.460123
9.583000	273.226838
9.568000	269.081552
9.553000	265.028914
9.537000	260.814036
9.521000	256.717357
9.504000	252.501735
9.487000	248.433794
9.469000	244.291888
9.450000	240.105889
9.430000	235.905084
9.409000	231.719471
9.387000	227.581454
9.364000	223.525982
9.339000	219.430328
9.312000	215.364247
9.282000	211.260953
9.249000	207.219647
9.211000	203.139640
9.167000	199.130219
9.112000	195.079088
9.039000	191.062808
8.920000	187.044557
7.562000	183.042288
6.899000	179.041865
6.513000	175.034961
5.585000	171.028097
5.403000	167.023331
5.308000	162.974600
5.239000	158.973857
5.180000	154.903978
5.129000	150.851798
5.085000	146.805457
5.047000	142.743998
5.014000	138.681582
4.985000	134.643764
4.959000	130.632147
4.935000	126.603643
4.912000	122.465843
4.890000	118.276883
4.869000	114.091932
4.849000	109.959097
4.830000	105.917564
4.811000	101.777396
0.000000	0.000000
& cycle # 2, chisq = 8265.048918, e = 32.550784
10.000000	312.858440
9.976000	308.678763
9.954000	304.501274
9.934000	300.464738
9.915000	296.449670
9.896000	292.292237
9.878000	288.259064
9.860000	284.155179
9.842000	280.001609
9.824000	275.827615
9.806000	271.660171
9.788000	267.517028
9.770000	263.412284
9.752000	259.363402
9.733000	255.172333
9.714000	251.085573
9.694000	246.909661
9.674000	242.871665
9.653000	238.791104
9.631000	234.706720
9.608000	230.660137
9.583000	226.528436
9.557000	222.524701
9.528000	218.408713
9.496000	214.296568
9.460000	210.202225
9.419000	206.182318
9.369000	202.121882
9.304000	198.083116
9.205000	194.072844
8.292000	190.071492
7.258000	186.068966
6.901000	182.067842
6.564000	178.062540
5.723000	174.051939
5.580000	170.016879
5.493000	165.997583
5.427000	161.996496
5.373000	157.950676
5.327000	153.879366
5.287000	149.871975
5.250000	145.811528
5.215000	141.691066
5.182000	137.570114
5.151000	133.476519
5.122000	129.416952
5.095000	125.392208
5.069000	121.245129
5.045000	117.139656
5.023000	113.113100
5.002000	109.016276
4.982000	104.875792
4.963000	100.726018
0.000000	0.000000
& cycle # 3, chisq = 8268.422688, e = 32.550784
10.000000	353.620797
9.901000	349.618398
9.868000	345.600703
9.843000	341.567519
9.822000	337.563703
9.803000	333.503524
9.785000	329.308738
9.768000	325.066906
9.752000	320.857709
9.737000	316.750224
9.722000	312.513682
9.708000	308.464141
9.694000	304.340038
9.680000	300.157603
9.666000	295.933432
9.652000	291.685007
9.638000	287.430191
9.624000	283.186108
9.610000	278.968039
9.596000	274.788905
9.582000	270.659487
9.568000	266.589164
9.554000	262.586761
9.539000	258.383860
9.524000	254.279938
9.508000	250.023189
9.492000	245.901717
9.475000	241.680004
9.458000	237.626535
9.440000	233.521726
9.421000	229.399856
9.401000	225.297093
9.380000	221.252127
9.357000	217.132829
9.332000	213.021511
9.305000	208.997309
9.274000	204.880975
9.239000	200.835286
9.197000	196.755679
9.145000	192.752777
9.072000	188.732106
8.938000	184.731655
6.859000	180.728158
6.384000	176.723708
5.629000	172.715723
5.514000	168.685145
5.439000	164.628194
5.383000	160.617587
5.337000	156.568550
5.297000	152.463240
5.262000	148.438684
5.230000	144.427465
5.200000	140.391193
5.172000	136.379191
5.145000	132.266496
5.120000	128.214009
5.096000	124.065624
5.074000	120.005872
5.053000	115.870299
5.033000	111.670249
5.015000	107.655655
4.998000	103.650326
0.000000	0.000000
& cycle # 5, chisq = 8268.372399, e = 32.550784
10.000000	348.878994
9.967000	344.749236
9.941000	340.727312
9.918000	336.659381
9.897000	332.565201
9.877000	328.378747
9.858000	324.171822
9.840000	320.006992
9.823000	315.944855
9.806000	311.785520
9.789000	307.549171
9.773000	303.507348
9.757000	299.429905
9.741000	295.336531
9.725000	291.246163
9.709000	287.173963
9.693000	283.131145
9.677000	279.127205
9.660000	274.927009
9.643000	270.796062
9.626000	266.748369
9.608000	262.566199
9.590000	258.499650
9.571000	254.338600
9.552000	250.317197
9.532000	246.241224
9.511000	242.143385
9.489000	238.058865
9.466000	234.021053
9.441000	229.898778
9.415000	225.898138
9.386000	221.771595
9.355000	217.745072
9.320000	213.662389
9.281000	209.652501
9.235000	205.578504
9.180000	201.539897
9.110000	197.528980
9.011000	193.504528
8.836000	189.498269
8.127000	185.498013
6.896000	181.493100
6.634000	177.482176
6.369000	173.476248
5.575000	169.476136
5.410000	165.467523
5.319000	161.425372
5.251000	157.370623
5.193000	153.301469
5.142000	149.263342
5.097000	145.232905
5.057000	141.136435
5.022000	137.040784
4.991000	132.951329
4.963000	128.863933
4.937000	124.741106
4.913000	120.678194
4.890000	116.582664
4.868000	112.511308
4.846000	108.319853
4.825000	104.232018
4.804000	100.078902
0.000000	0.000000
& cycle # 6, chisq = 8266.780967, e = 32.550784
10.000000	317.908451
9.938000	313.827085
9.899000	309.771422
9.867000	305.674049
9.839000	301.588759
9.813000	297.449485
9.789000	293.390544
9.766000	289.322995
9.744000	285.308241
9.722000	281.214133
9.700000	277.074247
9.678000	272.912866
9.656000	268.753775
9.634000	264.624973
9.612000	260.553966
9.589000	256.381735
9.566000	252.309397
9.542000	248.179172
9.517000	244.023213
9.491000	239.879532
9.464000	235.784256
9.436000	231.765435
9.406000	227.715455
9.374000	223.688294
9.339000	219.634463
9.300000	215.541159
9.257000	211.509040
9.208000	207.477312
9.150000	203.421727
9.080000	199.417394
8.990000	195.410272
8.863000	191.391729
8.661000	187.376545
8.301000	183.376142
6.945000	179.372794
6.288000	175.370346
5.559000	171.348323
5.438000	167.312363
5.357000	163.277736
5.294000	159.212704
5.241000	155.204578
5.193000	151.178984
5.149000	147.158522
5.109000	143.157798
5.072000	139.057961
5.039000	134.982359
5.009000	130.869704
4.982000	126.805624
4.957000	122.730847
4.934000	118.728334
4.912000	114.692746
4.891000	110.676346
4.870000	106.526604
4.850000	102.475513
0.000000	0.000000
& cycle # 7, chisq = 8266.707034, e = 32.550784
10.000000	416.987513
9.848000	412.971138
9.805000	408.951771
9.777000	404.887449
9.755000	400.886554
9.735000	396.663686
9.717000	392.419936
9.701000	388.320758
9.686000	384.218389
9.672000	380.180695
9.658000	375.960016
9.645000	371.894693
9.632000	367.706187
9.619000	363.411429
9.607000	359.366579
9.595000	355.256462
9.583000	351.091903
9.571000	346.883258
9.559000	342.640794
9.547000	338.374981
9.535000	334.096572
9.523000	329.816467
9.511000	325.545413
9.499000	321.293632
9.487000	317.070507
9.475000	312.884396
9.463000	308.742620
9.451000	304.651608
9.439000	300.617145
9.426000	296.316554
9.413000	292.095337
9.400000	287.960099
9.387000	283.917356
9.373000	279.674210
9.359000	275.552600
9.344000	271.278132
9.329000	267.155417
9.313000	262.929163
9.297000	258.882078
9.280000	254.779486
9.262000	250.657651
9.243000	246.554751
9.223000	242.510928
9.201000	238.387384
9.177000	234.272060
9.151000	230.252165
9.121000	226.152488
9.086000	222.047713
9.044000	218.001398
8.989000	213.989474
8.900000	209.972784
8.286000	205.971790
7.949000	201.971000
7.512000	197.966524
6.596000	193.964387
5.883000	189.964217
5.197000	185.941137
5.089000	181.937408
5.023000	177.871997
4.977000	173.863313
4.940000	169.800309
4.908000	165.663113
4.880000	161.586160
4.854000	157.443483
4.830000	153.334970
4.807000	149.154516
4.786000	145.134401
4.766000	141.123585
4.746000	136.928169
4.727000	132.761387
4.709000	128.639727
4.692000	124.580508
4.675000	120.348901
4.659000	116.199735
4.644000	112.156375
4.629000	107.959017
4.615000	103.898839
0.000000	0.000000
& cycle # 1, chisq = 811.444214, e = 35.389964
10.000000	381.321742
9.875000	377.289308
9.831000	373.171751
9.805000	369.060279
9.784000	364.846326
9.766000	360.639359
9.750000	356.481565
9.735000	352.267200
9.721000	348.092627
9.708000	344.035532
9.695000	339.829033
9.682000	335.496893
9.670000	331.407473
9.658000	327.251422
9.646000	323.048833
9.634000	318.819564
9.622000	314.582531
9.610000	310.355153
9.598000	306.153096
9.586000	301.990365
9.574000	297.879637
9.562000	293.832681
9.549000	289.533414
9.536000	285.335771
9.523000	281.252671
9.509000	276.997093
9.495000	272.900715
9.480000	268.699804
9.464000	264.442983
9.448000	260.424176
9.431000	256.419127
9.412000	252.268297
9.391000	248.080663
9.368000	243.973118
9.342000	239.919775
9.311000	235.865482
9.272000	231.859321
9.214000	227.814545
8.858000	223.811607
8.617000	219.789290
8.425000	215.786801
7.737000	211.780330
7.537000	207.778413
7.382000	203.759638
7.216000	199.757827
6.905000	195.754325
6.125000	191.754043
5.713000	187.752080
5.241000	183.727063
5.156000	179.720055
5.098000	175.711072
5.054000	171.637858
5.019000	167.551799
4.990000	163.492084
4.965000	159.455129
4.942000	155.284570
4.921000	151.093454
4.902000	146.992928
4.884000	142.847529
4.867000	138.709709
4.851000	134.626750
4.835000	130.369035
4.820000	126.224740
4.805000	121.936985
4.791000	117.807916
4.777000	113.556752
4.764000	109.499283
4.751000	105.334285
4.738000	101.059261
0.000000	0.000000
& cycle # 2, chisq = 811.815950, e = 35.389964
10.000000	312.858440
9.976000	308.728936
9.952000	304.719470
9.927000	300.684599
9.901000	296.636596
9.874000	292.609628
9.845000	288.477385
9.815000	284.415902
9.783000	280.328544
9.749000	276.241897
9.713000	272.205086
9.674000	268.154075
9.632000	264.130924
9.586000	260.117080
9.535000	256.092977
9.478000	252.064958
9.413000	248.011395
9.339000	243.962372
9.254000	239.936122
9.156000	235.909490
9.043000	231.883415
8.915000	227.875685
8.772000	223.872688
8.612000	219.866506
8.427000	215.852197
8.185000	211.838970
7.195000	207.836851
6.885000	203.827915
6.698000	199.813532
6.536000	195.812276
6.371000	191.796682
6.167000	187.788524
5.386000	183.785162
5.179000	179.764026
5.068000	175.758716
4.997000	171.755600
4.944000	167.682184
4.900000	163.588885
4.861000	159.516302
4.825000	155.482689
4.790000	151.376713
4.757000	147.368204
4.725000	143.352914
4.694000	139.323944
4.664000	135.271273
4.635000	131.192048
4.607000	127.095093
4.580000	123.000282
4.554000	118.934615
4.529000	114.927190
4.504000	110.840028
4.479000	106.688299
4.455000	102.652838
0.000000	0.000000
& cycle # 3, chisq = 811.320009, e = 35.389964
10.000000	485.826491
9.983000	481.663017
9.938000	477.662480
9.826000	473.645214
9.799000	469.488005
9.779000	465.275024
9.763000	461.209681
9.749000	457.162724
9.736000	453.015773
9.724000	448.874119
9.713000	444.828698
9.702000	440.559765
9.692000	436.497289
9.682000	432.273821
9.672000	427.901733
9.663000	423.850669
9.654000	419.700002
9.645000	415.460144
9.636000	411.141611
9.627000	406.754805
9.618000	402.309831
9.609000	397.816375
9.601000	393.788953
9.593000	389.736687
9.585000	385.665515
9.577000	381.581194
9.569000	377.489361
9.561000	373.395585
9.553000	369.305400
9.545000	365.224314
9.537000	361.157795
9.529000	357.111236
9.521000	353.089900
9.512000	348.602355
9.503000	344.159996
9.494000	339.769184
9.485000	335.435736
9.476000	331.164904
9.467000	326.961391
9.458000	322.829399
9.449000	318.772704
9.439000	314.357731
9.429000	310.044250
9.419000	305.836261
9.409000	301.737516
9.398000	297.359265
9.387000	293.121762
9.376000	289.028830
9.364000	284.732447
9.352000	280.615088
9.339000	276.358939
9.326000	272.316215
9.312000	268.200552
9.297000	264.062220
9.281000	259.952403
9.264000	255.922614
9.245000	251.818522
9.224000	247.757309
9.200000	243.700456
9.171000	239.579609
9.135000	235.541810
9.083000	231.494163
8.935000	227.489683
8.587000	223.481919
8.489000	219.437141
8.408000	215.396052
8.332000	211.354377
8.255000	207.313835
8.171000	203.297299
8.070000	199.285083
7.918000	195.277899
7.020000	191.272504
5.258000	187.269115
5.092000	183.267857
5.020000	179.248277
4.973000	175.170687
4.937000	171.073486
4.907000	166.965450
4.881000	162.890074
4.857000	158.709507
4.835000	154.530030
4.815000	150.444321
4.796000	146.308427
4.778000	142.155913
4.761000	138.016600
4.745000	133.918191
4.730000	129.887641
4.715000	125.664277
4.701000	121.538495
4.687000	117.225147
4.674000	113.043327
4.662000	109.025351
4.650000	104.849785
4.638000	100.511062
0.000000	0.000000
& cycle # 4, chisq = 809.240562, e = 35.389964
10.000000	353.620797
9.905000	349.591150
9.866000	345.498656
9.836000	341.393986
9.810000	337.249379
9.787000	333.195764
9.765000	329.026883
9.744000	324.832119
9.724000	320.690399
9.705000	316.660474
9.686000	312.566289
9.667000	308.433990
9.648000	304.291686
9.629000	300.168706
9.610000	296.091656
9.591000	292.081380
9.571000	287.949095
9.551000	283.922879
9.530000	279.826048
9.508000	275.696949
9.485000	271.577100
9.461000	267.505831
9.435000	263.362914
9.408000	259.355033
9.378000	255.253727
9.345000	251.170446
9.308000	247.111543
9.265000	243.032195
9.214000	238.987619
9.150000	234.982436
9.061000	230.979819
8.912000	226.968553
8.597000	222.967656
8.271000	218.957642
8.070000	214.950945
7.916000	210.932227
7.780000	206.922234
7.648000	202.913582
7.506000	198.911761
7.330000	194.904227
6.860000	190.903419
5.336000	186.900681
5.171000	182.897118
5.073000	178.847752
5.008000	174.777943
4.960000	170.734051
4.920000	166.635522
4.885000	162.550381
4.853000	158.472930
4.823000	154.409298
4.794000	150.297730
4.766000	146.175262
4.739000	142.059281
4.713000	137.955259
4.688000	133.864509
4.664000	129.790012
4.641000	125.739640
4.619000	121.726976
4.597000	117.578965
4.576000	113.497570
4.555000	109.304853
4.535000	105.217592
4.515000	101.048414
0.000000	0.000000
& cycle # 5, chisq = 808.133968, e = 35.389964
10.000000	416.987513
9.897000	412.966926
9.859000	408.878925
9.831000	404.856497
9.807000	400.759880
9.786000	396.712681
9.767000	392.699571
9.749000	388.614671
9.732000	384.530265
9.716000	380.507089
9.700000	376.328056
9.685000	372.282641
9.670000	368.127606
9.655000	363.878358
9.641000	359.842451
9.627000	355.753539
9.613000	351.624917
9.599000	347.468281
9.585000	343.293731
9.571000	339.110371
9.557000	334.927131
9.543000	330.753394
9.529000	326.599151
9.515000	322.474678
9.501000	318.389905
9.487000	314.353771
9.472000	310.091864
9.457000	305.901929
9.442000	301.790043
9.427000	297.761571
9.411000	293.562462
9.395000	289.471103
9.378000	285.249996
9.361000	281.166587
9.343000	277.000530
9.324000	272.784728
9.305000	268.758663
9.285000	264.726443
9.264000	260.719168
9.241000	256.596007
9.217000	252.590062
9.190000	248.444901
9.161000	244.412971
9.128000	240.333996
9.090000	236.265292
9.045000	232.247714
8.987000	228.229049
8.899000	224.207953
8.328000	220.206941
8.004000	216.200364
7.781000	212.186121
7.547000	208.172922
7.238000	204.172851
6.461000	200.171855
5.376000	196.169898
5.229000	192.149470
5.126000	188.148142
5.050000	184.116483
4.994000	180.054097
4.950000	176.013813
4.912000	171.903892
4.878000	167.784622
4.847000	163.720376
4.818000	159.695143
4.790000	155.629526
4.763000	151.550081
4.737000	147.467421
4.712000	143.383266
4.688000	139.297103
4.665000	135.211021
4.643000	131.132311
4.622000	127.074074
4.602000	123.054382
4.582000	118.882474
4.563000	114.779743
4.545000	110.770817
4.527000	106.647087
4.509000	102.412825
0.000000	0.000000
& cycle # 1, chisq = 816.670360, e = 36.574917
10.000000	381.321742
9.868000	377.226731
9.837000	373.213717
9.814000	369.153580
9.795000	365.150602
9.778000	361.111236
9.762000	356.953814
9.747000	352.782418
9.733000	348.685540
9.719000	344.424631
9.706000	340.347331
9.693000	336.176838
9.680000	331.935043
9.667000	327.644029
9.654000	323.326313
9.641000	319.004412
9.628000	314.699953
9.615000	310.432767
9.602000	306.220329
9.589000	302.077731
9.576000	298.018093
9.562000	293.752430
9.548000	289.610259
9.534000	285.604451
9.519000	281.477368
9.503000	277.277138
9.486000	273.055967
9.468000	268.867842
9.449000	264.766349
9.428000	260.614940
9.405000	256.523288
9.379000	252.459615
9.348000	248.366176
9.309000	244.295851
9.253000	240.258743
9.063000	236.258147
8.658000	232.239836
8.457000	228.228672
7.790000	224.216723
7.618000	220.204965
7.492000	216.187387
7.376000	212.154758
7.253000	208.128625
7.099000	204.107795
6.382000	200.104682
5.947000	196.100761
5.257000	192.086451
5.142000	188.065563
5.073000	184.029016
5.025000	180.013008
4.988000	176.012458
4.957000	171.968646
4.930000	167.911300
4.906000	163.891999
4.884000	159.881492
4.863000	155.779815
4.843000	151.641382
4.824000	147.512995
4.806000	143.433514
4.788000	139.195187
4.771000	135.047874
4.755000	131.015046
4.739000	126.853402
4.724000	122.830613
4.709000	118.685522
4.694000	114.412780
4.680000	110.304940
4.666000	106.077046
4.653000	102.040489
0.000000	0.000000
& cycle # 2, chisq = 809.905960, e = 36.574917
10.000000	312.858440
9.976000	308.801555
9.953000	304.704546
9.931000	300.663612
9.909000	296.552186
9.887000	292.428944
9.865000	288.345053
9.843000	284.333586
9.820000	280.264009
9.796000	276.197588
9.771000	272.183546
9.744000	268.132365
9.714000	264.018443
9.681000	259.983663
9.643000	255.967293
9.596000	251.920598
9.532000	247.895441
9.410000	243.891749
8.203000	239.876318
8.029000	235.871924
7.914000	231.863745
7.818000	227.853250
7.730000	223.823330
7.646000	219.815331
7.560000	215.770756
7.469000	211.742930
7.367000	207.717806
7.238000	203.696183
7.014000	199.688817
5.981000	195.683857
5.233000	191.658685
5.114000	187.624525
5.041000	183.617090
4.989000	179.537047
4.948000	175.428175
4.914000	171.409563
4.883000	167.298728
4.855000	163.264224
4.828000	159.124995
4.803000	155.101699
4.779000	151.081403
4.755000	146.910539
4.732000	142.767994
4.710000	138.663303
4.689000	134.604992
4.669000	130.603240
4.649000	126.460507
4.630000	122.389680
4.611000	118.185381
4.593000	114.080392
4.575000	109.860275
4.558000	105.773872
4.541000	101.595633
0.000000	0.000000
& cycle # 3, chisq = 803.467786, e = 36.574917
10.000000	485.826491
9.836000	481.781197
9.787000	477.694945
9.745000	473.605019
9.703000	469.512302
9.656000	465.464142
9.591000	461.438259
9.309000	457.412682
9.237000	453.399255
9.195000	449.371639
9.163000	445.369446
9.136000	441.341014
9.112000	437.251886
9.090000	433.083436
9.070000	428.950636
9.051000	424.730436
9.034000	420.721112
9.017000	416.501676
9.001000	412.348259
8.986000	408.302557
8.971000	404.117914
8.957000	400.093852
8.943000	395.962127
8.929000	391.729443
8.916000	387.714850
8.903000	383.625289
8.890000	379.467172
8.877000	375.247324
8.864000	370.972934
8.851000	366.651463
8.839000	362.627203
8.827000	358.575293
8.815000	354.501622
8.803000	350.411904
8.791000	346.311617
8.779000	342.205976
8.767000	338.099932
8.755000	333.998197
8.743000	329.905291
8.731000	325.825604
8.719000	321.763454
8.707000	317.723143
8.695000	313.708992
8.682000	309.394910
8.669000	305.122236
8.656000	300.896552
8.643000	296.723363
8.630000	292.607997
8.617000	288.555509
8.603000	284.266971
8.589000	280.062052
8.575000	275.945369
8.561000	271.920874
8.546000	267.714992
8.531000	263.622173
8.515000	259.384340
8.499000	255.281394
8.482000	251.072808
8.465000	247.022514
8.447000	242.909623
8.428000	238.767522
8.408000	234.631644
8.387000	230.538746
8.365000	226.525805
8.341000	222.466066
8.315000	218.434760
8.286000	214.373025
8.253000	210.282620
8.215000	206.232438
8.169000	202.206364
8.108000	198.194037
8.006000	194.184277
7.332000	190.175075
5.800000	186.174473
5.344000	182.163687
5.182000	178.159578
5.059000	174.145706
4.881000	170.140892
4.308000	166.119753
4.205000	162.075979
4.150000	158.036240
4.110000	154.002056
4.078000	149.979820
4.051000	145.955081
4.027000	141.835823
4.006000	137.773924
3.987000	133.702872
3.969000	129.477342
3.953000	125.404474
3.938000	121.303441
3.924000	117.219763
3.911000	113.199204
3.898000	108.952048
3.886000	104.825047
3.874000	100.494674
0.000000	0.000000
& cycle # 4, chisq = 1017.809967, e = 36.574917
10.000000	353.620797
9.913000	349.614613
9.878000	345.482055
9.852000	341.477792
9.829000	337.341744
9.808000	333.154746
9.789000	329.083236
9.771000	325.019228
9.753000	320.797042
9.736000	316.705990
9.719000	312.552522
9.702000	308.368503
9.685000	304.181034
9.668000	300.015571
9.651000	295.898080
9.634000	291.854488
9.616000	287.679578
9.598000	283.635934
9.579000	279.527712
9.559000	275.395827
9.538000	271.284908
9.516000	267.244594
9.492000	263.164054
9.466000	259.137732
9.437000	255.124627
9.403000	251.035262
9.363000	247.028468
9.311000	243.008569
9.232000	239.003351
8.315000	235.002485
8.003000	230.991145
7.863000	226.975555
7.752000	222.955762
7.653000	218.955640
7.556000	214.951861
7.454000	210.927120
7.339000	206.912117
7.185000	202.906007
6.405000	198.905290
5.847000	194.902894
5.225000	190.881683
5.117000	186.879684
5.047000	182.861127
4.997000	178.851980
4.957000	174.792846
4.923000	170.723115
4.893000	166.688327
4.865000	162.590520
4.839000	158.538679
4.814000	154.450063
4.790000	150.367496
4.767000	146.319617
4.744000	142.140001
4.722000	138.013467
4.701000	133.948843
4.680000	129.752200
4.660000	125.624795
4.641000	121.580564
4.622000	117.413878
4.604000	113.353959
4.586000	109.187470
4.569000	105.159208
4.552000	101.046302
0.000000	0.000000
& cycle # 5, chisq = 807.975812, e = 36.574917
10.000000	416.987513
9.910000	412.969089
9.095000	408.964391
9.000000	404.914852
8.940000	400.899903
8.893000	396.860379
8.853000	392.773337
8.818000	388.689739
8.787000	384.669845
8.758000	380.568913
8.731000	376.463645
8.706000	372.425901
8.682000	368.345259
8.659000	364.254713
8.637000	360.183803
8.616000	356.159538
8.595000	352.006610
8.575000	347.939063
8.555000	343.770387
8.536000	339.725371
8.517000	335.607132
8.498000	331.425234
8.480000	327.413264
8.462000	323.360233
8.444000	319.273211
8.426000	315.158775
8.408000	311.023190
8.390000	306.872692
8.372000	302.713770
8.354000	298.553398
8.336000	294.399132
8.318000	290.259062
8.300000	286.141617
8.282000	282.055275
8.264000	278.008227
8.246000	274.008089
8.227000	269.844160
8.208000	265.747140
8.189000	261.723112
8.169000	257.572057
8.149000	253.513673
8.128000	249.358425
8.107000	245.318653
8.085000	241.218312
8.062000	237.084944
8.038000	232.948957
8.013000	228.842704
7.987000	224.799086
7.959000	220.708764
7.929000	216.632474
7.897000	212.631710
7.861000	208.554364
7.821000	204.543027
7.774000	200.515590
7.715000	196.464956
7.632000	192.454169
7.398000	188.452685
6.871000	184.450994
6.697000	180.429501
6.497000	176.416907
5.908000	172.414731
5.798000	168.371747
5.731000	164.348173
5.679000	160.316173
5.635000	156.242643
5.597000	152.196260
5.563000	148.128253
5.532000	144.031896
5.504000	140.009618
5.478000	136.006099
5.453000	131.924569
5.429000	127.807312
5.406000	123.693652
5.384000	119.617512
5.363000	115.606460
5.342000	111.483222
5.322000	107.453680
5.302000	103.322918
0.000000	0.000000
& cycle # 1, chisq = 9711.335285, e = 33.973922
10.000000	381.321742
9.869000	377.221233
9.838000	373.122618
9.815000	369.020898
9.796000	364.986339
9.779000	360.911572
9.763000	356.706725
9.748000	352.471969
9.734000	348.294511
9.721000	344.245765
9.708000	340.055212
9.695000	335.742697
9.683000	331.670466
9.671000	327.526483
9.659000	323.326983
9.647000	319.088659
9.635000	314.828137
9.623000	310.561309
9.611000	306.302788
9.599000	302.065656
9.587000	297.861546
9.575000	293.700976
9.563000	289.593776
9.551000	285.549441
9.538000	281.249827
9.525000	277.046466
9.512000	272.950215
9.498000	268.669750
9.484000	264.534830
9.469000	260.274832
9.454000	256.197541
9.438000	252.054873
9.421000	247.890808
9.403000	243.752059
9.384000	239.688032
9.363000	235.561948
9.340000	231.480481
9.314000	227.402926
9.284000	223.368444
9.247000	219.302768
9.198000	215.292814
9.112000	211.282166
8.645000	207.270035
8.489000	203.254165
8.358000	199.231696
8.219000	195.221905
8.030000	191.212219
6.590000	187.210633
5.579000	183.199025
5.466000	179.175501
5.394000	175.112483
5.341000	171.072503
5.298000	167.038470
5.261000	163.007125
5.228000	158.976002
5.198000	154.949918
5.170000	150.862500
5.144000	146.749866
5.120000	142.643067
5.098000	138.576533
5.077000	134.386569
5.058000	130.303853
5.040000	126.153936
5.023000	121.962161
5.007000	117.760414
4.992000	113.585575
4.978000	109.477636
4.964000	105.162703
4.951000	100.970171
0.000000	0.000000
& cycle # 2, chisq = 9071.071365, e = 33.973922
10.000000	312.858440
9.985000	308.692305
9.970000	304.566103
9.955000	300.481745
9.940000	296.456527
9.924000	292.234490
9.908000	288.088714
9.892000	284.033772
9.875000	279.835519
9.858000	275.751123
9.840000	271.554623
9.822000	267.501558
9.803000	263.387775
9.783000	259.239251
9.762000	255.081548
9.740000	250.948878
9.717000	246.879438
9.692000	242.743366
9.665000	238.597717
9.636000	234.506312
9.604000	230.419981
9.568000	226.331235
9.527000	222.269971
9.479000	218.256373
9.419000	214.234298
9.338000	210.224287
9.204000	206.222650
7.641000	202.219881
7.124000	198.213858
6.858000	194.211331
6.596000	190.198739
5.785000	186.194385
5.596000	182.178798
5.500000	178.129206
5.430000	174.106663
5.374000	170.054964
5.327000	165.993211
5.286000	161.953685
5.249000	157.943302
5.214000	153.862656
5.181000	149.770504
5.150000	145.694311
5.121000	141.640871
5.094000	137.611619
5.068000	133.449724
5.044000	129.320558
5.022000	125.263200
5.001000	121.128416
4.981000	116.943682
4.962000	112.744318
4.944000	108.570169
4.927000	104.462274
4.911000	100.460057
0.000000	0.000000
& cycle # 3, chisq = 9079.613980, e = 33.973922
10.000000	485.826491
9.999000	268.866201
0.000000	0.000000
& cycle # 4, chisq = 12638.116952, e = 33.973922
10.000000	353.620797
9.892000	349.563616
9.857000	345.512841
9.830000	341.390458
9.807000	337.258147
9.787000	333.248369
9.768000	329.117206
9.750000	324.952395
9.733000	320.832037
9.717000	316.818642
9.701000	312.698759
9.685000	308.494009
9.670000	304.493948
9.655000	300.456714
9.640000	296.401821
9.625000	292.348291
9.610000	288.313148
9.595000	284.310628
9.579000	280.090371
9.563000	275.932790
9.547000	271.849613
9.530000	267.606106
9.513000	263.474260
9.496000	259.466857
9.478000	255.370431
9.459000	251.218471
9.439000	247.044114
9.418000	242.880718
9.396000	238.763525
9.373000	234.730516
9.348000	230.664238
9.321000	226.640479
9.291000	222.600765
9.257000	218.536786
9.218000	214.499046
9.171000	210.446364
9.111000	206.397246
9.027000	202.389829
8.871000	198.382842
8.114000	194.381624
6.705000	190.374941
6.198000	186.373875
5.580000	182.366150
5.479000	178.360994
5.410000	174.335393
5.357000	170.307089
5.313000	166.261842
5.275000	162.253929
5.240000	158.163545
5.208000	154.106818
5.178000	150.029124
5.150000	145.965327
5.124000	141.937366
5.099000	137.793873
5.076000	133.708820
5.054000	129.521324
5.034000	125.450386
5.015000	121.331344
4.997000	117.191509
4.980000	113.064191
4.964000	108.986358
4.948000	104.724599
4.933000	100.568309
0.000000	0.000000
& cycle # 5, chisq = 9076.008874, e = 33.973922
10.000000	416.987513
9.916000	412.973551
9.851000	408.924128
9.801000	404.901215
9.760000	400.864713
9.725000	396.820519
9.694000	392.755936
9.666000	388.672151
9.640000	384.523089
9.616000	380.396372
9.594000	376.370972
9.573000	372.315852
9.553000	368.264450
9.534000	364.251504
9.515000	360.089612
9.497000	356.021440
9.479000	351.842906
9.462000	347.804302
9.445000	343.683823
9.428000	339.488987
9.412000	335.480662
9.396000	331.422672
9.380000	327.324966
9.364000	323.198298
9.348000	319.053429
9.332000	314.900412
9.316000	310.748230
9.300000	306.604873
9.284000	302.477770
9.268000	298.374369
9.252000	294.302607
9.236000	290.271098
9.219000	286.041943
9.202000	281.879585
9.185000	277.794439
9.167000	273.563321
9.149000	269.438053
9.131000	265.425880
9.112000	261.320156
9.092000	257.148876
9.072000	253.139546
9.051000	249.112802
9.029000	245.105117
9.005000	240.989162
8.979000	236.839666
8.951000	232.733421
8.920000	228.620576
8.885000	224.511419
8.845000	220.488727
8.795000	216.425396
8.726000	212.402133
8.578000	208.393264
8.021000	204.390076
7.822000	200.383219
7.450000	196.382801
6.747000	192.370995
6.134000	188.355844
6.033000	184.302855
5.976000	180.244044
5.934000	176.173128
5.900000	172.073517
5.871000	167.926816
5.846000	163.821159
5.824000	159.769869
5.804000	155.710100
5.785000	151.505979
5.768000	147.447247
5.752000	143.363274
5.737000	139.296107
5.723000	135.287041
5.709000	131.067649
5.696000	126.957134
5.683000	122.657016
5.671000	118.515546
5.659000	114.204959
5.648000	110.101586
5.637000	105.849448
5.626000	101.445130
0.000000	0.000000
& cycle # 1, chisq = 10088.231203, e = 34.159019
10.000000	381.321742
9.865000	377.281478
9.833000	373.187097
9.810000	369.167874
9.790000	364.973619
9.773000	360.927063
9.757000	356.746853
9.742000	352.533898
9.728000	348.375019
9.715000	344.340916
9.702000	340.161534
9.689000	335.856236
9.677000	331.787211
9.665000	327.643476
9.653000	323.441669
9.641000	319.198733
9.629000	314.931281
9.617000	310.654951
9.605000	306.383984
9.593000	302.131133
9.581000	297.907879
9.569000	293.724826
9.557000	289.592107
9.545000	285.519649
9.533000	281.517225
9.520000	277.271252
9.507000	273.129753
9.494000	269.102599
9.480000	264.902915
9.466000	260.853304
9.451000	256.687578
9.435000	252.447190
9.419000	248.420930
9.402000	244.381813
9.384000	240.377194
9.364000	236.259023
9.342000	232.131585
9.318000	228.101091
9.290000	223.995929
9.257000	219.929318
9.215000	215.851891
9.154000	211.818699
8.799000	207.817041
8.552000	203.809814
8.414000	199.792828
8.280000	195.789786
8.113000	191.773697
7.097000	187.773025
5.568000	183.770396
5.441000	179.768533
5.360000	175.749572
5.300000	171.749160
5.250000	167.714326
5.206000	163.653567
5.167000	159.639132
5.131000	155.526524
5.099000	151.459600
5.070000	147.356161
5.044000	143.271748
5.020000	139.111494
4.998000	134.937061
4.978000	130.825671
4.959000	126.634037
4.941000	122.406660
4.924000	118.190310
4.908000	114.031033
4.893000	109.971933
4.878000	105.767158
4.864000	101.719406
0.000000	0.000000
& cycle # 2, chisq = 9864.485916, e = 34.159019
10.000000	312.858440
9.986000	308.610703
9.972000	304.444144
9.958000	300.356751
9.943000	296.076757
9.928000	291.905337
9.913000	287.838887
9.897000	283.625129
9.881000	279.548011
9.864000	275.364043
9.847000	271.329451
9.829000	267.225371
9.810000	263.087402
9.790000	258.944574
9.769000	254.820740
9.747000	250.745663
9.723000	246.588410
9.698000	242.571069
9.671000	238.570194
9.641000	234.514609
9.608000	230.511986
9.570000	226.458912
9.526000	222.427233
9.473000	218.416109
9.404000	214.373314
9.305000	210.371520
9.103000	206.366448
7.379000	202.363284
7.044000	198.348347
6.795000	194.332246
6.514000	190.326498
5.704000	186.315679
5.558000	182.300206
5.469000	178.284207
5.402000	174.261812
5.348000	170.231077
5.302000	166.197117
5.261000	162.162068
5.223000	158.093240
5.188000	154.086399
5.155000	150.070342
5.124000	146.049212
5.095000	142.016458
5.068000	137.971414
5.043000	133.929855
5.020000	129.927151
4.998000	125.822752
4.977000	121.644104
4.958000	117.644090
4.939000	113.442745
4.921000	109.288353
4.904000	105.222777
4.887000	101.034385
0.000000	0.000000
& cycle # 3, chisq = 9866.754808, e = 34.159019
10.000000	485.826491
9.999000	272.264334
0.000000	0.000000
& cycle # 4, chisq = 13532.891381, e = 34.159019
10.000000	353.620797
9.911000	349.603711
9.875000	345.543506
9.847000	341.391317
9.824000	337.384146
9.803000	333.314491
9.783000	329.116259
9.765000	325.101915
9.747000	320.900262
9.730000	316.794611
9.713000	312.585881
9.697000	308.553067
9.681000	304.469703
9.665000	300.354468
9.649000	296.227390
9.633000	292.109035
9.617000	288.018542
9.601000	283.971965
9.584000	279.734701
9.567000	275.573518
9.550000	271.499605
9.532000	267.293901
9.514000	263.212681
9.495000	259.053550
9.475000	254.852373
9.455000	250.839602
9.434000	246.831885
9.411000	242.685260
9.387000	238.630487
9.361000	234.553859
9.333000	230.529925
9.302000	226.504069
9.267000	222.466609
9.227000	218.459032
9.179000	214.431303
9.118000	210.389367
9.034000	206.373969
8.890000	202.359674
8.436000	198.358900
7.570000	194.357695
6.568000	190.350320
6.127000	186.346835
5.518000	182.336058
5.415000	178.333157
5.346000	174.279401
5.293000	170.263867
5.248000	166.248544
5.208000	162.243894
5.171000	158.177067
5.137000	154.097591
5.106000	150.033365
5.078000	146.017108
5.052000	141.938502
5.028000	137.832724
5.006000	133.754335
4.985000	129.565666
4.966000	125.522968
4.948000	121.474364
4.931000	117.462754
4.914000	113.279495
4.898000	109.197768
4.882000	104.989204
4.867000	100.940764
0.000000	0.000000
& cycle # 5, chisq = 9863.141223, e = 34.159019
10.000000	416.987513
9.999000	310.762282
9.998000	205.091952
0.000000	0.000000
& cycle # 1, chisq = 8333.916071, e = 29.456237
10.000000	381.321742
9.777000	377.287316
9.725000	373.247317
9.687000	369.163036
9.656000	365.077720
9.629000	360.965770
9.605000	356.891660
9.583000	352.821192
9.562000	348.644130
9.543000	344.628811
9.524000	340.402585
9.506000	336.219545
9.489000	332.123116
9.472000	327.897984
9.456000	323.814173
9.440000	319.635674
9.424000	315.371852
9.409000	311.306287
9.394000	307.184637
9.379000	303.017638
9.364000	298.816538
9.349000	294.592477
9.334000	290.355941
9.319000	286.116456
9.304000	281.882620
9.289000	277.662393
9.274000	273.463528
9.259000	269.293971
9.244000	265.162083
9.229000	261.076629
9.214000	257.046531
9.198000	252.818552
9.182000	248.673161
9.166000	244.618839
9.149000	240.418799
9.132000	236.336463
9.114000	232.148672
9.096000	228.105414
9.077000	224.000924
9.057000	219.869364
9.036000	215.748432
9.014000	211.678414
8.990000	207.533807
8.964000	203.394446
8.936000	199.340473
8.905000	195.328621
8.869000	191.276745
8.826000	187.254646
8.770000	183.251167
8.679000	179.223548
8.133000	175.212425
7.834000	171.209485
7.321000	167.189150
7.238000	163.164599
7.183000	159.115172
7.140000	155.031760
7.104000	150.933363
7.073000	146.878644
7.045000	142.780438
7.020000	138.759134
6.997000	134.747963
6.975000	130.623650
6.954000	126.417889
6.935000	122.381767
6.917000	118.352811
6.899000	114.122434
6.882000	109.941574
6.866000	105.842378
6.850000	101.584936
0.000000	0.000000
& cycle # 2, chisq = 7399.798347, e = 29.456237
10.000000	312.858440
9.907000	308.850751
9.705000	304.839321
9.559000	300.813896
9.472000	296.769182
9.408000	292.708410
9.356000	288.632286
9.311000	284.536140
9.271000	280.451679
9.235000	276.421110
9.201000	272.324771
9.169000	268.238109
9.139000	264.223584
9.110000	260.188628
9.082000	256.162407
9.054000	252.025939
9.027000	247.954428
9.000000	243.824668
8.974000	239.812399
8.948000	235.781077
8.922000	231.743938
8.896000	227.714293
8.870000	223.707572
8.843000	219.590150
8.816000	215.537541
8.788000	211.423396
8.760000	207.415608
8.731000	203.389459
8.701000	199.369294
8.669000	195.257281
8.636000	191.225365
8.601000	187.201710
8.563000	183.146280
8.522000	179.144378
8.476000	175.111459
8.423000	171.054501
8.360000	167.042978
8.277000	163.017645
8.143000	158.997604
6.667000	154.991329
6.428000	150.981373
6.310000	146.980482
6.224000	142.962819
6.153000	138.937596
6.091000	134.917795
6.035000	130.864080
5.984000	126.805170
5.937000	122.765305
5.893000	118.756097
5.850000	114.662913
5.809000	110.622619
5.769000	106.557576
5.730000	102.472167
0.000000	0.000000
& cycle # 3, chisq = 6152.528499, e = 29.456237
10.000000	353.620797
9.843000	349.557162
9.800000	345.538565
9.767000	341.487764
9.739000	337.439444
9.714000	333.407228
9.691000	329.388776
9.669000	325.296947
9.648000	321.194514
9.628000	317.139591
9.608000	312.969002
9.589000	308.921225
9.570000	304.806632
9.551000	300.640657
9.532000	296.440227
9.513000	292.223985
9.494000	288.010365
9.475000	283.815192
9.456000	279.650536
9.437000	275.525426
9.418000	271.447723
9.399000	267.425814
9.379000	263.262866
9.359000	259.183394
9.338000	255.000246
9.317000	250.927147
9.295000	246.782080
9.273000	242.763348
9.250000	238.698489
9.226000	234.609023
9.201000	230.519517
9.175000	226.455187
9.148000	222.438059
9.119000	218.347390
9.088000	214.219000
9.056000	210.211009
9.021000	206.114351
8.984000	202.100607
8.943000	198.010029
8.899000	193.995423
8.850000	189.933056
8.796000	185.913951
8.735000	181.889178
8.666000	177.876942
8.587000	173.865370
8.495000	169.845899
8.388000	165.813304
8.263000	161.788534
8.118000	157.768666
7.947000	153.755355
7.737000	149.747409
7.434000	145.740614
5.741000	141.736974
5.442000	137.728801
5.300000	133.721585
5.197000	129.688767
5.110000	125.656670
5.041000	121.648986
4.986000	117.567537
4.941000	113.525610
4.901000	109.438298
4.864000	105.334852
4.829000	101.259736
0.000000	0.000000
& cycle # 5, chisq = 5632.429642, e = 29.456237
10.000000	348.878994
9.778000	344.860469
9.675000	340.857719
9.307000	336.837746
9.207000	332.820169
9.151000	328.747243
9.109000	324.735192
9.073000	320.621602
9.042000	316.586333
9.014000	312.566841
8.988000	308.534487
8.963000	304.401180
8.940000	300.389777
8.918000	296.377017
8.896000	292.204721
8.875000	288.086629
8.855000	284.055405
8.835000	279.931963
8.815000	275.730877
8.796000	271.680840
8.777000	267.584832
8.758000	263.453195
8.739000	259.295498
8.720000	255.120958
8.701000	250.938931
8.682000	246.759287
8.663000	242.592536
8.644000	238.449664
8.625000	234.341725
8.606000	230.279313
8.587000	226.272066
8.567000	222.122684
8.547000	218.051832
8.526000	213.869319
8.505000	209.787522
8.483000	205.626203
8.461000	201.589592
8.438000	197.511116
8.414000	193.419014
8.389000	189.343887
8.363000	185.317206
8.335000	181.227847
8.305000	177.132356
8.273000	173.086568
8.238000	169.035729
8.199000	164.973451
8.155000	160.950151
8.103000	156.932001
8.037000	152.882722
7.944000	148.857586
7.730000	144.851265
6.281000	140.850773
5.670000	136.842650
5.490000	132.816192
5.380000	128.802225
5.294000	124.775517
5.225000	120.753115
5.168000	116.708225
5.118000	112.626065
5.072000	108.563845
5.027000	104.474802
4.982000	100.394861
0.000000	0.000000
& cycle # 6, chisq = 5862.621037, e = 29.456237
10.000000	381.321742
9.982000	377.275198
9.951000	373.263852
9.786000	369.235065
9.741000	365.125656
9.712000	361.119064
9.688000	357.008300
9.667000	352.845896
9.648000	348.656565
9.631000	344.598307
9.615000	340.538801
9.599000	336.271614
9.584000	332.103470
9.570000	328.084040
9.556000	323.956243
9.542000	319.737005
9.528000	315.444249
9.515000	311.408452
9.502000	307.339899
9.489000	303.252612
9.476000	299.159575
9.463000	295.072604
9.450000	291.002476
9.437000	286.959228
9.424000	282.952500
9.410000	278.689313
9.396000	274.491365
9.382000	270.370357
9.368000	266.337496
9.353000	262.126035
9.338000	258.038488
9.322000	253.825062
9.306000	249.771192
9.289000	245.645867
9.271000	241.488570
9.252000	237.341713
9.232000	233.250854
9.210000	229.082256
9.186000	224.934856
9.160000	220.910366
9.130000	216.854705
9.094000	212.773167
9.048000	208.699312
8.979000	204.665441
8.562000	200.654848
8.371000	196.647719
8.224000	192.642370
7.782000	188.639851
7.598000	184.604941
7.532000	180.533705
7.486000	176.454606
7.450000	172.424077
7.419000	168.301757
7.392000	164.186255
7.368000	160.097137
7.346000	155.978486
7.326000	151.916612
7.307000	147.769177
7.289000	143.573400
7.272000	139.366412
7.256000	135.185069
7.241000	131.065738
7.227000	127.044004
7.213000	122.848906
7.200000	118.796456
7.187000	114.591492
7.175000	110.573796
7.163000	106.424860
7.151000	102.144460
0.000000	0.000000
& cycle # 2, chisq = 9008.220548, e = 30.624015
10.000000	312.858440
9.941000	308.857720
9.905000	304.786255
9.876000	300.650646
9.851000	296.527645
9.829000	292.517672
9.808000	288.407981
9.788000	284.274408
9.769000	280.176652
9.751000	276.169588
9.733000	272.071923
9.715000	267.911993
9.697000	263.712560
9.679000	259.492754
9.661000	255.272191
9.643000	251.072802
9.625000	246.917033
9.607000	242.824555
9.589000	238.810426
9.570000	234.670685
9.551000	230.642301
9.531000	226.535641
9.510000	222.387590
9.488000	218.238923
9.465000	214.129892
9.441000	210.097072
9.415000	206.023466
9.387000	201.981639
9.356000	197.928122
9.321000	193.880617
9.280000	189.819689
9.230000	185.775795
9.163000	181.753611
9.046000	177.750717
8.332000	173.749727
8.025000	169.741811
7.681000	165.737759
6.187000	161.733761
5.813000	157.718534
5.650000	153.687566
5.538000	149.668556
5.446000	145.623823
5.370000	141.611551
5.305000	137.588359
5.246000	133.535161
5.191000	129.525819
5.138000	125.460609
5.089000	121.400004
5.045000	117.332877
5.006000	113.265617
4.971000	109.187706
4.939000	105.105303
4.909000	101.006261
0.000000	0.000000
& cycle # 3, chisq = 6681.520268, e = 30.624015
10.000000	353.620797
9.904000	349.548179
9.875000	345.502912
9.853000	341.424324
9.834000	337.230928
9.817000	332.995956
9.802000	328.915021
9.788000	324.840905
9.774000	320.535523
9.761000	316.354738
9.748000	312.023052
9.736000	307.912710
9.724000	303.714909
9.712000	299.447551
9.700000	295.127031
9.688000	290.768776
9.677000	286.753499
9.666000	282.731077
9.655000	278.713544
9.644000	274.712914
9.632000	270.381482
9.620000	266.097886
9.608000	261.874454
9.596000	257.721792
9.584000	253.648987
9.571000	249.336125
9.558000	245.135589
9.545000	241.056166
9.531000	236.808063
9.517000	232.720034
9.502000	228.527264
9.486000	224.277246
9.470000	220.262555
9.453000	216.257536
9.434000	212.098537
9.414000	208.078740
9.392000	204.074635
9.367000	200.044034
9.338000	196.035246
9.302000	191.985905
9.253000	187.921013
9.166000	183.914291
8.706000	179.910757
8.544000	175.889693
8.386000	171.881640
8.046000	167.880414
7.338000	163.867570
7.073000	159.854216
6.542000	155.852440
5.395000	151.846803
5.277000	147.830212
5.197000	143.780971
5.134000	139.761553
5.083000	135.732676
5.041000	131.653001
5.006000	127.574003
4.976000	123.512162
4.949000	119.384597
4.925000	115.341552
4.903000	111.339278
4.882000	107.272494
4.862000	103.193882
0.000000	0.000000
& cycle # 5, chisq = 6654.419530, e = 30.624015
10.000000	348.878994
9.964000	344.760952
9.936000	340.647008
9.912000	336.527785
9.891000	332.511623
9.871000	328.370096
9.852000	324.172488
9.834000	319.986757
9.817000	315.876802
9.800000	311.638466
9.784000	307.547916
9.768000	303.373880
9.752000	299.134502
9.737000	295.118829
9.722000	291.079178
9.707000	287.028060
9.692000	282.975264
9.677000	278.929662
9.662000	274.900950
9.647000	270.900146
9.631000	266.676306
9.615000	262.509886
9.599000	258.410730
9.583000	254.385825
9.566000	250.196608
9.549000	246.103261
9.531000	241.881476
9.513000	237.784386
9.494000	233.604493
9.475000	229.580394
9.455000	225.516465
9.434000	221.439610
9.412000	217.376909
9.389000	213.357950
9.364000	209.256864
9.337000	205.141795
9.308000	201.078614
9.276000	197.004081
9.240000	192.902105
9.199000	188.816763
9.151000	184.775967
9.091000	180.717429
9.010000	176.682108
8.872000	172.673363
7.717000	168.670737
7.224000	164.670126
6.858000	160.666665
5.889000	156.664384
5.605000	152.660395
5.484000	148.647773
5.397000	144.642030
5.329000	140.637685
5.271000	136.601612
5.219000	132.590629
5.170000	128.530388
5.125000	124.523434
5.083000	120.430638
5.046000	116.423204
5.012000	112.319885
4.981000	108.182699
4.953000	104.114791
4.927000	100.073830
0.000000	0.000000
& cycle # 6, chisq = 6677.374790, e = 30.624015
10.000000	317.908451
9.963000	313.887357
9.929000	309.858491
9.897000	305.806755
9.866000	301.683945
9.837000	297.666577
9.808000	293.528400
9.780000	289.441465
9.753000	285.425000
9.726000	281.359758
9.699000	277.268048
9.672000	273.157462
9.645000	269.038609
9.618000	264.932533
9.591000	260.856822
9.564000	256.817824
9.536000	252.672850
9.508000	248.585565
9.480000	244.572998
9.451000	240.506306
9.421000	236.396761
9.391000	232.389261
9.360000	228.366948
9.328000	224.355982
9.294000	220.257742
9.259000	216.211576
9.222000	212.124928
9.183000	208.041764
9.142000	204.008102
9.098000	199.966915
9.051000	195.965076
8.999000	191.920083
8.941000	187.883770
8.875000	183.855865
8.797000	179.824105
8.699000	175.811259
8.559000	171.792228
8.153000	167.792118
7.192000	163.790672
6.761000	159.789601
5.778000	155.773890
5.607000	151.766701
5.493000	147.727938
5.402000	143.689764
5.327000	139.640231
5.262000	135.631335
5.201000	131.607278
5.142000	127.539048
5.087000	123.461392
5.038000	119.385243
4.995000	115.313593
4.957000	111.281852
4.922000	107.234093
4.889000	103.188783
0.000000	0.000000
& cycle # 7, chisq = 6703.952492, e = 30.624015
