0.000000	3.900788
0.652782	3.900788
0.652782	4.879801
1.334645	4.879801
1.334645	4.959634
1.794901	4.959634
1.794901	5.001161
2.528501	5.001161
2.528501	5.035082
3.248112	5.035082
3.248112	5.056941
3.832916	5.056941
3.832916	5.079172
4.907489	5.079172
4.907489	5.107784
5.906694	5.107784
5.906694	5.138434
6.674723	5.138434
6.674723	5.185609
7.905314	5.185609
7.905314	5.251964
8.931237	5.251964
8.931237	5.305786
9.730332	5.305786
9.730332	5.354308
11.141275	5.354308
11.141275	5.394028
12.462977	5.394028
12.462977	5.420689
13.597335	5.420689
13.597335	5.454300
15.590087	5.454300
15.590087	5.505224
17.287642	5.505224
17.287642	5.567702
18.592813	5.567702
18.592813	5.681695
20.471256	5.681695
20.471256	5.886923
21.751836	5.886923
21.751836	6.132203
22.637006	6.132203
22.637006	6.472758
23.884101	6.472758
23.884101	6.820869
24.860662	6.820869
24.860662	7.021920
25.687761	7.021920
25.687761	7.189043
27.061042	7.189043
27.061042	7.347280
28.283311	7.347280
28.283311	7.474467
29.369277	7.474467
29.369277	7.627267
31.171214	7.627267
31.171214	7.804107
32.748103	7.804107
32.748103	7.958957
34.128989	7.958957
34.128989	8.141803
36.274350	8.141803
36.274350	8.339539
38.105826	8.339539
38.105826	8.496007
39.723825	8.496007
39.723825	8.653209
42.169378	8.653209
42.169378	8.795986
44.345447	8.795986
44.345447	8.892872
46.319454	8.892872
46.319454	8.976195
49.251088	8.976195
49.251088	9.043212
51.896391	9.043212
51.896391	9.084917
54.316657	9.084917
54.316657	9.117067
57.752156	9.117067
57.752156	9.140484
60.831033	9.140484
60.831033	9.154476
63.614824	9.154476
& cycle # 2, chisq = 8184.854767, e = 32.460027
0.000000	3.964465
0.652782	3.964465
0.652782	4.951173
1.334645	4.951173
1.334645	5.031345
1.794901	5.031345
1.794901	5.072994
2.528501	5.072994
2.528501	5.106836
3.248112	5.106836
3.248112	5.128448
3.832916	5.128448
3.832916	5.150141
4.907489	5.150141
4.907489	5.177743
5.906694	5.177743
5.906694	5.207123
6.674723	5.207123
6.674723	5.252174
7.905314	5.252174
7.905314	5.315348
8.931237	5.315348
8.931237	5.366410
9.730332	5.366410
9.730332	5.412209
11.141275	5.412209
11.141275	5.449462
12.462977	5.449462
12.462977	5.474322
13.597335	5.474322
13.597335	5.505558
15.590087	5.505558
15.590087	5.552841
17.287642	5.552841
17.287642	5.610861
18.592813	5.610861
18.592813	5.716786
20.471256	5.716786
20.471256	5.907667
21.751836	5.907667
21.751836	6.136090
22.637006	6.136090
22.637006	6.453955
23.884101	6.453955
23.884101	6.780264
24.860662	6.780264
24.860662	6.970363
25.687761	6.970363
25.687761	7.130584
27.061042	7.130584
27.061042	7.284562
28.283311	7.284562
28.283311	7.410045
29.369277	7.410045
29.369277	7.562782
31.171214	7.562782
31.171214	7.741747
32.748103	7.741747
32.748103	7.900266
34.128989	7.900266
34.128989	8.089483
36.274350	8.089483
36.274350	8.296290
38.105826	8.296290
38.105826	8.461755
39.723825	8.461755
39.723825	8.630003
42.169378	8.630003
42.169378	8.784845
44.345447	8.784845
44.345447	8.891410
46.319454	8.891410
46.319454	8.984268
49.251088	8.984268
49.251088	9.059800
51.896391	9.059800
51.896391	9.107276
54.316657	9.107276
54.316657	9.144242
57.752156	9.144242
57.752156	9.171524
60.831033	9.171524
60.831033	9.188137
63.614824	9.188137
& cycle # 3, chisq = 8182.287562, e = 32.460027
0.000000	4.014800
0.652782	4.014800
0.652782	4.988450
1.334645	4.988450
1.334645	5.065220
1.794901	5.065220
1.794901	5.105043
2.528501	5.105043
2.528501	5.137463
3.248112	5.137463
3.248112	5.158251
3.832916	5.158251
3.832916	5.179249
4.907489	5.179249
4.907489	5.206124
5.906694	5.206124
5.906694	5.234834
6.674723	5.234834
6.674723	5.278973
7.905314	5.278973
7.905314	5.341036
8.931237	5.341036
8.931237	5.391394
9.730332	5.391394
9.730332	5.436878
11.141275	5.436878
11.141275	5.474299
12.462977	5.474299
12.462977	5.499627
13.597335	5.499627
13.597335	5.531805
15.590087	5.531805
15.590087	5.580759
17.287642	5.580759
17.287642	5.640918
18.592813	5.640918
18.592813	5.750762
20.471256	5.750762
20.471256	5.948628
21.751836	5.948628
21.751836	6.185229
22.637006	6.185229
22.637006	6.513964
23.884101	6.513964
23.884101	6.850385
24.860662	6.850385
24.860662	7.045095
25.687761	7.045095
25.687761	7.207440
27.061042	7.207440
27.061042	7.361624
28.283311	7.361624
28.283311	7.485897
29.369277	7.485897
29.369277	7.635589
31.171214	7.635589
31.171214	7.809255
32.748103	7.809255
32.748103	7.961654
34.128989	7.961654
34.128989	8.141938
36.274350	8.141938
36.274350	8.337212
38.105826	8.337212
38.105826	8.491956
39.723825	8.491956
39.723825	8.647644
42.169378	8.647644
42.169378	8.789246
44.345447	8.789246
44.345447	8.885472
46.319454	8.885472
46.319454	8.968327
49.251088	8.968327
49.251088	9.035027
51.896391	9.035027
51.896391	9.076557
54.316657	9.076557
54.316657	9.108582
57.752156	9.108582
57.752156	9.131911
60.831033	9.131911
60.831033	9.145850
63.614824	9.145850
& cycle # 5, chisq = 8185.408367, e = 32.460027
0.000000	3.967588
0.652782	3.967588
0.652782	4.917454
1.334645	4.917454
1.334645	4.993813
1.794901	4.993813
1.794901	5.034190
2.528501	5.034190
2.528501	5.067349
3.248112	5.067349
3.248112	5.088743
3.832916	5.088743
3.832916	5.110476
4.907489	5.110476
4.907489	5.138401
5.906694	5.138401
5.906694	5.168278
6.674723	5.168278
6.674723	5.214222
7.905314	5.214222
7.905314	5.278795
8.931237	5.278795
8.931237	5.331121
9.730332	5.331121
9.730332	5.378224
11.141275	5.378224
11.141275	5.416700
12.462977	5.416700
12.462977	5.442466
13.597335	5.442466
13.597335	5.474889
15.590087	5.474889
15.590087	5.523967
17.287642	5.523967
17.287642	5.584152
18.592813	5.584152
18.592813	5.693925
20.471256	5.693925
20.471256	5.891499
21.751836	5.891499
21.751836	6.127561
22.637006	6.127561
22.637006	6.455228
23.884101	6.455228
23.884101	6.790146
24.860662	6.790146
24.860662	6.983731
25.687761	6.983731
25.687761	7.145149
27.061042	7.145149
27.061042	7.298827
28.283311	7.298827
28.283311	7.423193
29.369277	7.423193
29.369277	7.573744
31.171214	7.573744
31.171214	7.749361
32.748103	7.749361
32.748103	7.904342
34.128989	7.904342
34.128989	8.088763
36.274350	8.088763
36.274350	8.289763
38.105826	8.289763
38.105826	8.450138
39.723825	8.450138
39.723825	8.612741
42.169378	8.612741
42.169378	8.761920
44.345447	8.761920
44.345447	8.864249
46.319454	8.864249
46.319454	8.953140
49.251088	8.953140
49.251088	9.025247
51.896391	9.025247
51.896391	9.070452
54.316657	9.070452
54.316657	9.105549
57.752156	9.105549
57.752156	9.131346
60.831033	9.131346
60.831033	9.146960
63.614824	9.146960
& cycle # 6, chisq = 8182.087273, e = 32.460027
0.000000	3.993941
0.652782	3.993941
0.652782	5.022167
1.334645	5.022167
1.334645	5.104726
1.794901	5.104726
1.794901	5.146292
2.528501	5.146292
2.528501	5.179550
3.248112	5.179550
3.248112	5.200568
3.832916	5.200568
3.832916	5.221479
4.907489	5.221479
4.907489	5.247936
5.906694	5.247936
5.906694	5.276042
6.674723	5.276042
6.674723	5.319135
7.905314	5.319135
7.905314	5.379606
8.931237	5.379606
8.931237	5.428561
9.730332	5.428561
9.730332	5.472631
11.141275	5.472631
11.141275	5.508730
12.462977	5.508730
12.462977	5.533059
13.597335	5.533059
13.597335	5.563887
15.590087	5.563887
15.590087	5.610752
17.287642	5.610752
17.287642	5.668353
18.592813	5.668353
18.592813	5.773595
20.471256	5.773595
20.471256	5.963351
21.751836	5.963351
21.751836	6.190553
22.637006	6.190553
22.637006	6.506948
23.884101	6.506948
23.884101	6.832082
24.860662	6.832082
24.860662	7.021773
25.687761	7.021773
25.687761	7.181833
27.061042	7.181833
27.061042	7.335649
28.283311	7.335649
28.283311	7.460876
29.369277	7.460876
29.369277	7.613058
31.171214	7.613058
31.171214	7.791030
32.748103	7.791030
32.748103	7.948331
34.128989	7.948331
34.128989	8.135653
36.274350	8.135653
36.274350	8.339861
38.105826	8.339861
38.105826	8.502773
39.723825	8.502773
39.723825	8.667877
42.169378	8.667877
42.169378	8.819259
44.345447	8.819259
44.345447	8.923022
46.319454	8.923022
46.319454	9.013092
49.251088	9.013092
49.251088	9.086108
51.896391	9.086108
51.896391	9.131858
54.316657	9.131858
54.316657	9.167359
57.752156	9.167359
57.752156	9.193437
60.831033	9.193437
60.831033	9.209211
63.614824	9.209211
& cycle # 7, chisq = 8187.142721, e = 32.460027
0.000000	3.991088
0.647976	3.991088
0.647976	4.934420
1.330799	4.934420
1.330799	5.006531
1.790995	5.006531
1.790995	5.043878
2.527037	5.043878
2.527037	5.074350
3.249294	5.074350
3.249294	5.093947
3.835650	5.093947
3.835650	5.114057
4.915342	5.114057
4.915342	5.140391
5.914994	5.140391
5.914994	5.168929
6.679178	5.168929
6.679178	5.213079
7.902100	5.213079
7.902100	5.274889
8.919346	5.274889
8.919346	5.324213
9.712808	5.324213
9.712808	5.368223
11.123796	5.368223
11.123796	5.404572
12.447944	5.404572
12.447944	5.429394
13.584296	5.429394
13.584296	5.461015
15.588116	5.461015
15.588116	5.509178
17.293706	5.509178
17.293706	5.568468
18.602939	5.568468
18.602939	5.677321
20.489038	5.677321
20.489038	5.874632
21.768810	5.874632
21.768810	6.111444
22.649919	6.111444
22.649919	6.441252
23.892136	6.441252
23.892136	6.777787
24.863799	6.777787
24.863799	6.971317
25.686904	6.971317
25.686904	7.132969
27.058832	7.132969
27.058832	7.286867
28.279940	7.286867
28.279940	7.410803
29.364981	7.410803
29.364981	7.560473
31.172111	7.560473
31.172111	7.734980
32.752999	7.734980
32.752999	7.889177
34.136375	7.889177
34.136375	8.073804
36.289587	8.073804
36.289587	8.276622
38.123218	8.276622
38.123218	8.439699
39.739436	8.439699
39.739436	8.606657
42.183583	8.606657
42.183583	8.761362
44.353033	8.761362
44.353033	8.868742
46.318127	8.868742
46.318127	8.964254
49.242503	8.964254
49.242503	9.044863
51.881812	9.044863
51.881812	9.098214
54.301094	9.098214
54.301094	9.142019
57.760207	9.142019
57.760207	9.175106
60.886635	9.175106
60.886635	9.194284
63.744230	9.194284
& cycle # 2, chisq = 8293.303266, e = 32.652186
0.000000	4.087382
0.647976	4.087382
0.647976	5.028281
1.330799	5.028281
1.330799	5.103137
1.790995	5.103137
1.790995	5.142999
2.527037	5.142999
2.527037	5.175553
3.249294	5.175553
3.249294	5.196229
3.835650	5.196229
3.835650	5.216974
4.915342	5.216974
4.915342	5.243603
5.914994	5.243603
5.914994	5.272130
6.679178	5.272130
6.679178	5.315947
7.902100	5.315947
7.902100	5.376888
8.919346	5.376888
8.919346	5.425104
9.712808	5.425104
9.712808	5.467530
11.123796	5.467530
11.123796	5.501882
12.447944	5.501882
12.447944	5.524832
13.584296	5.524832
13.584296	5.553608
15.588116	5.553608
15.588116	5.597137
17.293706	5.597137
17.293706	5.650642
18.602939	5.650642
18.602939	5.748925
20.489038	5.748925
20.489038	5.927322
21.768810	5.927322
21.768810	6.141885
22.649919	6.141885
22.649919	6.441816
23.892136	6.441816
23.892136	6.749965
24.863799	6.749965
24.863799	6.929533
25.686904	6.929533
25.686904	7.082467
27.058832	7.082467
27.058832	7.230841
28.279940	7.230841
28.279940	7.352249
29.364981	7.352249
29.364981	7.500934
31.172111	7.500934
31.172111	7.676476
32.752999	7.676476
32.752999	7.833342
34.136375	7.833342
34.136375	8.023162
36.289587	8.023162
36.289587	8.233892
38.123218	8.233892
38.123218	8.405264
39.739436	8.405264
39.739436	8.582993
42.183583	8.582993
42.183583	8.750161
44.353033	8.750161
44.353033	8.868156
46.318127	8.868156
46.318127	8.974836
49.242503	8.974836
49.242503	9.066117
51.881812	9.066117
51.881812	9.127169
54.301094	9.127169
54.301094	9.177670
57.760207	9.177670
57.760207	9.216066
60.886635	9.216066
60.886635	9.238500
63.744230	9.238500
& cycle # 3, chisq = 8300.232085, e = 32.652186
0.000000	4.045340
0.647976	4.045340
0.647976	4.961117
1.330799	4.961117
1.330799	5.032591
1.790995	5.032591
1.790995	5.070856
2.527037	5.070856
2.527037	5.102415
3.249294	5.102415
3.249294	5.122757
3.835650	5.122757
3.835650	5.143583
4.915342	5.143583
4.915342	5.170765
5.914994	5.170765
5.914994	5.200150
6.679178	5.200150
6.679178	5.245529
7.902100	5.245529
7.902100	5.308960
8.919346	5.308960
8.919346	5.359476
9.712808	5.359476
9.712808	5.404419
11.123796	5.404419
11.123796	5.441410
12.447944	5.441410
12.447944	5.466594
13.584296	5.466594
13.584296	5.498619
15.588116	5.498619
15.588116	5.547365
17.293706	5.547365
17.293706	5.607361
18.602939	5.607361
18.602939	5.717496
20.489038	5.717496
20.489038	5.917090
21.768810	5.917090
21.768810	6.156562
22.649919	6.156562
22.649919	6.489849
23.892136	6.489849
23.892136	6.829447
24.863799	6.829447
24.863799	7.024114
25.686904	7.024114
25.686904	7.185807
27.058832	7.185807
27.058832	7.338734
28.279940	7.338734
28.279940	7.461082
29.364981	7.461082
29.364981	7.607872
31.172111	7.607872
31.172111	7.777944
32.752999	7.777944
32.752999	7.927329
34.136375	7.927329
34.136375	8.105185
36.289587	8.105185
36.289587	8.299480
38.123218	8.299480
38.123218	8.454794
39.739436	8.454794
39.739436	8.612778
42.183583	8.612778
42.183583	8.758089
44.353033	8.758089
44.353033	8.858121
46.318127	8.858121
46.318127	8.946398
49.242503	8.946398
49.242503	9.020421
51.881812	9.020421
51.881812	9.069193
54.301094	9.069193
54.301094	9.109139
57.760207	9.109139
57.760207	9.139268
60.886635	9.139268
60.886635	9.156716
63.744230	9.156716
& cycle # 5, chisq = 8300.089304, e = 32.652186
0.000000	4.002875
0.647976	4.002875
0.647976	4.903760
1.330799	4.903760
1.330799	4.976465
1.790995	4.976465
1.790995	5.016136
2.527037	5.016136
2.527037	5.049074
3.249294	5.049074
3.249294	5.070379
3.835650	5.070379
3.835650	5.092239
4.915342	5.092239
4.915342	5.120804
5.914994	5.120804
5.914994	5.151690
6.679178	5.151690
6.679178	5.199363
7.902100	5.199363
7.902100	5.265926
8.919346	5.265926
8.919346	5.318823
9.712808	5.318823
9.712808	5.365649
11.123796	5.365649
11.123796	5.403815
12.447944	5.403815
12.447944	5.429437
13.584296	5.429437
13.584296	5.461615
15.588116	5.461615
15.588116	5.510266
17.293706	5.510266
17.293706	5.569980
18.602939	5.569980
18.602939	5.679442
20.489038	5.679442
20.489038	5.877594
21.768810	5.877594
21.768810	6.115078
22.649919	6.115078
22.649919	6.445139
23.892136	6.445139
23.892136	6.780836
24.863799	6.780836
24.863799	6.972844
25.686904	6.972844
25.686904	7.132233
27.058832	7.132233
27.058832	7.283379
28.279940	7.283379
28.279940	7.404902
29.364981	7.404902
29.364981	7.551647
31.172111	7.551647
31.172111	7.722903
32.752999	7.722903
32.752999	7.874475
34.136375	7.874475
34.136375	8.056381
36.289587	8.056381
36.289587	8.256792
38.123218	8.256792
38.123218	8.418515
39.739436	8.418515
39.739436	8.584828
42.183583	8.584828
42.183583	8.739775
44.353033	8.739775
44.353033	8.847998
46.318127	8.847998
46.318127	8.944866
49.242503	8.944866
49.242503	9.027060
51.881812	9.027060
51.881812	9.081691
54.301094	9.081691
54.301094	9.126689
57.760207	9.126689
57.760207	9.160778
60.886635	9.160778
60.886635	9.180612
63.744230	9.180612
& cycle # 6, chisq = 8299.741186, e = 32.652186
0.000000	3.964507
0.647976	3.964507
0.647976	4.925871
1.330799	4.925871
1.330799	5.003413
1.790995	5.003413
1.790995	5.044189
2.527037	5.044189
2.527037	5.077556
3.249294	5.077556
3.249294	5.098957
3.835650	5.098957
3.835650	5.120772
4.915342	5.120772
4.915342	5.149157
5.914994	5.149157
5.914994	5.179792
6.679178	5.179792
6.679178	5.227044
7.902100	5.227044
7.902100	5.292986
8.919346	5.292986
8.919346	5.345364
9.712808	5.345364
9.712808	5.391714
11.123796	5.391714
11.123796	5.429492
12.447944	5.429492
12.447944	5.454875
13.584296	5.454875
13.584296	5.486791
15.588116	5.486791
15.588116	5.535090
17.293706	5.535090
17.293706	5.594412
18.602939	5.594412
18.602939	5.703218
20.489038	5.703218
20.489038	5.900323
21.768810	5.900323
21.768810	6.136754
22.649919	6.136754
22.649919	6.465774
23.892136	6.465774
23.892136	6.801091
24.863799	6.801091
24.863799	6.993509
25.686904	6.993509
25.686904	7.153780
27.058832	7.153780
27.058832	7.305986
28.279940	7.305986
28.279940	7.428312
29.364981	7.428312
29.364981	7.575779
31.172111	7.575779
31.172111	7.747463
32.752999	7.747463
32.752999	7.898992
34.136375	7.898992
34.136375	8.080289
36.289587	8.080289
36.289587	8.279380
38.123218	8.279380
38.123218	8.439465
39.739436	8.439465
39.739436	8.603427
42.183583	8.603427
42.183583	8.755480
44.353033	8.755480
44.353033	8.861145
46.318127	8.861145
46.318127	8.955275
49.242503	8.955275
49.242503	9.034850
51.881812	9.034850
51.881812	9.087614
54.301094	9.087614
54.301094	9.131028
57.760207	9.131028
57.760207	9.163914
60.886635	9.163914
60.886635	9.183062
63.744230	9.183062
& cycle # 7, chisq = 8301.763410, e = 32.652186
0.000000	3.532351
1.172753	3.532351
1.172753	4.015702
1.766901	4.015702
1.766901	4.103859
2.134398	4.103859
2.134398	4.160714
2.746865	4.160714
2.746865	4.218183
3.350887	4.218183
3.350887	4.261087
3.839161	4.261087
3.839161	4.308292
4.801463	4.308292
4.801463	4.362936
5.743259	4.362936
5.743259	4.413927
6.500831	4.413927
6.500831	4.494351
7.837555	4.494351
7.837555	4.624327
8.957581	4.624327
8.957581	4.757861
9.786969	4.757861
9.786969	4.915536
11.218192	4.915536
11.218192	5.051631
12.491068	5.051631
12.491068	5.119601
13.566636	5.119601
13.566636	5.179320
15.560369	5.179320
15.560369	5.253314
17.266030	5.253314
17.266030	5.337611
18.572398	5.337611
18.572398	5.493937
20.520414	5.493937
20.520414	5.784488
21.804184	5.784488
21.804184	6.136051
22.661915	6.136051
22.661915	6.627498
23.888988	6.627498
23.888988	7.094967
24.831993	7.094967
24.831993	7.319250
25.627895	7.319250
25.627895	7.479102
27.009104	7.479102
27.009104	7.614148
28.231314	7.614148
28.231314	7.711305
29.311599	7.711305
29.311599	7.821745
31.176210	7.821745
31.176210	7.945978
32.786315	7.945978
32.786315	8.053122
34.176187	8.053122
34.176187	8.183688
36.384847	8.183688
36.384847	8.329552
38.219392	8.329552
38.219392	8.445971
39.807076	8.445971
39.807076	8.564631
42.254348	8.564631
42.254348	8.670885
44.392947	8.670885
44.392947	8.739494
46.313388	8.739494
46.313388	8.797384
49.250719	8.797384
49.250719	8.844475
51.883464	8.844475
51.883464	8.875009
54.287395	8.875009
54.287395	8.900550
57.820723	8.900550
57.820723	8.919992
61.005279	8.919992
61.005279	8.930882
63.914964	8.930882
& cycle # 1, chisq = 904.246714, e = 34.940434
0.000000	4.352123
1.172753	4.352123
1.172753	4.865312
1.766901	4.865312
1.766901	4.918494
2.134398	4.918494
2.134398	4.946481
2.746865	4.946481
2.746865	4.972714
3.350887	4.972714
3.350887	4.991125
3.839161	4.991125
3.839161	5.010152
4.801463	5.010152
4.801463	5.030727
5.743259	5.030727
5.743259	5.048933
6.500831	5.048933
6.500831	5.077005
7.837555	5.077005
7.837555	5.122173
8.957581	5.122173
8.957581	5.168846
9.786969	5.168846
9.786969	5.225167
11.218192	5.225167
11.218192	5.276687
12.491068	5.276687
12.491068	5.306294
13.566636	5.306294
13.566636	5.338600
15.560369	5.338600
15.560369	5.385386
17.266030	5.385386
17.266030	5.442439
18.572398	5.442439
18.572398	5.551819
20.520414	5.551819
20.520414	5.760303
21.804184	5.760303
21.804184	6.019081
22.661915	6.019081
22.661915	6.394341
23.888988	6.394341
23.888988	6.773557
24.831993	6.773557
24.831993	6.976716
25.627895	6.976716
25.627895	7.142665
27.009104	7.142665
27.009104	7.297462
28.231314	7.297462
28.231314	7.416623
29.311599	7.416623
29.311599	7.559397
31.176210	7.559397
31.176210	7.726718
32.786315	7.726718
32.786315	7.875557
34.176187	7.875557
34.176187	8.061308
36.384847	8.061308
36.384847	8.273047
38.219392	8.273047
38.219392	8.445361
39.807076	8.445361
39.807076	8.624783
42.254348	8.624783
42.254348	8.789678
44.392947	8.789678
44.392947	8.899641
46.313388	8.899641
46.313388	8.995709
49.250719	8.995709
49.250719	9.076301
51.883464	9.076301
51.883464	9.129702
54.287395	9.129702
54.287395	9.174852
57.820723	9.174852
57.820723	9.209380
61.005279	9.209380
61.005279	9.228758
63.914964	9.228758
& cycle # 2, chisq = 813.360815, e = 34.940434
0.000000	4.093052
1.172753	4.093052
1.172753	4.640306
1.766901	4.640306
1.766901	4.719835
2.134398	4.719835
2.134398	4.763598
2.746865	4.763598
2.746865	4.804105
3.350887	4.804105
3.350887	4.831974
3.839161	4.831974
3.839161	4.859970
4.801463	4.859970
4.801463	4.889110
5.743259	4.889110
5.743259	4.913996
6.500831	4.913996
6.500831	4.951581
7.837555	4.951581
7.837555	5.011333
8.957581	5.011333
8.957581	5.072448
9.786969	5.072448
9.786969	5.145110
11.218192	5.145110
11.218192	5.209757
12.491068	5.209757
12.491068	5.244991
13.566636	5.244991
13.566636	5.281058
15.560369	5.281058
15.560369	5.331410
17.266030	5.331410
17.266030	5.391978
18.572398	5.391978
18.572398	5.507368
20.520414	5.507368
20.520414	5.726228
21.804184	5.726228
21.804184	5.996491
22.661915	5.996491
22.661915	6.385530
23.888988	6.385530
23.888988	6.774124
24.831993	6.774124
24.831993	6.978345
25.627895	6.978345
25.627895	7.141965
27.009104	7.141965
27.009104	7.293265
28.231314	7.293265
28.231314	7.409658
29.311599	7.409658
29.311599	7.549694
31.176210	7.549694
31.176210	7.714910
32.786315	7.714910
32.786315	7.863022
34.176187	7.863022
34.176187	8.049403
36.384847	8.049403
36.384847	8.263723
38.219392	8.263723
38.219392	8.439844
39.807076	8.439844
39.807076	8.625406
42.254348	8.625406
42.254348	8.798488
44.392947	8.798488
44.392947	8.916039
46.313388	8.916039
46.313388	9.020731
49.250719	9.020731
49.250719	9.110019
51.883464	9.110019
51.883464	9.169860
54.287395	9.169860
54.287395	9.220740
57.820723	9.220740
57.820723	9.259753
61.005279	9.259753
61.005279	9.281676
63.914964	9.281676
& cycle # 3, chisq = 811.732107, e = 34.940434
0.000000	4.056490
1.172753	4.056490
1.172753	4.645313
1.766901	4.645313
1.766901	4.750969
2.134398	4.750969
2.134398	4.806676
2.746865	4.806676
2.746865	4.856292
3.350887	4.856292
3.350887	4.889280
3.839161	4.889280
3.839161	4.921234
4.801463	4.921234
4.801463	4.953022
5.743259	4.953022
5.743259	4.979028
6.500831	4.979028
6.500831	5.017360
7.837555	5.017360
7.837555	5.077562
8.957581	5.077562
8.957581	5.138635
9.786969	5.138635
9.786969	5.210624
11.218192	5.210624
11.218192	5.273910
12.491068	5.273910
12.491068	5.307800
13.566636	5.307800
13.566636	5.341956
15.560369	5.341956
15.560369	5.389383
17.266030	5.389383
17.266030	5.446449
18.572398	5.446449
18.572398	5.555380
20.520414	5.555380
20.520414	5.762502
21.804184	5.762502
21.804184	6.019048
22.661915	6.019048
22.661915	6.390067
23.888988	6.390067
23.888988	6.763511
24.831993	6.763511
24.831993	6.962390
25.627895	6.962390
25.627895	7.124097
27.009104	7.124097
27.009104	7.274964
28.231314	7.274964
28.231314	7.391533
29.311599	7.391533
29.311599	7.532064
31.176210	7.532064
31.176210	7.698027
32.786315	7.698027
32.786315	7.846927
34.176187	7.846927
34.176187	8.034551
36.384847	8.034551
36.384847	8.250774
38.219392	8.250774
38.219392	8.429044
39.807076	8.429044
39.807076	8.617772
42.254348	8.617772
42.254348	8.794966
44.392947	8.794966
44.392947	8.916321
46.313388	8.916321
46.313388	9.025370
49.250719	9.025370
49.250719	9.119091
51.883464	9.119091
51.883464	9.182234
54.287395	9.182234
54.287395	9.236064
57.820723	9.236064
57.820723	9.277387
61.005279	9.277387
61.005279	9.300620
63.914964	9.300620
& cycle # 4, chisq = 816.601009, e = 34.940434
0.000000	4.207142
1.172753	4.207142
1.172753	4.726296
1.766901	4.726296
1.766901	4.794039
2.134398	4.794039
2.134398	4.830664
2.746865	4.830664
2.746865	4.864526
3.350887	4.864526
3.350887	4.887868
3.839161	4.887868
3.839161	4.911436
4.801463	4.911436
4.801463	4.936178
5.743259	4.936178
5.743259	4.957498
6.500831	4.957498
6.500831	4.989895
7.837555	4.989895
7.837555	5.041635
8.957581	5.041635
8.957581	5.094809
9.786969	5.094809
9.786969	5.158543
11.218192	5.158543
11.218192	5.216194
12.491068	5.216194
12.491068	5.248692
13.566636	5.248692
13.566636	5.283420
15.560369	5.283420
15.560369	5.333168
17.266030	5.333168
17.266030	5.393607
18.572398	5.393607
18.572398	5.509286
20.520414	5.509286
20.520414	5.729474
21.804184	5.729474
21.804184	6.002342
22.661915	6.002342
22.661915	6.397013
23.888988	6.397013
23.888988	6.793951
24.831993	6.793951
24.831993	7.004592
25.627895	7.004592
25.627895	7.174294
27.009104	7.174294
27.009104	7.330520
28.231314	7.330520
28.231314	7.449407
29.311599	7.449407
29.311599	7.590506
31.176210	7.590506
31.176210	7.754752
32.786315	7.754752
32.786315	7.900274
34.176187	7.900274
34.176187	8.081619
36.384847	8.081619
36.384847	8.288434
38.219392	8.288434
38.219392	8.457089
39.807076	8.457089
39.807076	8.633374
42.254348	8.633374
42.254348	8.796310
44.392947	8.796310
44.392947	8.905801
46.313388	8.905801
46.313388	9.002274
49.250719	9.002274
49.250719	9.083823
51.883464	9.083823
51.883464	9.138149
54.287395	9.138149
54.287395	9.184206
57.820723	9.184206
57.820723	9.219473
61.005279	9.219473
61.005279	9.239277
63.914964	9.239277
& cycle # 5, chisq = 808.791193, e = 34.940434
0.000000	3.917684
0.649761	3.917684
0.649761	4.874498
1.331296	4.874498
1.331296	4.950757
1.790996	4.950757
1.790996	4.990454
2.524906	4.990454
2.524906	5.022886
3.244960	5.022886
3.244960	5.043759
3.829969	5.043759
3.829969	5.064960
4.906989	5.064960
4.906989	5.092246
5.908272	5.092246
5.908272	5.121522
6.677153	5.121522
6.677153	5.166754
7.909607	5.166754
7.909607	5.230607
8.935177	5.230607
8.935177	5.282469
9.732967	5.282469
9.732967	5.329248
11.143542	5.329248
11.143542	5.367578
12.464726	5.367578
12.464726	5.393370
13.598278	5.393370
13.598278	5.426023
15.592541	5.426023
15.592541	5.475660
17.289951	5.475660
17.289951	5.536671
18.593513	5.536671
18.593513	5.648264
20.469973	5.648264
20.469973	5.849568
21.746595	5.849568
21.746595	6.090018
22.628112	6.090018
22.628112	6.423018
23.872590	6.423018
23.872590	6.761710
24.848436	6.761710
24.848436	6.956732
25.675709	6.956732
25.675709	7.119669
27.052241	7.119669
27.052241	7.274718
28.277531	7.274718
28.277531	7.399625
29.366214	7.399625
29.366214	7.550298
31.175611	7.550298
31.175611	7.725730
32.758274	7.725730
32.758274	7.880503
34.143144	7.880503
34.143144	8.065164
36.295130	8.065164
36.295130	8.267224
38.128522	8.267224
38.128522	8.429065
39.745249	8.429065
39.745249	8.593896
42.187608	8.593896
42.187608	8.745867
44.356919	8.745867
44.356919	8.850887
46.322781	8.850887
46.322781	8.943743
49.244966	8.943743
49.244966	9.021468
51.883111	9.021468
51.883111	9.072315
54.301389	9.072315
54.301389	9.113415
57.753190	9.113415
57.753190	9.144029
60.870146	9.144029
60.870146	9.161723
63.714871	9.161723
& cycle # 2, chisq = 8265.048918, e = 32.550784
0.000000	4.065330
0.649761	4.065330
0.649761	5.035358
1.331296	5.035358
1.331296	5.112809
1.790996	5.112809
1.790996	5.153394
2.524906	5.153394
2.524906	5.186367
3.244960	5.186367
3.244960	5.207296
3.829969	5.207296
3.829969	5.228099
4.906989	5.228099
4.906989	5.254364
5.908272	5.254364
5.908272	5.282242
6.677153	5.282242
6.677153	5.325042
7.909607	5.325042
7.909607	5.385145
8.935177	5.385145
8.935177	5.433653
9.732967	5.433653
9.732967	5.476985
11.143542	5.476985
11.143542	5.512025
12.464726	5.512025
12.464726	5.535280
13.598278	5.535280
13.598278	5.564455
15.592541	5.564455
15.592541	5.608653
17.289951	5.608653
17.289951	5.662959
18.593513	5.662959
18.593513	5.762380
20.469973	5.762380
20.469973	5.942005
21.746595	5.942005
21.746595	6.157037
22.628112	6.157037
22.628112	6.455990
23.872590	6.455990
23.872590	6.762229
24.848436	6.762229
24.848436	6.941024
25.675709	6.941024
25.675709	7.093513
27.052241	7.093513
27.052241	7.241606
28.277531	7.241606
28.277531	7.363019
29.366214	7.363019
29.366214	7.511792
31.175611	7.511792
31.175611	7.687481
32.758274	7.687481
32.758274	7.844478
34.143144	7.844478
34.143144	8.034055
36.295130	8.034055
36.295130	8.243972
38.128522	8.243972
38.128522	8.414247
39.745249	8.414247
39.745249	8.590150
42.187608	8.590150
42.187608	8.754987
44.356919	8.754987
44.356919	8.870961
46.322781	8.870961
46.322781	8.975267
49.244966	8.975267
49.244966	9.063817
51.883111	9.063817
51.883111	9.122375
54.301389	9.122375
54.301389	9.170099
57.753190	9.170099
57.753190	9.205947
60.870146	9.205947
60.870146	9.226907
63.714871	9.226907
& cycle # 3, chisq = 8268.422688, e = 32.550784
0.000000	3.985785
0.649761	3.985785
0.649761	5.036449
1.331296	5.036449
1.331296	5.119264
1.790996	5.119264
1.790996	5.159695
2.524906	5.159695
2.524906	5.191589
3.244960	5.191589
3.244960	5.211546
3.829969	5.211546
3.829969	5.231249
4.906989	5.231249
4.906989	5.256073
5.908272	5.256073
5.908272	5.282445
6.677153	5.282445
6.677153	5.323014
7.909607	5.323014
7.909607	5.380145
8.935177	5.380145
8.935177	5.426461
9.732967	5.426461
9.732967	5.468200
11.143542	5.468200
11.143542	5.502474
12.464726	5.502474
12.464726	5.525685
13.598278	5.525685
13.598278	5.555292
15.592541	5.555292
15.592541	5.600513
17.289951	5.600513
17.289951	5.656237
18.593513	5.656237
18.593513	5.758366
20.469973	5.758366
20.469973	5.942983
21.746595	5.942983
21.746595	6.164057
22.628112	6.164057
22.628112	6.471437
23.872590	6.471437
23.872590	6.786184
24.848436	6.786184
24.848436	6.969628
25.675709	6.969628
25.675709	7.125406
27.052241	7.125406
27.052241	7.275761
28.277531	7.275761
28.277531	7.398191
29.366214	7.398191
29.366214	7.547125
31.175611	7.547125
31.175611	7.721696
32.758274	7.721696
32.758274	7.876511
34.143144	7.876511
34.143144	8.061951
36.295130	8.061951
36.295130	8.265491
38.128522	8.265491
38.128522	8.428943
39.745249	8.428943
39.745249	8.595810
42.187608	8.595810
42.187608	8.750022
44.356919	8.750022
44.356919	8.856844
46.322781	8.856844
46.322781	8.951488
49.244966	8.951488
49.244966	9.030828
51.883111	9.030828
51.883111	9.082772
54.301389	9.082772
54.301389	9.124766
57.753190	9.124766
57.753190	9.156033
60.870146	9.156033
60.870146	9.174089
63.714871	9.174089
& cycle # 5, chisq = 8268.372399, e = 32.550784
0.000000	3.970618
0.649761	3.970618
0.649761	4.888799
1.331296	4.888799
1.331296	4.963758
1.790996	4.963758
1.790996	5.004407
2.524906	5.004407
2.524906	5.038120
3.244960	5.038120
3.244960	5.059955
3.829969	5.059955
3.829969	5.082181
4.906989	5.082181
4.906989	5.110785
5.908272	5.110785
5.908272	5.141446
6.677153	5.141446
6.677153	5.188757
7.909607	5.188757
7.909607	5.255438
8.935177	5.255438
8.935177	5.309465
9.732967	5.309465
9.732967	5.357971
11.143542	5.357971
11.143542	5.397400
12.464726	5.397400
12.464726	5.423651
13.598278	5.423651
13.598278	5.456594
15.592541	5.456594
15.592541	5.506442
17.289951	5.506442
17.289951	5.567592
18.593513	5.567592
18.593513	5.679315
20.469973	5.679315
20.469973	5.880649
21.746595	5.880649
21.746595	6.120864
22.628112	6.120864
22.628112	6.453005
23.872590	6.453005
23.872590	6.789979
24.848436	6.789979
24.848436	6.983240
25.675709	6.983240
25.675709	7.144029
27.052241	7.144029
27.052241	7.296705
28.277531	7.296705
28.277531	7.419676
29.366214	7.419676
29.366214	7.568168
31.175611	7.568168
31.175611	7.741357
32.758274	7.741357
32.758274	7.894475
34.143144	7.894475
34.143144	8.077610
36.295130	8.077610
36.295130	8.278551
38.128522	8.278551
38.128522	8.440004
39.745249	8.440004
39.745249	8.605053
42.187608	8.605053
42.187608	8.757893
44.356919	8.757893
44.356919	8.864037
46.322781	8.864037
46.322781	8.958341
49.244966	8.958341
49.244966	9.037601
51.883111	9.037601
51.883111	9.089620
54.301389	9.089620
54.301389	9.131780
57.753190	9.131780
57.753190	9.163274
60.870146	9.163274
60.870146	9.181554
63.714871	9.181554
& cycle # 6, chisq = 8266.780967, e = 32.550784
0.000000	3.924741
0.649761	3.924741
0.649761	4.912211
1.331296	4.912211
1.331296	4.992765
1.790996	4.992765
1.790996	5.034477
2.524906	5.034477
2.524906	5.068367
3.244960	5.068367
3.244960	5.090010
3.829969	5.090010
3.829969	5.111758
4.906989	5.111758
4.906989	5.139486
5.908272	5.139486
5.908272	5.169076
6.677153	5.169076
6.677153	5.214639
7.909607	5.214639
7.909607	5.278770
8.935177	5.278770
8.935177	5.330667
9.732967	5.330667
9.732967	5.377211
11.143542	5.377211
11.143542	5.415055
12.464726	5.415055
12.464726	5.440314
13.598278	5.440314
13.598278	5.472125
15.592541	5.472125
15.592541	5.520388
17.289951	5.520388
17.289951	5.579699
18.593513	5.579699
18.593513	5.688230
20.469973	5.688230
20.469973	5.884148
21.746595	5.884148
21.746595	6.118390
22.628112	6.118390
22.628112	6.443306
23.872590	6.443306
23.872590	6.774682
24.848436	6.774682
24.848436	6.966447
25.675709	6.966447
25.675709	7.127753
27.052241	7.127753
27.052241	7.282165
28.277531	7.282165
28.277531	7.407111
29.366214	7.407111
29.366214	7.558345
31.175611	7.558345
31.175611	7.734892
32.758274	7.734892
32.758274	7.890958
34.143144	7.890958
34.143144	8.077438
36.295130	8.077438
36.295130	8.281727
38.128522	8.281727
38.128522	8.445521
39.745249	8.445521
39.745249	8.612511
42.187608	8.612511
42.187608	8.766642
44.356919	8.766642
44.356919	8.873287
46.322781	8.873287
46.322781	8.967703
49.244966	8.967703
49.244966	9.046836
51.883111	9.046836
51.883111	9.098673
54.301389	9.098673
54.301389	9.140640
57.753190	9.140640
57.753190	9.171971
60.870146	9.171971
60.870146	9.190150
63.714871	9.190150
& cycle # 7, chisq = 8266.707034, e = 32.550784
0.000000	4.250766
1.173505	4.250766
1.173505	4.750465
1.755585	4.750465
1.755585	4.804075
2.120821	4.804075
2.120821	4.834526
2.734470	4.834526
2.734470	4.862919
3.340225	4.862919
3.340225	4.882570
3.829169	4.882570
3.829169	4.902644
4.801071	4.902644
4.801071	4.924322
5.749037	4.924322
5.749037	4.943671
6.506121	4.943671
6.506121	4.973628
7.843692	4.973628
7.843692	5.021366
8.957757	5.021366
8.957757	5.069473
9.781891	5.069473
9.781891	5.126468
11.220689	5.126468
11.220689	5.179684
12.496784	5.179684
12.496784	5.212250
13.566835	5.212250
13.566835	5.248199
15.557116	5.248199
15.557116	5.298178
17.257533	5.298178
17.257533	5.357718
18.560404	5.357718
18.560404	5.472305
20.520098	5.472305
20.520098	5.692763
21.806672	5.692763
21.806672	5.968837
22.661756	5.968837
22.661756	6.374820
23.887157	6.374820
23.887157	6.787632
24.823717	6.787632
24.823717	7.006772
25.612836	7.006772
25.612836	7.184379
26.992593	7.184379
26.992593	7.347981
28.212024	7.347981
28.212024	7.471394
29.288844	7.471394
29.288844	7.617022
31.160915	7.617022
31.160915	7.785466
32.773752	7.785466
32.773752	7.933560
34.162584	7.933560
34.162584	8.117646
36.378922	8.117646
36.378922	8.326507
38.210934	8.326507
38.210934	8.494696
39.790790	8.494696
39.790790	8.667658
42.235119	8.667658
42.235119	8.823105
44.364674	8.823105
44.364674	8.923191
46.273910	8.923191
46.273910	9.007664
49.210032	9.007664
49.210032	9.076430
51.838091	9.076430
51.838091	9.121034
54.235666	9.121034
54.235666	9.158557
57.777765	9.158557
57.777765	9.187274
60.966837	9.187274
60.966837	9.203415
63.878757	9.203415
& cycle # 1, chisq = 811.444214, e = 35.389964
0.000000	4.405375
1.173505	4.405375
1.173505	4.870058
1.755585	4.870058
1.755585	4.918265
2.120821	4.918265
2.120821	4.946002
2.734470	4.946002
2.734470	4.972112
3.340225	4.972112
3.340225	4.990370
3.829169	4.990370
3.829169	5.009266
4.801071	5.009266
4.801071	5.029998
5.749037	5.029998
5.749037	5.048745
6.506121	5.048745
6.506121	5.077959
7.843692	5.077959
7.843692	5.124642
8.957757	5.124642
8.957757	5.171744
9.781891	5.171744
9.781891	5.227543
11.220689	5.227543
11.220689	5.279502
12.496784	5.279502
12.496784	5.311054
13.566835	5.311054
13.566835	5.345452
15.557116	5.345452
15.557116	5.392804
17.257533	5.392804
17.257533	5.448950
18.560404	5.448950
18.560404	5.556751
20.520098	5.556751
20.520098	5.763766
21.806672	5.763766
21.806672	6.022512
22.661756	6.022512
22.661756	6.402027
23.887157	6.402027
23.887157	6.786503
24.823717	6.786503
24.823717	6.989587
25.612836	6.989587
25.612836	7.153870
26.992593	7.153870
26.992593	7.305911
28.212024	7.305911
28.212024	7.421700
29.288844	7.421700
29.288844	7.560108
31.160915	7.560108
31.160915	7.722509
32.773752	7.722509
32.773752	7.867350
34.162584	7.867350
34.162584	8.049983
36.378922	8.049983
36.378922	8.260261
38.210934	8.260261
38.210934	8.432381
39.790790	8.432381
39.790790	8.612967
42.235119	8.612967
42.235119	8.779520
44.364674	8.779520
44.364674	8.890383
46.273910	8.890383
46.273910	8.987454
49.210032	8.987454
49.210032	9.069125
51.838091	9.069125
51.838091	9.123356
54.235666	9.123356
54.235666	9.169521
57.777765	9.169521
57.777765	9.205044
60.966837	9.205044
60.966837	9.225061
63.878757	9.225061
& cycle # 2, chisq = 811.815950, e = 35.389964
0.000000	4.146541
1.173505	4.146541
1.173505	4.657795
1.755585	4.657795
1.755585	4.731059
2.120821	4.731059
2.120821	4.774035
2.734470	4.774035
2.734470	4.813806
3.340225	4.813806
3.340225	4.840994
3.829169	4.840994
3.829169	4.868263
4.801071	4.868263
4.801071	4.896992
5.749037	4.896992
5.749037	4.922061
6.506121	4.922061
6.506121	4.960328
7.843692	4.960328
7.843692	5.020694
8.957757	5.020694
8.957757	5.080899
9.781891	5.080899
9.781891	5.151030
11.220689	5.151030
11.220689	5.214494
12.496784	5.214494
12.496784	5.251259
13.566835	5.251259
13.566835	5.289109
15.557116	5.289109
15.557116	5.339130
17.257533	5.339130
17.257533	5.397452
18.560404	5.397452
18.560404	5.508763
20.520098	5.508763
20.520098	5.721742
21.806672	5.721742
21.806672	5.987033
22.661756	5.987033
22.661756	6.374344
23.887157	6.374344
23.887157	6.763966
24.823717	6.763966
24.823717	6.967514
25.612836	6.967514
25.612836	7.130656
26.992593	7.130656
26.992593	7.281499
28.212024	7.281499
28.212024	7.396934
29.288844	7.396934
29.288844	7.536029
31.160915	7.536029
31.160915	7.700707
32.773752	7.700707
32.773752	7.848849
34.162584	7.848849
34.162584	8.037132
36.378922	8.037132
36.378922	8.255534
38.210934	8.255534
38.210934	8.435678
39.790790	8.435678
39.790790	8.626350
42.235119	8.626350
42.235119	8.804113
44.364674	8.804113
44.364674	8.924012
46.273910	8.924012
46.273910	9.030464
49.210032	9.030464
49.210032	9.121103
51.838091	9.121103
51.838091	9.181785
54.235666	9.181785
54.235666	9.233658
57.777765	9.233658
57.777765	9.273655
60.966837	9.273655
60.966837	9.296222
63.878757	9.296222
& cycle # 3, chisq = 811.320009, e = 35.389964
0.000000	4.323924
1.173505	4.323924
1.173505	4.768100
1.755585	4.768100
1.755585	4.815020
2.120821	4.815020
2.120821	4.842271
2.734470	4.842271
2.734470	4.867945
3.340225	4.867945
3.340225	4.885893
3.829169	4.885893
3.829169	4.904452
4.801071	4.904452
4.801071	4.924799
5.749037	4.924799
5.749037	4.943195
6.506121	4.943195
6.506121	4.971892
7.843692	4.971892
7.843692	5.017839
8.957757	5.017839
8.957757	5.064342
9.781891	5.064342
9.781891	5.119782
11.220689	5.119782
11.220689	5.172075
12.496784	5.172075
12.496784	5.204580
13.566835	5.204580
13.566835	5.241076
15.557116	5.241076
15.557116	5.292371
17.257533	5.292371
17.257533	5.353726
18.560404	5.353726
18.560404	5.471935
20.520098	5.471935
20.520098	5.699447
21.806672	5.699447
21.806672	5.984374
22.661756	5.984374
22.661756	6.403232
23.887157	6.403232
23.887157	6.828529
24.823717	6.828529
24.823717	7.053277
25.612836	7.053277
25.612836	7.233599
26.992593	7.233599
26.992593	7.397424
28.212024	7.397424
28.212024	7.519108
29.288844	7.519108
29.288844	7.660488
31.160915	7.660488
31.160915	7.821877
32.773752	7.821877
32.773752	7.962380
34.162584	7.962380
34.162584	8.135922
36.378922	8.135922
36.378922	8.332116
38.210934	8.332116
38.210934	8.489861
39.790790	8.489861
39.790790	8.652136
42.235119	8.652136
42.235119	8.798266
44.364674	8.798266
44.364674	8.892703
46.273910	8.892703
46.273910	8.972814
49.210032	8.972814
49.210032	9.038371
51.838091	9.038371
51.838091	9.081068
54.235666	9.081068
54.235666	9.117068
57.777765	9.117068
57.777765	9.144653
60.966837	9.144653
60.966837	9.160167
63.878757	9.160167
& cycle # 4, chisq = 809.240562, e = 35.389964
0.000000	4.220599
1.173505	4.220599
1.173505	4.699110
1.755585	4.699110
1.755585	4.762881
2.120821	4.762881
2.120821	4.800062
2.734470	4.800062
2.734470	4.834490
3.340225	4.834490
3.340225	4.858073
3.829169	4.858073
3.829169	4.881818
4.801071	4.881818
4.801071	4.906983
5.749037	4.906983
5.749037	4.929072
6.506121	4.929072
6.506121	4.962937
7.843692	4.962937
7.843692	5.016567
8.957757	5.016567
8.957757	5.070301
9.781891	5.070301
9.781891	5.133429
11.220689	5.133429
11.220689	5.191533
12.496784	5.191533
12.496784	5.226281
13.566835	5.226281
13.566835	5.263628
15.557116	5.263628
15.557116	5.314618
17.257533	5.314618
17.257533	5.374925
18.560404	5.374925
18.560404	5.490690
20.520098	5.490690
20.520098	5.713045
21.806672	5.713045
21.806672	5.991026
22.661756	5.991026
22.661756	6.398766
23.887157	6.398766
23.887157	6.811504
24.823717	6.811504
24.823717	7.028727
25.612836	7.028727
25.612836	7.202760
26.992593	7.202760
26.992593	7.361524
28.212024	7.361524
28.212024	7.480435
29.288844	7.480435
29.288844	7.620159
31.160915	7.620159
31.160915	7.781652
32.773752	7.781652
32.773752	7.923974
34.162584	7.923974
34.162584	8.101845
36.378922	8.101845
36.378922	8.305281
38.210934	8.305281
38.210934	8.470904
39.790790	8.470904
39.790790	8.643836
42.235119	8.643836
42.235119	8.802541
44.364674	8.802541
44.364674	8.907612
46.273910	8.907612
46.273910	8.999140
49.210032	8.999140
49.210032	9.075835
51.838091	9.075835
51.838091	9.126633
54.235666	9.126633
54.235666	9.169828
57.777765	9.169828
57.777765	9.203054
60.966837	9.203054
60.966837	9.221779
63.878757	9.221779
& cycle # 5, chisq = 808.133968, e = 35.389964
0.000000	4.363523
1.173336	4.363523
1.173336	4.687385
1.813912	4.687385
1.813912	4.766927
2.158330	4.766927
2.158330	4.803567
2.749381	4.803567
2.749381	4.837874
3.334275	4.837874
3.334275	4.861452
3.804624	4.861452
3.804624	4.885479
4.764418	4.885479
4.764418	4.909858
5.709345	4.909858
5.709345	4.929444
6.469623	4.929444
6.469623	4.959221
7.855736	4.959221
7.855736	5.008943
9.000628	5.008943
9.000628	5.062967
9.825556	5.062967
9.825556	5.132541
11.251195	5.132541
11.251195	5.197109
12.492142	5.197109
12.492142	5.231285
13.533450	5.231285
13.533450	5.265089
15.533417	5.265089
15.533417	5.311317
17.249382	5.311317
17.249382	5.366789
18.560832	5.366789
18.560832	5.476482
20.562530	5.476482
20.562530	5.693864
21.851041	5.693864
21.851041	5.971477
22.691609	5.971477
22.691609	6.387509
23.903751	6.387509
23.903751	6.805813
24.823685	6.805813
24.823685	7.020116
25.598603	7.020116
25.598603	7.195260
26.982525	7.195260
26.982525	7.357131
28.201995	7.357131
28.201995	7.476749
29.276360	7.476749
29.276360	7.616964
31.180506	7.616964
31.180506	7.779168
32.811684	7.779168
32.811684	7.922291
34.207734	7.922291
34.207734	8.104531
36.460773	8.104531
36.460773	8.316173
38.299246	8.316173
38.299246	8.488660
39.869629	8.488660
39.869629	8.668822
42.322699	8.668822
42.322699	8.831160
44.442464	8.831160
44.442464	8.934155
46.334864	8.934155
46.334864	9.020611
49.287210	9.020611
49.287210	9.090785
51.920362	9.090785
51.920362	9.136131
54.317228	9.136131
54.317228	9.174595
57.906473	9.174595
57.906473	9.204141
61.128552	9.204141
61.128552	9.220660
64.064613	9.220660
& cycle # 1, chisq = 816.670360, e = 36.574917
0.000000	4.490869
1.173336	4.490869
1.173336	4.797911
1.813912	4.797911
1.813912	4.861740
2.158330	4.861740
2.158330	4.891104
2.749381	4.891104
2.749381	4.918896
3.334275	4.918896
3.334275	4.938262
3.804624	4.938262
3.804624	4.958371
4.764418	4.958371
4.764418	4.979334
5.709345	4.979334
5.709345	4.996676
6.469623	4.996676
6.469623	5.023519
7.855736	5.023519
7.855736	5.068733
9.000628	5.068733
9.000628	5.118142
9.825556	5.118142
9.825556	5.182194
11.251195	5.182194
11.251195	5.242256
12.492142	5.242256
12.492142	5.274621
13.533450	5.274621
13.533450	5.307283
15.533417	5.307283
15.533417	5.352414
17.249382	5.352414
17.249382	5.406684
18.560832	5.406684
18.560832	5.513900
20.562530	5.513900
20.562530	5.725975
21.851041	5.725975
21.851041	5.996137
22.691609	5.996137
22.691609	6.399397
23.903751	6.399397
23.903751	6.802214
24.823685	6.802214
24.823685	7.006332
25.598603	7.006332
25.598603	7.171546
26.982525	7.171546
26.982525	7.323949
28.201995	7.323949
28.201995	7.437026
29.276360	7.437026
29.276360	7.570756
31.180506	7.570756
31.180506	7.727296
32.811684	7.727296
32.811684	7.867195
34.207734	7.867195
34.207734	8.047703
36.460773	8.047703
36.460773	8.260234
38.299246	8.260234
38.299246	8.436137
39.869629	8.436137
39.869629	8.623441
42.322699	8.623441
42.322699	8.796566
44.442464	8.796566
44.442464	8.910161
46.334864	8.910161
46.334864	9.009200
49.287210	9.009200
49.287210	9.092376
51.920362	9.092376
51.920362	9.147432
54.317228	9.147432
54.317228	9.194698
57.906473	9.194698
57.906473	9.231212
61.128552	9.231212
61.128552	9.251687
64.064613	9.251687
& cycle # 2, chisq = 809.905960, e = 36.574917
0.000000	4.400451
1.173336	4.400451
1.173336	4.714926
1.813912	4.714926
1.813912	4.790277
2.158330	4.790277
2.158330	4.824864
2.749381	4.824864
2.749381	4.857303
3.334275	4.857303
3.334275	4.879673
3.804624	4.879673
3.804624	4.902605
4.764418	4.902605
4.764418	4.926096
5.709345	4.926096
5.709345	4.945177
6.469623	4.945177
6.469623	4.974393
7.855736	4.974393
7.855736	5.023360
9.000628	5.023360
9.000628	5.076700
9.825556	5.076700
9.825556	5.145599
11.251195	5.145599
11.251195	5.209837
12.492142	5.209837
12.492142	5.244103
13.533450	5.244103
13.533450	5.278267
15.533417	5.278267
15.533417	5.325137
17.249382	5.325137
17.249382	5.381358
18.560832	5.381358
18.560832	5.492309
20.562530	5.492309
20.562530	5.711567
21.851041	5.711567
21.851041	5.990562
22.691609	5.990562
22.691609	6.406194
23.903751	6.406194
23.903751	6.819804
24.823685	6.819804
24.823685	7.027708
25.598603	7.027708
25.598603	7.193999
26.982525	7.193999
26.982525	7.345630
28.201995	7.345630
28.201995	7.456928
29.276360	7.456928
29.276360	7.587385
31.180506	7.587385
31.180506	7.739293
32.811684	7.739293
32.811684	7.874878
34.207734	7.874878
34.207734	8.050265
36.460773	8.050265
36.460773	8.257957
38.299246	8.257957
38.299246	8.431407
39.869629	8.431407
39.869629	8.618597
42.322699	8.618597
42.322699	8.794937
44.442464	8.794937
44.442464	8.913622
46.334864	8.913622
46.334864	9.020074
49.287210	9.020074
49.287210	9.111743
51.920362	9.111743
51.920362	9.173500
54.317228	9.173500
54.317228	9.227010
57.906473	9.227010
57.906473	9.268557
61.128552	9.268557
61.128552	9.291941
64.064613	9.291941
& cycle # 3, chisq = 803.467786, e = 36.574917
0.000000	3.774681
1.173336	3.774681
1.173336	4.048099
1.813912	4.048099
1.813912	4.135982
2.158330	4.135982
2.158330	4.184814
2.749381	4.184814
2.749381	4.235053
3.334275	4.235053
3.334275	4.272678
3.804624	4.272678
3.804624	4.314743
4.764418	4.314743
4.764418	4.362529
5.709345	4.362529
5.709345	4.405271
6.469623	4.405271
6.469623	4.474002
7.855736	4.474002
7.855736	4.591034
9.000628	4.591034
9.000628	4.718817
9.825556	4.718817
9.825556	4.882341
11.251195	4.882341
11.251195	5.029910
12.492142	5.029910
12.492142	5.101706
13.533450	5.101706
13.533450	5.162165
15.533417	5.162165
15.533417	5.234390
17.249382	5.234390
17.249382	5.316018
18.560832	5.316018
18.560832	5.473167
20.562530	5.473167
20.562530	5.778319
21.851041	5.778319
21.851041	6.159725
22.691609	6.159725
22.691609	6.712575
23.903751	6.712575
23.903751	7.236397
24.823685	7.236397
24.823685	7.474538
25.598603	7.474538
25.598603	7.639781
26.982525	7.639781
26.982525	7.771452
28.201995	7.771452
28.201995	7.855671
29.276360	7.855671
29.276360	7.940953
31.180506	7.940953
31.180506	8.027716
32.811684	8.027716
32.811684	8.097098
34.207734	8.097098
34.207734	8.179596
36.460773	8.179596
36.460773	8.270865
38.299246	8.270865
38.299246	8.342497
39.869629	8.342497
39.869629	8.414838
42.322699	8.414838
42.322699	8.477658
44.442464	8.477658
44.442464	8.515748
46.334864	8.515748
46.334864	8.546164
49.287210	8.546164
49.287210	8.569761
51.920362	8.569761
51.920362	8.584536
54.317228	8.584536
54.317228	8.596885
57.906473	8.596885
57.906473	8.606314
61.128552	8.606314
61.128552	8.611576
64.064613	8.611576
& cycle # 4, chisq = 1017.809967, e = 36.574917
0.000000	4.417548
1.173336	4.417548
1.173336	4.729611
1.813912	4.729611
1.813912	4.805261
2.158330	4.805261
2.158330	4.839921
2.749381	4.839921
2.749381	4.872405
3.334275	4.872405
3.334275	4.894805
3.804624	4.894805
3.804624	4.917777
4.764418	4.917777
4.764418	4.941332
5.709345	4.941332
5.709345	4.960487
6.469623	4.960487
6.469623	4.989837
7.855736	4.989837
7.855736	5.039042
9.000628	5.039042
9.000628	5.092642
9.825556	5.092642
9.825556	5.161861
11.251195	5.161861
11.251195	5.226346
12.492142	5.226346
12.492142	5.260671
13.533450	5.260671
13.533450	5.294774
15.533417	5.294774
15.533417	5.341442
17.249382	5.341442
17.249382	5.397362
18.560832	5.397362
18.560832	5.507671
20.562530	5.507671
20.562530	5.725603
21.851041	5.725603
21.851041	6.002853
22.691609	6.002853
22.691609	6.415806
23.903751	6.415806
23.903751	6.826712
24.823685	6.826712
24.823685	7.033334
25.598603	7.033334
25.598603	7.198863
26.982525	7.198863
26.982525	7.350164
28.201995	7.350164
28.201995	7.461492
29.276360	7.461492
29.276360	7.592201
31.180506	7.592201
31.180506	7.744434
32.811684	7.744434
32.811684	7.880139
34.207734	7.880139
34.207734	8.055197
36.460773	8.055197
36.460773	8.261646
38.299246	8.261646
38.299246	8.433080
39.869629	8.433080
39.869629	8.616618
42.322699	8.616618
42.322699	8.787622
44.442464	8.787622
44.442464	8.901062
46.334864	8.901062
46.334864	9.001208
49.287210	9.001208
49.287210	9.086264
51.920362	9.086264
51.920362	9.143019
54.317228	9.143019
54.317228	9.191947
57.906473	9.191947
57.906473	9.229830
61.128552	9.229830
61.128552	9.251106
64.064613	9.251106
& cycle # 5, chisq = 807.975812, e = 36.574917
0.000000	4.674941
0.617028	4.674941
0.617028	5.427247
1.307544	5.427247
1.307544	5.486351
1.768080	5.486351
1.768080	5.521522
2.522365	5.521522
2.522365	5.551254
3.264054	5.551254
3.264054	5.570419
3.860926	5.570419
3.860926	5.591800
4.970526	5.591800
4.970526	5.623171
5.962306	5.623171
5.962306	5.658876
6.692325	5.658876
6.692325	5.713305
7.862147	5.713305
7.862147	5.781856
8.842174	5.781856
8.842174	5.827400
9.625221	5.827400
9.625221	5.864762
11.086518	5.864762
11.086518	5.898287
12.455661	5.898287
12.455661	5.924006
13.609503	5.924006
13.609503	5.958007
15.649283	5.958007
15.649283	6.007941
17.338001	6.007941
17.338001	6.065176
18.609665	6.065176
18.609665	6.163212
20.470587	6.163212
20.470587	6.328595
21.733903	6.328595
21.733903	6.514747
22.609864	6.514747
22.609864	6.773030
23.875984	6.773030
23.875984	7.043384
24.849387	7.043384
24.849387	7.195377
25.661930	7.195377
25.661930	7.307385
27.038308	7.307385
27.038308	7.397372
28.256916	7.397372
28.256916	7.460237
29.336268	7.460237
29.336268	7.529894
31.171528	7.529894
31.171528	7.606154
32.765326	7.606154
32.765326	7.670313
34.149382	7.670313
34.149382	7.745816
36.330591	7.745816
36.330591	7.827779
38.162567	7.827779
38.162567	7.892238
39.760963	7.892238
39.760963	7.957035
42.205813	7.957035
42.205813	8.015002
44.356787	8.015002
44.356787	8.052967
46.295371	8.052967
46.295371	8.085173
49.226100	8.085173
49.226100	8.111323
51.860159	8.111323
51.860159	8.128147
54.268367	8.128147
54.268367	8.141973
57.763943	8.141973
57.763943	8.152515
60.913009	8.152515
60.913009	8.158693
63.784752	8.158693
& cycle # 1, chisq = 9711.335285, e = 33.973922
0.000000	4.428560
0.617028	4.428560
0.617028	5.059114
1.307544	5.059114
1.307544	5.104963
1.768080	5.104963
1.768080	5.132702
2.522365	5.132702
2.522365	5.156344
3.264054	5.156344
3.264054	5.171685
3.860926	5.171685
3.860926	5.188900
4.970526	5.188900
4.970526	5.214248
5.962306	5.214248
5.962306	5.243158
6.692325	5.243158
6.692325	5.287351
7.862147	5.287351
7.862147	5.343303
8.842174	5.343303
8.842174	5.380903
9.625221	5.380903
9.625221	5.412571
11.086518	5.412571
11.086518	5.442222
12.455661	5.442222
12.455661	5.466141
13.609503	5.466141
13.609503	5.499408
15.649283	5.499408
15.649283	5.550335
17.338001	5.550335
17.338001	5.610580
18.609665	5.610580
18.609665	5.716824
20.470587	5.716824
20.470587	5.901075
21.733903	5.901075
21.733903	6.114036
22.609864	6.114036
22.609864	6.418992
23.875984	6.418992
23.875984	6.753205
24.849387	6.753205
24.849387	6.956842
25.661930	6.956842
25.661930	7.126707
27.038308	7.126707
27.038308	7.282223
28.256916	7.282223
28.256916	7.403331
29.336268	7.403331
29.336268	7.549710
31.171528	7.549710
31.171528	7.721581
32.765326	7.721581
32.765326	7.874219
34.149382	7.874219
34.149382	8.061233
36.330591	8.061233
36.330591	8.270647
38.162567	8.270647
38.162567	8.439709
39.760963	8.439709
39.760963	8.613868
42.205813	8.613868
42.205813	8.773760
44.356787	8.773760
44.356787	8.881538
46.295371	8.881538
46.295371	8.975564
49.226100	8.975564
49.226100	9.053670
51.860159	9.053670
51.860159	9.104668
54.268367	9.104668
54.268367	9.146829
57.763943	9.146829
57.763943	9.178974
60.913009	9.178974
60.913009	9.197718
63.784752	9.197718
& cycle # 2, chisq = 9071.071365, e = 33.973922
0.000000	4.415975
0.617028	4.415975
0.617028	5.043724
1.307544	5.043724
1.307544	5.095315
1.768080	5.095315
1.768080	5.127246
2.522365	5.127246
2.522365	5.154421
3.264054	5.154421
3.264054	5.171864
3.860926	5.171864
3.860926	5.191128
4.970526	5.191128
4.970526	5.219165
5.962306	5.219165
5.962306	5.250925
6.692325	5.250925
6.692325	5.299177
7.862147	5.299177
7.862147	5.359755
8.842174	5.359755
8.842174	5.399867
9.625221	5.399867
9.625221	5.432759
11.086518	5.432759
11.086518	5.462542
12.455661	5.462542
12.455661	5.485829
13.609503	5.485829
13.609503	5.517400
15.649283	5.517400
15.649283	5.564930
17.338001	5.564930
17.338001	5.620621
18.609665	5.620621
18.609665	5.718210
20.470587	5.718210
20.470587	5.886727
21.733903	5.886727
21.733903	6.081052
22.609864	6.081052
22.609864	6.359271
23.875984	6.359271
23.875984	6.664925
24.849387	6.664925
24.849387	6.852526
25.661930	6.852526
25.661930	7.011507
27.038308	7.011507
27.038308	7.160301
28.256916	7.160301
28.256916	7.278912
29.336268	7.278912
29.336268	7.425616
31.171528	7.425616
31.171528	7.601657
32.765326	7.601657
32.765326	7.761149
34.149382	7.761149
34.149382	7.960270
36.330591	7.960270
36.330591	8.187425
38.162567	8.187425
38.162567	8.374494
39.760963	8.374494
39.760963	8.571676
42.205813	8.571676
42.205813	8.757725
44.356787	8.757725
44.356787	8.887210
46.295371	8.887210
46.295371	9.003871
49.226100	9.003871
49.226100	9.103504
51.860159	9.103504
51.860159	9.169933
54.268367	9.169933
54.268367	9.225625
57.763943	9.225625
57.763943	9.268573
60.913009	9.268573
60.913009	9.293928
63.784752	9.293928
& cycle # 3, chisq = 9079.613980, e = 33.973922
0.000000	0.051987
0.617028	0.051987
0.617028	0.272421
1.307544	0.272421
1.307544	0.422472
1.768080	0.422472
1.768080	0.569189
2.522365	0.569189
2.522365	0.736018
3.264054	0.736018
3.264054	0.878256
3.860926	0.878256
3.860926	1.080170
4.970526	1.080170
4.970526	1.414611
5.962306	1.414611
5.962306	1.814301
6.692325	1.814301
6.692325	2.439097
7.862147	2.439097
7.862147	3.240364
8.842174	3.240364
8.842174	3.779961
9.625221	3.779961
9.625221	4.216934
11.086518	4.216934
11.086518	4.579846
12.455661	4.579846
12.455661	4.820335
13.609503	4.820335
13.609503	5.081560
15.649283	5.081560
15.649283	5.397619
17.338001	5.397619
17.338001	5.705034
18.609665	5.705034
18.609665	6.155367
20.470587	6.155367
20.470587	6.812098
21.733903	6.812098
21.733903	7.465430
22.609864	7.465430
22.609864	8.279662
23.875984	8.279662
23.875984	9.036830
24.849387	9.036830
24.849387	9.387451
25.661930	9.387451
25.661930	9.574061
27.038308	9.574061
27.038308	9.675453
28.256916	9.675453
28.256916	9.726251
29.336268	9.726251
29.336268	9.770134
31.171528	9.770134
31.171528	9.809270
32.765326	9.809270
32.765326	9.837275
34.149382	9.837275
34.149382	9.866580
36.330591	9.866580
36.330591	9.895727
38.162567	9.895727
38.162567	9.917074
39.760963	9.917074
39.760963	9.937188
42.205813	9.937188
42.205813	9.953950
44.356787	9.953950
44.356787	9.964027
46.295371	9.964027
46.295371	9.971801
49.226100	9.971801
49.226100	9.977563
51.860159	9.977563
51.860159	9.981006
54.268367	9.981006
54.268367	9.983702
57.763943	9.983702
57.763943	9.985682
60.913009	9.985682
60.913009	9.986798
63.784752	9.986798
& cycle # 4, chisq = 12638.116952, e = 33.973922
0.000000	4.427910
0.617028	4.427910
0.617028	5.055359
1.307544	5.055359
1.307544	5.104253
1.768080	5.104253
1.768080	5.134226
2.522365	5.134226
2.522365	5.159745
3.264054	5.159745
3.264054	5.176200
3.860926	5.176200
3.860926	5.194499
4.970526	5.194499
4.970526	5.221273
5.962306	5.221273
5.962306	5.251705
6.692325	5.251705
6.692325	5.298092
7.862147	5.298092
7.862147	5.356602
8.842174	5.356602
8.842174	5.395676
9.625221	5.395676
9.625221	5.428230
11.086518	5.428230
11.086518	5.458321
12.455661	5.458321
12.455661	5.482321
13.609503	5.482321
13.609503	5.515403
15.649283	5.515403
15.649283	5.565757
17.338001	5.565757
17.338001	5.625128
18.609665	5.625128
18.609665	5.729596
20.470587	5.729596
20.470587	5.910472
21.733903	5.910472
21.733903	6.119310
22.609864	6.119310
22.609864	6.418208
23.875984	6.418208
23.875984	6.745804
24.849387	6.745804
24.849387	6.945647
25.661930	6.945647
25.661930	7.112943
27.038308	7.112943
27.038308	7.267006
28.256916	7.267006
28.256916	7.387789
29.336268	7.387789
29.336268	7.534757
31.171528	7.534757
31.171528	7.708374
32.765326	7.708374
32.765326	7.863358
34.149382	7.863358
34.149382	8.054045
36.330591	8.054045
36.330591	8.268306
38.162567	8.268306
38.162567	8.441802
39.760963	8.441802
39.760963	8.621036
42.205813	8.621036
42.205813	8.786074
44.356787	8.786074
44.356787	8.897674
46.295371	8.897674
46.295371	8.995318
49.226100	8.995318
49.226100	9.076614
51.860159	9.076614
51.860159	9.129768
54.268367	9.129768
54.268367	9.173736
57.763943	9.173736
57.763943	9.207262
60.913009	9.207262
60.913009	9.226810
63.784752	9.226810
& cycle # 5, chisq = 9076.008874, e = 33.973922
0.000000	5.015382
0.597835	5.015382
0.597835	5.709946
1.272511	5.709946
1.272511	5.750346
1.721829	5.750346
1.721829	5.773191
2.460201	5.773191
2.460201	5.792451
3.187095	5.792451
3.187095	5.804733
3.774844	5.804733
3.774844	5.816999
4.893952	5.816999
4.893952	5.832755
5.929657	5.832755
5.929657	5.850111
6.710190	5.850111
6.710190	5.878718
7.966202	5.878718
7.966202	5.921622
8.973348	5.921622
8.973348	5.956885
9.737995	5.956885
9.737995	5.988253
11.123791	5.988253
11.123791	6.013517
12.420952	6.013517
12.420952	6.030165
13.531844	6.030165
13.531844	6.050931
15.556678	6.050931
15.556678	6.082294
17.281287	6.082294
17.281287	6.121019
18.598876	6.121019
18.598876	6.194673
20.531905	6.194673
20.531905	6.333722
21.811868	6.333722
21.811868	6.505230
22.673157	6.505230
22.673157	6.751035
23.898370	6.751035
23.898370	7.001018
24.847149	7.001018
24.847149	7.140387
25.649925	7.140387
25.649925	7.258796
27.024805	7.258796
27.024805	7.373412
28.243909	7.373412
28.243909	7.465153
29.323202	7.465153
29.323202	7.577426
31.163043	7.577426
31.163043	7.710540
32.758465	7.710540
32.758465	7.829688
34.141990	7.829688
34.141990	7.976966
36.325583	7.976966
36.325583	8.143063
38.155892	8.143063
38.155892	8.277737
39.750822	8.277737
39.750822	8.417153
42.195143	8.417153
42.195143	8.545661
44.343984	8.545661
44.343984	8.632567
46.279941	8.632567
46.279941	8.708801
49.213825	8.708801
49.213825	8.772426
51.849296	8.772426
51.849296	8.814109
54.257517	8.814109
54.257517	8.848823
57.758880	8.848823
57.758880	8.875667
60.909223	8.875667
60.909223	8.891712
63.778738	8.891712
& cycle # 1, chisq = 10088.231203, e = 34.159019
0.000000	4.380230
0.597835	4.380230
0.597835	4.983379
1.272511	4.983379
1.272511	5.030814
1.721829	5.030814
1.721829	5.060702
2.460201	5.060702
2.460201	5.086979
3.187095	5.086979
3.187095	5.104188
3.774844	5.104188
3.774844	5.121781
4.893952	5.121781
4.893952	5.144752
5.929657	5.144752
5.929657	5.170215
6.710190	5.170215
6.710190	5.212255
7.966202	5.212255
7.966202	5.275334
8.973348	5.275334
8.973348	5.327168
9.737995	5.327168
9.737995	5.373222
11.123791	5.373222
11.123791	5.410198
12.420952	5.410198
12.420952	5.434436
13.531844	5.434436
13.531844	5.464507
15.556678	5.464507
15.556678	5.509782
17.281287	5.509782
17.281287	5.565607
18.598876	5.565607
18.598876	5.671689
20.531905	5.671689
20.531905	5.871752
21.811868	5.871752
21.811868	6.118183
22.673157	6.118183
22.673157	6.470518
23.898370	6.470518
23.898370	6.827154
24.847149	6.827154
24.847149	7.024020
25.649925	7.024020
25.649925	7.188675
27.024805	7.188675
27.024805	7.345378
28.243909	7.345378
28.243909	7.468746
29.323202	7.468746
29.323202	7.617315
31.163043	7.617315
31.163043	7.790899
32.758465	7.790899
32.758465	7.944294
34.141990	7.944294
34.141990	8.131765
36.325583	8.131765
36.325583	8.340972
38.155892	8.340972
38.155892	8.508777
39.750822	8.508777
39.750822	8.680400
42.195143	8.680400
42.195143	8.836335
44.343984	8.836335
44.343984	8.940006
46.279941	8.940006
46.279941	9.029365
49.213825	9.029365
49.213825	9.102796
51.849296	9.102796
51.849296	9.150316
54.257517	9.150316
54.257517	9.189544
57.758880	9.189544
57.758880	9.219647
60.909223	9.219647
60.909223	9.237486
63.778738	9.237486
& cycle # 2, chisq = 9864.485916, e = 34.159019
0.000000	4.421165
0.597835	4.421165
0.597835	5.024701
1.272511	5.024701
1.272511	5.076145
1.721829	5.076145
1.721829	5.108854
2.460201	5.108854
2.460201	5.137421
3.187095	5.137421
3.187095	5.155868
3.774844	5.155868
3.774844	5.174305
4.893952	5.174305
4.893952	5.197885
5.929657	5.197885
5.929657	5.223730
6.710190	5.223730
6.710190	5.266115
7.966202	5.266115
7.966202	5.329310
8.973348	5.329310
8.973348	5.380778
9.737995	5.380778
9.737995	5.425760
11.123791	5.425760
11.123791	5.460920
12.420952	5.460920
12.420952	5.483206
13.531844	5.483206
13.531844	5.510036
15.556678	5.510036
15.556678	5.549778
17.281287	5.549778
17.281287	5.598518
18.598876	5.598518
18.598876	5.691006
20.531905	5.691006
20.531905	5.865414
21.811868	5.865414
21.811868	6.080387
22.673157	6.080387
22.673157	6.388369
23.898370	6.388369
23.898370	6.701717
24.847149	6.701717
24.847149	6.876929
25.649925	6.876929
25.649925	7.027005
27.024805	7.027005
27.024805	7.174016
28.243909	7.174016
28.243909	7.293281
29.323202	7.293281
29.323202	7.441317
31.163043	7.441317
31.163043	7.619255
32.758465	7.619255
32.758465	7.780578
34.141990	7.780578
34.141990	7.982470
36.325583	7.982470
36.325583	8.213016
38.155892	8.213016
38.155892	8.402498
39.750822	8.402498
39.750822	8.601781
42.195143	8.601781
42.195143	8.788990
44.343984	8.788990
44.343984	8.918426
46.279941	8.918426
46.279941	9.034523
49.213825	9.034523
49.213825	9.133295
51.849296	9.133295
51.849296	9.198965
54.257517	9.198965
54.257517	9.254214
57.758880	9.254214
57.758880	9.297288
60.909223	9.297288
60.909223	9.323235
63.778738	9.323235
& cycle # 3, chisq = 9866.754808, e = 34.159019
0.000000	0.047447
0.597835	0.047447
0.597835	0.263536
1.272511	0.263536
1.272511	0.409904
1.721829	0.409904
1.721829	0.553645
2.460201	0.553645
2.460201	0.717364
3.187095	0.717364
3.187095	0.853212
3.774844	0.853212
3.774844	1.030751
4.893952	1.030751
4.893952	1.304721
5.929657	1.304721
5.929657	1.630408
6.710190	1.630408
6.710190	2.182525
7.966202	2.182525
7.966202	3.020040
8.973348	3.020040
8.973348	3.708380
9.737995	3.708380
9.737995	4.301846
11.123791	4.301846
11.123791	4.727121
12.420952	4.727121
12.420952	4.942998
13.531844	4.942998
13.531844	5.126283
15.556678	5.126283
15.556678	5.326581
17.281287	5.326581
17.281287	5.535952
18.598876	5.535952
18.598876	5.900767
20.531905	5.900767
20.531905	6.545054
21.811868	6.545054
21.811868	7.287775
22.673157	7.287775
22.673157	8.252231
23.898370	8.252231
23.898370	9.079448
24.847149	9.079448
24.847149	9.406145
25.649925	9.406145
25.649925	9.569395
27.024805	9.569395
27.024805	9.665104
28.243909	9.665104
28.243909	9.716653
29.323202	9.716653
29.323202	9.761882
31.163043	9.761882
31.163043	9.802342
32.758465	9.802342
32.758465	9.831350
34.141990	9.831350
34.141990	9.861834
36.325583	9.861834
36.325583	9.892238
38.155892	9.892238
38.155892	9.914496
39.750822	9.914496
39.750822	9.935442
42.195143	9.935442
42.195143	9.952828
44.343984	9.952828
44.343984	9.963210
46.279941	9.963210
46.279941	9.971180
49.213825	9.971180
49.213825	9.977059
51.849296	9.977059
51.849296	9.980554
54.257517	9.980554
54.257517	9.983284
57.758880	9.983284
57.758880	9.985298
60.909223	9.985298
60.909223	9.986447
63.778738	9.986447
& cycle # 4, chisq = 13532.891381, e = 34.159019
0.000000	4.401792
0.597835	4.401792
0.597835	4.994884
1.272511	4.994884
1.272511	5.043026
1.721829	5.043026
1.721829	5.073514
2.460201	5.073514
2.460201	5.100248
3.187095	5.100248
3.187095	5.117659
3.774844	5.117659
3.774844	5.135304
4.893952	5.135304
4.893952	5.158167
5.929657	5.158167
5.929657	5.183409
6.710190	5.183409
6.710190	5.224993
7.966202	5.224993
7.966202	5.287264
8.973348	5.287264
8.973348	5.338300
9.737995	5.338300
9.737995	5.383435
11.123791	5.383435
11.123791	5.419412
12.420952	5.419412
12.420952	5.442794
13.531844	5.442794
13.531844	5.471590
15.556678	5.471590
15.556678	5.514770
17.281287	5.514770
17.281287	5.567935
18.598876	5.567935
18.598876	5.668902
20.531905	5.668902
20.531905	5.859255
21.811868	5.859255
21.811868	6.093681
22.673157	6.093681
22.673157	6.428863
23.898370	6.428863
23.898370	6.768385
24.847149	6.768385
24.847149	6.956345
25.649925	6.956345
25.649925	7.114665
27.024805	7.114665
27.024805	7.266877
28.243909	7.266877
28.243909	7.388097
29.323202	7.388097
29.323202	7.535849
31.163043	7.535849
31.163043	7.710449
32.758465	7.710449
32.758465	7.866294
34.141990	7.866294
34.141990	8.058431
36.325583	8.058431
36.325583	8.274535
38.155892	8.274535
38.155892	8.449217
39.750822	8.449217
39.750822	8.629366
42.195143	8.629366
42.195143	8.794631
44.343984	8.794631
44.343984	8.905743
46.279941	8.905743
46.279941	9.002605
49.213825	9.002605
49.213825	9.082980
51.849296	9.082980
51.849296	9.135377
54.257517	9.135377
54.257517	9.178841
57.758880	9.178841
57.758880	9.212322
60.909223	9.212322
60.909223	9.232239
63.778738	9.232239
& cycle # 5, chisq = 9863.141223, e = 34.159019
0.000000	0.141112
0.758214	0.141112
0.758214	0.484203
1.447291	0.484203
1.447291	0.718120
1.923847	0.718120
1.923847	0.941001
2.643612	0.941001
2.643612	1.186002
3.345277	1.186002
3.345277	1.391749
3.921187	1.391749
3.921187	1.645656
4.918443	1.645656
4.918443	1.996700
5.859851	1.996700
5.859851	2.365344
6.613101	2.365344
6.613101	2.877665
7.809485	2.877665
7.809485	3.531308
8.868857	3.531308
8.868857	4.049061
9.728245	4.049061
9.728245	4.503562
11.174789	4.503562
11.174789	4.841963
12.530564	4.841963
12.530564	5.026604
13.698931	5.026604
13.698931	5.202224
15.627751	5.202224
15.627751	5.419278
17.281798	5.419278
17.281798	5.655030
18.576158	5.655030
18.576158	6.029499
20.386188	6.029499
20.386188	6.620834
21.686222	6.620834
21.686222	7.264677
22.625053	7.264677
22.625053	8.070290
23.913661	8.070290
23.913661	8.830331
24.934477	8.830331
24.934477	9.217817
25.796692	9.217817
25.796692	9.437024
27.148034	9.437024
27.148034	9.562152
28.359853	9.562152
28.359853	9.629903
29.447320	9.629903
29.447320	9.690447
31.176779	9.690447
31.176779	9.745479
32.723453	9.745479
32.723453	9.785038
34.106793	9.785038
34.106793	9.823310
36.199606	9.823310
36.199606	9.858528
38.041877	9.858528
38.041877	9.883552
39.704989	9.883552
39.704989	9.906266
42.147616	9.906266
42.147616	9.925570
44.359483	9.925570
44.359483	9.938379
46.387138	9.938379
46.387138	9.949106
49.291812	9.949106
49.291812	9.957758
51.940309	9.957758
51.940309	9.963372
54.384277	9.963372
54.384277	9.967803
57.755368	9.967803
57.755368	9.971036
60.829458	9.971036
60.829458	9.972852
63.658952	9.972852
& cycle # 1, chisq = 8333.916071, e = 29.456237
0.000000	3.198254
0.758214	3.198254
0.758214	5.789439
1.447291	5.789439
1.447291	6.374555
1.923847	6.374555
1.923847	6.616041
2.643612	6.616041
2.643612	6.759209
3.345277	6.759209
3.345277	6.826684
3.921187	6.826684
3.921187	6.872379
4.918443	6.872379
4.918443	6.910737
5.859851	6.910737
5.859851	6.940724
6.613101	6.940724
6.613101	6.976789
7.809485	6.976789
7.809485	7.019361
8.868857	7.019361
8.868857	7.051494
9.728245	7.051494
9.728245	7.079101
11.174789	7.079101
11.174789	7.100329
12.530564	7.100329
12.530564	7.113535
13.698931	7.113535
13.698931	7.128891
15.627751	7.128891
15.627751	7.151099
17.281798	7.151099
17.281798	7.177621
18.576158	7.177621
18.576158	7.222640
20.386188	7.222640
20.386188	7.298001
21.686222	7.298001
21.686222	7.385318
22.625053	7.385318
22.625053	7.504484
23.913661	7.504484
23.913661	7.633611
24.934477	7.633611
24.934477	7.718283
25.796692	7.718283
25.796692	7.791189
27.148034	7.791189
27.148034	7.860037
28.359853	7.860037
28.359853	7.916529
29.447320	7.916529
29.447320	7.983432
31.176779	7.983432
31.176779	8.059656
32.723453	8.059656
32.723453	8.126321
34.106793	8.126321
34.106793	8.202606
36.199606	8.202606
36.199606	8.283990
38.041877	8.283990
38.041877	8.350319
39.704989	8.350319
39.704989	8.418900
42.147616	8.418900
42.147616	8.485250
44.359483	8.485250
44.359483	8.535313
46.387138	8.535313
46.387138	8.582254
49.291812	8.582254
49.291812	8.623591
51.940309	8.623591
51.940309	8.652067
54.384277	8.652067
54.384277	8.675256
57.755368	8.675256
57.755368	8.692433
60.829458	8.692433
60.829458	8.702149
63.658952	8.702149
& cycle # 2, chisq = 7399.798347, e = 29.456237
0.000000	2.776418
0.758214	2.776418
0.758214	4.955764
1.447291	4.955764
1.447291	5.431930
1.923847	5.431930
1.923847	5.633036
2.643612	5.633036
2.643612	5.758029
3.345277	5.758029
3.345277	5.821442
3.921187	5.821442
3.921187	5.869806
4.918443	5.869806
4.918443	5.916676
5.859851	5.916676
5.859851	5.957472
6.613101	5.957472
6.613101	6.009549
7.809485	6.009549
7.809485	6.073335
8.868857	6.073335
8.868857	6.122982
9.728245	6.122982
9.728245	6.167154
11.174789	6.167154
11.174789	6.202677
12.530564	6.202677
12.530564	6.225906
13.698931	6.225906
13.698931	6.253744
15.627751	6.253744
15.627751	6.294359
17.281798	6.294359
17.281798	6.342855
18.576158	6.342855
18.576158	6.424912
20.386188	6.424912
20.386188	6.561637
21.686222	6.561637
21.686222	6.719069
22.625053	6.719069
22.625053	6.931807
23.913661	6.931807
23.913661	7.158537
24.934477	7.158537
24.934477	7.302927
25.796692	7.302927
25.796692	7.421902
27.148034	7.421902
27.148034	7.529217
28.359853	7.529217
28.359853	7.614026
29.447320	7.614026
29.447320	7.711367
31.176779	7.711367
31.176779	7.819076
32.723453	7.819076
32.723453	7.910658
34.106793	7.910658
34.106793	8.012595
36.199606	8.012595
36.199606	8.118370
38.041877	8.118370
38.041877	8.202149
39.704989	8.202149
39.704989	8.286265
42.147616	8.286265
42.147616	8.365260
44.359483	8.365260
44.359483	8.423180
46.387138	8.423180
46.387138	8.476208
49.291812	8.476208
49.291812	8.522099
51.940309	8.522099
51.940309	8.553356
54.384277	8.553356
54.384277	8.578664
57.755368	8.578664
57.755368	8.597359
60.829458	8.597359
60.829458	8.607919
63.658952	8.607919
& cycle # 3, chisq = 6152.528499, e = 29.456237
0.000000	2.517093
0.758214	2.517093
0.758214	4.327292
1.447291	4.327292
1.447291	4.683980
1.923847	4.683980
1.923847	4.835936
2.643612	4.835936
2.643612	4.934984
3.345277	4.934984
3.345277	4.989242
3.921187	4.989242
3.921187	5.035527
4.918443	5.035527
4.918443	5.085747
5.859851	5.085747
5.859851	5.132790
6.613101	5.132790
6.613101	5.195345
7.809485	5.195345
7.809485	5.274198
8.868857	5.274198
8.868857	5.337372
9.728245	5.337372
9.728245	5.395885
11.174789	5.395885
11.174789	5.445863
12.530564	5.445863
12.530564	5.481035
13.698931	5.481035
13.698931	5.525391
15.627751	5.525391
15.627751	5.591415
17.281798	5.591415
17.281798	5.670657
18.576158	5.670657
18.576158	5.804705
20.386188	5.804705
20.386188	6.027488
21.686222	6.027488
21.686222	6.282899
22.625053	6.282899
22.625053	6.625423
23.913661	6.625423
23.913661	6.985617
24.934477	6.985617
24.934477	7.209358
25.796692	7.209358
25.796692	7.386468
27.148034	7.386468
27.148034	7.539230
28.359853	7.539230
28.359853	7.655488
29.447320	7.655488
29.447320	7.784920
31.176779	7.784920
31.176779	7.924349
32.723453	7.924349
32.723453	8.040095
34.106793	8.040095
34.106793	8.166240
36.199606	8.166240
36.199606	8.294689
38.041877	8.294689
38.041877	8.394649
39.704989	8.394649
39.704989	8.493342
42.147616	8.493342
42.147616	8.584520
44.359483	8.584520
44.359483	8.650331
46.387138	8.650331
46.387138	8.709791
49.291812	8.709791
49.291812	8.760740
51.940309	8.760740
51.940309	8.795219
54.384277	8.795219
54.384277	8.823042
57.755368	8.823042
57.755368	8.843563
60.829458	8.843563
60.829458	8.855147
63.658952	8.855147
& cycle # 5, chisq = 5632.429642, e = 29.456237
0.000000	2.621622
0.758214	2.621622
0.758214	4.486031
1.447291	4.486031
1.447291	4.850540
1.923847	4.850540
1.923847	5.006620
2.643612	5.006620
2.643612	5.109057
3.345277	5.109057
3.345277	5.165530
3.921187	5.165530
3.921187	5.213954
4.918443	5.213954
4.918443	5.266629
5.859851	5.266629
5.859851	5.315961
6.613101	5.315961
6.613101	5.381439
7.809485	5.381439
7.809485	5.463730
8.868857	5.463730
8.868857	5.529337
9.728245	5.529337
9.728245	5.589527
11.174789	5.589527
11.174789	5.640056
12.530564	5.640056
12.530564	5.674771
13.698931	5.674771
13.698931	5.717698
15.627751	5.717698
15.627751	5.780915
17.281798	5.780915
17.281798	5.856341
18.576158	5.856341
18.576158	5.983311
20.386188	5.983311
20.386188	6.193239
21.686222	6.193239
21.686222	6.432400
22.625053	6.432400
22.625053	6.750100
23.913661	6.750100
23.913661	7.079012
24.934477	7.079012
24.934477	7.277678
25.796692	7.277678
25.796692	7.428149
27.148034	7.428149
27.148034	7.551803
28.359853	7.551803
28.359853	7.642272
29.447320	7.642272
29.447320	7.739963
31.176779	7.739963
31.176779	7.842413
32.723453	7.842413
32.723453	7.925410
34.106793	7.925410
34.106793	8.013898
36.199606	8.013898
36.199606	8.102199
38.041877	8.102199
38.041877	8.169586
39.704989	8.169586
39.704989	8.234850
42.147616	8.234850
42.147616	8.293976
44.359483	8.293976
44.359483	8.335829
46.387138	8.335829
46.387138	8.373006
49.291812	8.373006
49.291812	8.404448
51.940309	8.404448
51.940309	8.425541
54.384277	8.425541
54.384277	8.442485
57.755368	8.442485
57.755368	8.454955
60.829458	8.454955
60.829458	8.461988
63.658952	8.461988
& cycle # 6, chisq = 5862.621037, e = 29.456237
0.000000	4.201311
0.711718	4.201311
0.711718	6.627724
1.394768	6.627724
1.394768	6.976568
1.862688	6.976568
1.862688	7.101424
2.584344	7.101424
2.584344	7.173470
3.289646	7.173470
3.289646	7.207689
3.866850	7.207689
3.866850	7.231604
4.893667	7.231604
4.893667	7.252167
5.864615	7.252167
5.864615	7.268991
6.634551	7.268991
6.634551	7.291008
7.867249	7.291008
7.867249	7.319418
8.931093	7.319418
8.931093	7.342358
9.773362	7.342358
9.773362	7.362989
11.202677	7.362989
11.202677	7.378861
12.533677	7.378861
12.533677	7.388342
13.677564	7.388342
13.677564	7.399162
15.612833	7.399162
15.612833	7.414804
17.269765	7.414804
17.269765	7.433550
18.559116	7.433550
18.559116	7.466153
20.386615	7.466153
20.386615	7.522102
21.677399	7.522102
21.677399	7.587569
22.596580	7.587569
22.596580	7.677694
23.874388	7.677694
23.874388	7.774020
24.883122	7.774020
24.883122	7.835267
25.736167	7.835267
25.736167	7.888676
27.103658	7.888676
27.103658	7.940834
28.326180	7.940834
28.326180	7.984715
29.418424	7.984715
29.418424	8.038582
31.182913	8.038582
31.182913	8.102100
32.746029	8.102100
32.746029	8.159160
34.131283	8.159160
34.131283	8.226933
36.246743	8.226933
36.246743	8.301454
38.085231	8.301454
38.085231	8.363067
39.729809	8.363067
39.729809	8.427861
42.170712	8.427861
42.170712	8.491012
44.364745	8.491012
44.364745	8.538426
46.367055	8.538426
46.367055	8.583139
49.275505	8.583139
49.275505	8.622764
51.917632	8.622764
51.917632	8.650138
54.350092	8.650138
54.350092	8.672763
57.750931	8.672763
57.750931	8.689754
60.844232	8.689754
60.844232	8.699451
63.686546	8.699451
& cycle # 2, chisq = 9008.220548, e = 30.624015
0.000000	3.198733
0.711718	3.198733
0.711718	4.757721
1.394768	4.757721
1.394768	4.958766
1.862688	4.958766
1.862688	5.044513
2.584344	5.044513
2.584344	5.105084
3.289646	5.105084
3.289646	5.140942
3.866850	5.140942
3.866850	5.173724
4.893667	5.173724
4.893667	5.210915
5.864615	5.210915
5.864615	5.247146
6.634551	5.247146
6.634551	5.298511
7.867249	5.298511
7.867249	5.367800
8.931093	5.367800
8.931093	5.425823
9.773362	5.425823
9.773362	5.480406
11.202677	5.480406
11.202677	5.525251
12.533677	5.525251
12.533677	5.554381
13.677564	5.554381
13.677564	5.589714
15.612833	5.589714
15.612833	5.642036
17.269765	5.642036
17.269765	5.705129
18.559116	5.705129
18.559116	5.814862
20.386615	5.814862
20.386615	6.002731
21.677399	6.002731
21.677399	6.221665
22.596580	6.221665
22.596580	6.520813
23.874388	6.520813
23.874388	6.836175
24.883122	6.836175
24.883122	7.031500
25.736167	7.031500
25.736167	7.194955
27.103658	7.194955
27.103658	7.347765
28.326180	7.347765
28.326180	7.471604
29.418424	7.471604
29.418424	7.618679
31.182913	7.618679
31.182913	7.786779
32.746029	7.786779
32.746029	7.933336
34.131283	7.933336
34.131283	8.102330
36.246743	8.102330
36.246743	8.282632
38.085231	8.282632
38.085231	8.427015
39.729809	8.427015
39.729809	8.573731
42.170712	8.573731
42.170712	8.711614
44.364745	8.711614
44.364745	8.811407
46.367055	8.811407
46.367055	8.902560
49.275505	8.902560
49.275505	8.981410
51.917632	8.981410
51.917632	9.035001
54.350092	9.035001
54.350092	9.078890
57.750931	9.078890
57.750931	9.111658
60.844232	9.111658
60.844232	9.130257
63.686546	9.130257
& cycle # 3, chisq = 6681.520268, e = 30.624015
0.000000	3.062815
0.711718	3.062815
0.711718	4.646411
1.394768	4.646411
1.394768	4.855600
1.862688	4.855600
1.862688	4.939751
2.584344	4.939751
2.584344	4.996393
3.289646	4.996393
3.289646	5.028821
3.866850	5.028821
3.866850	5.057873
4.893667	5.057873
4.893667	5.090587
5.864615	5.090587
5.864615	5.122551
6.634551	5.122551
6.634551	5.168224
7.867249	5.168224
7.867249	5.230496
8.931093	5.230496
8.931093	5.283462
9.773362	5.283462
9.773362	5.334717
11.202677	5.334717
11.202677	5.378993
12.533677	5.378993
12.533677	5.409804
13.677564	5.409804
13.677564	5.449193
15.612833	5.449193
15.612833	5.508871
17.269765	5.508871
17.269765	5.581371
18.559116	5.581371
18.559116	5.707702
20.386615	5.707702
20.386615	5.923937
21.677399	5.923937
21.677399	6.175526
22.596580	6.175526
22.596580	6.518053
23.874388	6.518053
23.874388	6.876531
24.883122	6.876531
24.883122	7.095305
25.736167	7.095305
25.736167	7.273924
27.103658	7.273924
27.103658	7.436406
28.326180	7.436406
28.326180	7.565038
29.418424	7.565038
29.418424	7.714865
31.182913	7.714865
31.182913	7.883259
32.746029	7.883259
32.746029	8.027959
34.131283	8.027959
34.131283	8.192753
36.246743	8.192753
36.246743	8.366646
38.085231	8.366646
38.085231	8.504452
39.729809	8.504452
39.729809	8.643050
42.170712	8.643050
42.170712	8.771938
44.364745	8.771938
44.364745	8.864236
46.367055	8.864236
46.367055	8.947759
49.275505	8.947759
49.275505	9.019494
51.917632	9.019494
51.917632	9.068017
54.350092	9.068017
54.350092	9.107657
57.750931	9.107657
57.750931	9.137214
60.844232	9.137214
60.844232	9.153979
63.686546	9.153979
& cycle # 5, chisq = 6654.419530, e = 30.624015
0.000000	3.250028
0.711718	3.250028
0.711718	4.786885
1.394768	4.786885
1.394768	4.978147
1.862688	4.978147
1.862688	5.059336
2.584344	5.059336
2.584344	5.116653
3.289646	5.116653
3.289646	5.150630
3.866850	5.150630
3.866850	5.181799
4.893667	5.181799
4.893667	5.217315
5.864615	5.217315
5.864615	5.252043
6.634551	5.252043
6.634551	5.301433
7.867249	5.301433
7.867249	5.368291
8.931093	5.368291
8.931093	5.424553
9.773362	5.424553
9.773362	5.477954
11.202677	5.477954
11.202677	5.522550
12.533677	5.522550
12.533677	5.552201
13.677564	5.552201
13.677564	5.588837
15.612833	5.588837
15.612833	5.643532
17.269765	5.643532
17.269765	5.709654
18.559116	5.709654
18.559116	5.824701
20.386615	5.824701
20.386615	6.021578
21.677399	6.021578
21.677399	6.250761
22.596580	6.250761
22.596580	6.563239
23.874388	6.563239
23.874388	6.891312
24.883122	6.891312
24.883122	7.092893
25.736167	7.092893
25.736167	7.259431
27.103658	7.259431
27.103658	7.413003
28.326180	7.413003
28.326180	7.536045
29.418424	7.536045
29.418424	7.680812
31.182913	7.680812
31.182913	7.844941
32.746029	7.844941
32.746029	7.987035
34.131283	7.987035
34.131283	8.149884
36.246743	8.149884
36.246743	8.322670
38.085231	8.322670
38.085231	8.460293
39.729809	8.460293
39.729809	8.599385
42.170712	8.599385
42.170712	8.729368
44.364745	8.729368
44.364745	8.822908
46.367055	8.822908
46.367055	8.907919
49.275505	8.907919
49.275505	8.981171
51.917632	8.981171
51.917632	9.030829
54.350092	9.030829
54.350092	9.071441
57.750931	9.071441
57.750931	9.101740
60.844232	9.101740
60.844232	9.118929
63.686546	9.118929
& cycle # 6, chisq = 6677.374790, e = 30.624015
0.000000	3.085372
0.711718	3.085372
0.711718	4.694756
1.394768	4.694756
1.394768	4.916224
1.862688	4.916224
1.862688	5.009671
2.584344	5.009671
2.584344	5.074834
3.289646	5.074834
3.289646	5.113030
3.866850	5.113030
3.866850	5.147690
4.893667	5.147690
4.893667	5.186824
5.864615	5.186824
5.864615	5.224885
6.634551	5.224885
6.634551	5.278833
7.867249	5.278833
7.867249	5.351627
8.931093	5.351627
8.931093	5.412614
9.773362	5.412614
9.773362	5.470036
11.202677	5.470036
11.202677	5.517282
12.533677	5.517282
12.533677	5.548030
13.677564	5.548030
13.677564	5.585365
15.612833	5.585365
15.612833	5.640649
17.269765	5.640649
17.269765	5.707268
18.559116	5.707268
18.559116	5.822995
20.386615	5.822995
20.386615	6.020790
21.677399	6.020790
21.677399	6.250750
22.596580	6.250750
22.596580	6.563727
23.874388	6.563727
23.874388	6.891375
24.883122	6.891375
24.883122	7.091670
25.736167	7.091670
25.736167	7.255917
27.103658	7.255917
27.103658	7.406260
28.326180	7.406260
28.326180	7.526009
29.418424	7.526009
29.418424	7.666212
31.182913	7.666212
31.182913	7.824455
32.746029	7.824455
32.746029	7.960880
34.131283	7.960880
34.131283	8.116620
36.246743	8.116620
36.246743	8.281228
38.085231	8.281228
38.085231	8.411821
39.729809	8.411821
39.729809	8.543257
42.170712	8.543257
42.170712	8.665537
44.364745	8.665537
44.364745	8.753126
46.367055	8.753126
46.367055	8.832400
49.275505	8.832400
49.275505	8.900492
51.917632	8.900492
51.917632	8.946554
54.350092	8.946554
54.350092	8.984186
57.750931	8.984186
57.750931	9.012251
60.844232	9.012251
60.844232	9.028173
63.686546	9.028173
& cycle # 7, chisq = 6703.952492, e = 30.624015
