       0.65278238    	       3.9024117    
        1.3346455    	       4.8794517    
        1.7949009    	       4.9591070    
        2.5285007    	       5.0005963    
        3.2481117    	       5.0345052    
        3.8329159    	       5.0563647    
        4.9074895    	       5.0786020    
        5.9066943    	       5.1072284    
        6.6747228    	       5.1378971    
        7.9053140    	       5.1851020    
        8.9312365    	       5.2515003    
        9.7303317    	       5.3053609    
        11.141275    	       5.3539206    
        12.462977    	       5.3936747    
        13.597335    	       5.4203616    
        15.590087    	       5.4540063    
        17.287642    	       5.5049839    
        18.592813    	       5.5675276    
        20.471256    	       5.6816379    
        21.751836    	       5.8870768    
        22.637006    	       6.1326027    
        23.884101    	       6.4734876    
        24.860662    	       6.8219153    
        25.687761    	       7.0231260    
        27.061042    	       7.1903531    
        28.283311    	       7.3486608    
        29.369277    	       7.4758867    
        31.171214    	       7.6287120    
        32.748103    	       7.8055611    
        34.128989    	       7.9604020    
        36.274350    	       8.1432196    
        38.105826    	       8.3409043    
        39.723825    	       8.4973155    
        42.169378    	       8.6544418    
        44.345447    	       8.7971329    
        46.319454    	       8.8939472    
        49.251088    	       8.9771991    
        51.896391    	       9.0441506    
        54.316657    	       9.0858110    
        57.752156    	       9.1179237    
        60.831033    	       9.1413121    
        63.614824    	       9.1552840    
 &  cycle #   2 chisq =     8184.841 E =  32.46
       0.65278238    	       3.9644653    
        1.3346455    	       4.9511735    
        1.7949009    	       5.0313452    
        2.5285007    	       5.0729942    
        3.2481117    	       5.1068363    
        3.8329159    	       5.1284483    
        4.9074895    	       5.1501406    
        5.9066943    	       5.1777427    
        6.6747228    	       5.2071226    
        7.9053140    	       5.2521744    
        8.9312365    	       5.3153484    
        9.7303317    	       5.3664099    
        11.141275    	       5.4122091    
        12.462977    	       5.4494622    
        13.597335    	       5.4743218    
        15.590087    	       5.5055583    
        17.287642    	       5.5528407    
        18.592813    	       5.6108609    
        20.471256    	       5.7167862    
        21.751836    	       5.9076668    
        22.637006    	       6.1360902    
        23.884101    	       6.4539550    
        24.860662    	       6.7802642    
        25.687761    	       6.9703633    
        27.061042    	       7.1305844    
        28.283311    	       7.2845621    
        29.369277    	       7.4100450    
        31.171214    	       7.5627822    
        32.748103    	       7.7417474    
        34.128989    	       7.9002660    
        36.274350    	       8.0894833    
        38.105826    	       8.2962899    
        39.723825    	       8.4617550    
        42.169378    	       8.6300030    
        44.345447    	       8.7848453    
        46.319454    	       8.8914103    
        49.251088    	       8.9842682    
        51.896391    	       9.0598003    
        54.316657    	       9.1072764    
        57.752156    	       9.1442424    
        60.831033    	       9.1715237    
        63.614824    	       9.1881367    
 &  cycle #   3 chisq =     8182.288 E =  32.46
       0.65278238    	       4.0147996    
        1.3346455    	       4.9884499    
        1.7949009    	       5.0652201    
        2.5285007    	       5.1050433    
        3.2481117    	       5.1374626    
        3.8329159    	       5.1582508    
        4.9074895    	       5.1792490    
        5.9066943    	       5.2061243    
        6.6747228    	       5.2348343    
        7.9053140    	       5.2789731    
        8.9312365    	       5.3410360    
        9.7303317    	       5.3913942    
        11.141275    	       5.4368784    
        12.462977    	       5.4742991    
        13.597335    	       5.4996269    
        15.590087    	       5.5318047    
        17.287642    	       5.5807588    
        18.592813    	       5.6409179    
        20.471256    	       5.7507621    
        21.751836    	       5.9486283    
        22.637006    	       6.1852286    
        23.884101    	       6.5139645    
        24.860662    	       6.8503851    
        25.687761    	       7.0450948    
        27.061042    	       7.2074402    
        28.283311    	       7.3616237    
        29.369277    	       7.4858970    
        31.171214    	       7.6355887    
        32.748103    	       7.8092554    
        34.128989    	       7.9616542    
        36.274350    	       8.1419380    
        38.105826    	       8.3372117    
        39.723825    	       8.4919562    
        42.169378    	       8.6476437    
        44.345447    	       8.7892464    
        46.319454    	       8.8854716    
        49.251088    	       8.9683274    
        51.896391    	       9.0350267    
        54.316657    	       9.0765574    
        57.752156    	       9.1085816    
        60.831033    	       9.1319110    
        63.614824    	       9.1458505    
 &  cycle #   5 chisq =     8185.408 E =  32.46
       0.65278238    	       3.9675879    
        1.3346455    	       4.9174544    
        1.7949009    	       4.9938132    
        2.5285007    	       5.0341904    
        3.2481117    	       5.0673494    
        3.8329159    	       5.0887434    
        4.9074895    	       5.1104762    
        5.9066943    	       5.1384005    
        6.6747228    	       5.1682775    
        7.9053140    	       5.2142220    
        8.9312365    	       5.2787946    
        9.7303317    	       5.3311213    
        11.141275    	       5.3782241    
        12.462977    	       5.4167002    
        13.597335    	       5.4424657    
        15.590087    	       5.4748886    
        17.287642    	       5.5239667    
        18.592813    	       5.5841523    
        20.471256    	       5.6939252    
        21.751836    	       5.8914986    
        22.637006    	       6.1275606    
        23.884101    	       6.4552284    
        24.860662    	       6.7901461    
        25.687761    	       6.9837306    
        27.061042    	       7.1451488    
        28.283311    	       7.2988275    
        29.369277    	       7.4231933    
        31.171214    	       7.5737442    
        32.748103    	       7.7493610    
        34.128989    	       7.9043424    
        36.274350    	       8.0887632    
        38.105826    	       8.2897631    
        39.723825    	       8.4501385    
        42.169378    	       8.6127405    
        44.345447    	       8.7619203    
        46.319454    	       8.8642493    
        49.251088    	       8.9531403    
        51.896391    	       9.0252471    
        54.316657    	       9.0704523    
        57.752156    	       9.1055492    
        60.831033    	       9.1313463    
        63.614824    	       9.1469600    
 &  cycle #   6 chisq =     8182.087 E =  32.46
       0.65278238    	       3.9939415    
        1.3346455    	       5.0221665    
        1.7949009    	       5.1047258    
        2.5285007    	       5.1462915    
        3.2481117    	       5.1795497    
        3.8329159    	       5.2005680    
        4.9074895    	       5.2214789    
        5.9066943    	       5.2479362    
        6.6747228    	       5.2760423    
        7.9053140    	       5.3191353    
        8.9312365    	       5.3796056    
        9.7303317    	       5.4285606    
        11.141275    	       5.4726308    
        12.462977    	       5.5087304    
        13.597335    	       5.5330592    
        15.590087    	       5.5638875    
        17.287642    	       5.6107520    
        18.592813    	       5.6683532    
        20.471256    	       5.7735948    
        21.751836    	       5.9633506    
        22.637006    	       6.1905534    
        23.884101    	       6.5069481    
        24.860662    	       6.8320823    
        25.687761    	       7.0217728    
        27.061042    	       7.1818327    
        28.283311    	       7.3356489    
        29.369277    	       7.4608757    
        31.171214    	       7.6130583    
        32.748103    	       7.7910295    
        34.128989    	       7.9483309    
        36.274350    	       8.1356531    
        38.105826    	       8.3398610    
        39.723825    	       8.5027734    
        42.169378    	       8.6678774    
        44.345447    	       8.8192590    
        46.319454    	       8.9230216    
        49.251088    	       9.0130921    
        51.896391    	       9.0861084    
        54.316657    	       9.1318578    
        57.752156    	       9.1673587    
        60.831033    	       9.1934374    
        63.614824    	       9.2092107    
 &  cycle #   7 chisq =     8187.143 E =  32.46
       0.64797646    	       5.3922883    
        1.3307986    	       6.7782992    
        1.7909951    	       6.8646862    
        2.5270366    	       6.8981111    
        3.2492942    	       6.9209041    
        3.8356503    	       6.9335974    
        4.9153418    	       6.9448958    
        5.9149935    	       6.9582181    
        6.6791778    	       6.9719852    
        7.9021000    	       6.9928296    
        8.9193463    	       7.0215411    
        9.7128075    	       7.0440042    
        11.123796    	       7.0634113    
        12.447944    	       7.0786889    
        13.584296    	       7.0885544    
        15.588116    	       7.1005853    
        17.293706    	       7.1185345    
        18.602939    	       7.1404928    
        20.489038    	       7.1807646    
        21.768810    	       7.2538207    
        22.649919    	       7.3416763    
        23.892136    	       7.4645324    
        24.863799    	       7.5909249    
        25.686904    	       7.6648483    
        27.058832    	       7.7282695    
        28.279940    	       7.7903593    
        29.364981    	       7.8416231    
        31.172111    	       7.9049566    
        32.752999    	       7.9803658    
        34.136375    	       8.0483084    
        36.289587    	       8.1312218    
        38.123218    	       8.2241105    
        39.739436    	       8.3004349    
        42.183583    	       8.3805644    
        44.353033    	       8.4570284    
        46.318127    	       8.5118912    
        49.242503    	       8.5623115    
        51.881812    	       8.6060974    
        54.301094    	       8.6357718    
        57.760207    	       8.6606280    
        60.886635    	       8.6798223    
        63.744230    	       8.6913048    
 &  cycle #   1 chisq =     9946.498 E =  32.65
       0.64797646    	       3.9910641    
        1.3307986    	       4.9344145    
        1.7909951    	       5.0065276    
        2.5270366    	       5.0438744    
        3.2492942    	       5.0743475    
        3.8356503    	       5.0939444    
        4.9153418    	       5.1140538    
        5.9149935    	       5.1403883    
        6.6791778    	       5.1689268    
        7.9021000    	       5.2130760    
        8.9193463    	       5.2748865    
        9.7128075    	       5.3242109    
        11.123796    	       5.3682210    
        12.447944    	       5.4045698    
        13.584296    	       5.4293921    
        15.588116    	       5.4610127    
        17.293706    	       5.5091760    
        18.602939    	       5.5684664    
        20.489038    	       5.6773192    
        21.768810    	       5.8746303    
        22.649919    	       6.1114431    
        23.892136    	       6.4412509    
        24.863799    	       6.7777868    
        25.686904    	       6.9713174    
        27.058832    	       7.1329691    
        28.279940    	       7.2868675    
        29.364981    	       7.4108030    
        31.172111    	       7.5604728    
        32.752999    	       7.7349805    
        34.136375    	       7.8891771    
        36.289587    	       8.0738042    
        38.123218    	       8.2766214    
        39.739436    	       8.4396989    
        42.183583    	       8.6066566    
        44.353033    	       8.7613619    
        46.318127    	       8.8687411    
        49.242503    	       8.9642538    
        51.881812    	       9.0448623    
        54.301094    	       9.0982131    
        57.760207    	       9.1420183    
        60.886635    	       9.1751047    
        63.744230    	       9.1942829    
 &  cycle #   2 chisq =     8293.304 E =  32.65
       0.64797646    	       4.0873824    
        1.3307986    	       5.0282815    
        1.7909951    	       5.1031369    
        2.5270366    	       5.1429994    
        3.2492942    	       5.1755526    
        3.8356503    	       5.1962285    
        4.9153418    	       5.2169743    
        5.9149935    	       5.2436029    
        6.6791778    	       5.2721305    
        7.9021000    	       5.3159472    
        8.9193463    	       5.3768882    
        9.7128075    	       5.4251037    
        11.123796    	       5.4675304    
        12.447944    	       5.5018815    
        13.584296    	       5.5248323    
        15.588116    	       5.5536075    
        17.293706    	       5.5971369    
        18.602939    	       5.6506421    
        20.489038    	       5.7489253    
        21.768810    	       5.9273224    
        22.649919    	       6.1418848    
        23.892136    	       6.4418155    
        24.863799    	       6.7499654    
        25.686904    	       6.9295331    
        27.058832    	       7.0824672    
        28.279940    	       7.2308413    
        29.364981    	       7.3522490    
        31.172111    	       7.5009340    
        32.752999    	       7.6764765    
        34.136375    	       7.8333424    
        36.289587    	       8.0231617    
        38.123218    	       8.2338918    
        39.739436    	       8.4052636    
        42.183583    	       8.5829927    
        44.353033    	       8.7501613    
        46.318127    	       8.8681558    
        49.242503    	       8.9748358    
        51.881812    	       9.0661165    
        54.301094    	       9.1271686    
        57.760207    	       9.1776699    
        60.886635    	       9.2160664    
        63.744230    	       9.2384999    
 &  cycle #   3 chisq =     8300.232 E =  32.65
       0.64797646    	       4.0453399    
        1.3307986    	       4.9611168    
        1.7909951    	       5.0325907    
        2.5270366    	       5.0708563    
        3.2492942    	       5.1024154    
        3.8356503    	       5.1227574    
        4.9153418    	       5.1435831    
        5.9149935    	       5.1707646    
        6.6791778    	       5.2001496    
        7.9021000    	       5.2455292    
        8.9193463    	       5.3089596    
        9.7128075    	       5.3594757    
        11.123796    	       5.4044187    
        12.447944    	       5.4414096    
        13.584296    	       5.4665936    
        15.588116    	       5.4986187    
        17.293706    	       5.5473649    
        18.602939    	       5.6073612    
        20.489038    	       5.7174959    
        21.768810    	       5.9170896    
        22.649919    	       6.1565620    
        23.892136    	       6.4898486    
        24.863799    	       6.8294466    
        25.686904    	       7.0241144    
        27.058832    	       7.1858070    
        28.279940    	       7.3387341    
        29.364981    	       7.4610821    
        31.172111    	       7.6078722    
        32.752999    	       7.7779438    
        34.136375    	       7.9273291    
        36.289587    	       8.1051851    
        38.123218    	       8.2994796    
        39.739436    	       8.4547943    
        42.183583    	       8.6127779    
        44.353033    	       8.7580893    
        46.318127    	       8.8581207    
        49.242503    	       8.9463977    
        51.881812    	       9.0204210    
        54.301094    	       9.0691933    
        57.760207    	       9.1091392    
        60.886635    	       9.1392678    
        63.744230    	       9.1567164    
 &  cycle #   5 chisq =     8300.089 E =  32.65
       0.64797646    	       4.0028751    
        1.3307986    	       4.9037603    
        1.7909951    	       4.9764650    
        2.5270366    	       5.0161357    
        3.2492942    	       5.0490741    
        3.8356503    	       5.0703787    
        4.9153418    	       5.0922392    
        5.9149935    	       5.1208044    
        6.6791778    	       5.1516896    
        7.9021000    	       5.1993626    
        8.9193463    	       5.2659259    
        9.7128075    	       5.3188225    
        11.123796    	       5.3656495    
        12.447944    	       5.4038147    
        13.584296    	       5.4294371    
        15.588116    	       5.4616145    
        17.293706    	       5.5102656    
        18.602939    	       5.5699804    
        20.489038    	       5.6794415    
        21.768810    	       5.8775939    
        22.649919    	       6.1150778    
        23.892136    	       6.4451394    
        24.863799    	       6.7808363    
        25.686904    	       6.9728441    
        27.058832    	       7.1322332    
        28.279940    	       7.2833791    
        29.364981    	       7.4049020    
        31.172111    	       7.5516473    
        32.752999    	       7.7229028    
        34.136375    	       7.8744748    
        36.289587    	       8.0563805    
        38.123218    	       8.2567917    
        39.739436    	       8.4185152    
        42.183583    	       8.5848282    
        44.353033    	       8.7397747    
        46.318127    	       8.8479984    
        49.242503    	       8.9448656    
        51.881812    	       9.0270597    
        54.301094    	       9.0816914    
        57.760207    	       9.1266894    
        60.886635    	       9.1607779    
        63.744230    	       9.1806118    
 &  cycle #   6 chisq =     8299.741 E =  32.65
        1.1727534    	       3.5323559    
        1.7669009    	       4.0157045    
        2.1343981    	       4.1038614    
        2.7468645    	       4.1607165    
        3.3508867    	       4.2181850    
        3.8391606    	       4.2610895    
        4.8014635    	       4.3082948    
        5.7432587    	       4.3629382    
        6.5008314    	       4.4139298    
        7.8375553    	       4.4943538    
        8.9575809    	       4.6243295    
        9.7869692    	       4.7578637    
        11.218192    	       4.9155385    
        12.491068    	       5.0516332    
        13.566636    	       5.1196027    
        15.560369    	       5.1793220    
        17.266030    	       5.2533156    
        18.572398    	       5.3376125    
        20.520414    	       5.4939382    
        21.804184    	       5.7844888    
        22.661915    	       6.1360514    
        23.888988    	       6.6274975    
        24.831993    	       7.0949661    
        25.627895    	       7.3192493    
        27.009104    	       7.4791012    
        28.231314    	       7.6141468    
        29.311599    	       7.7113036    
        31.176210    	       7.8217440    
        32.786315    	       7.9459768    
        34.176187    	       8.0531207    
        36.384847    	       8.1836862    
        38.219392    	       8.3295498    
        39.807076    	       8.4459695    
        42.254348    	       8.5646284    
        44.392947    	       8.6708829    
        46.313388    	       8.7394919    
        49.250719    	       8.7973811    
        51.883464    	       8.8444727    
        54.287395    	       8.8750067    
        57.820723    	       8.9005470    
        61.005279    	       8.9199892    
        63.914964    	       8.9308792    
 &  cycle #   1 chisq =      904.247 E =  34.94
        1.1727534    	       4.3555989    
        1.7669009    	       4.8651768    
        2.1343981    	       4.9181827    
        2.7468645    	       4.9461419    
        3.3508867    	       4.9723548    
        3.8391606    	       4.9907524    
        4.8014635    	       5.0097656    
        5.7432587    	       5.0303240    
        6.5008314    	       5.0485153    
        7.8375553    	       5.0765626    
        8.9575809    	       5.1216907    
        9.7869692    	       5.1683214    
        11.218192    	       5.2245926    
        12.491068    	       5.2760673    
        13.566636    	       5.3056501    
        15.560369    	       5.3379307    
        17.266030    	       5.3846824    
        18.572398    	       5.4416947    
        20.520414    	       5.5509970    
        21.804184    	       5.7593385    
        22.661915    	       6.0179433    
        23.888988    	       6.3929667    
        24.831993    	       6.7719648    
        25.627895    	       6.9750311    
        27.009104    	       7.1409328    
        28.231314    	       7.2957097    
        29.311599    	       7.4148722    
        31.176210    	       7.5576663    
        32.786315    	       7.7250291    
        34.176187    	       7.8739189    
        36.384847    	       8.0597456    
        38.219392    	       8.2715846    
        39.807076    	       8.4439898    
        42.254348    	       8.6235194    
        44.392947    	       8.7885268    
        46.313388    	       8.8985765    
        49.250719    	       8.9947298    
        51.883464    	       9.0754017    
        54.287395    	       9.1288586    
        57.820723    	       9.1740565    
        61.005279    	       9.2086232    
        63.914964    	       9.2280218    
 &  cycle #   2 chisq =      813.318 E =  34.94
        1.1727534    	       4.0930523    
        1.7669009    	       4.6403063    
        2.1343981    	       4.7198345    
        2.7468645    	       4.7635981    
        3.3508867    	       4.8041049    
        3.8391606    	       4.8319744    
        4.8014635    	       4.8599697    
        5.7432587    	       4.8891101    
        6.5008314    	       4.9139963    
        7.8375553    	       4.9515805    
        8.9575809    	       5.0113327    
        9.7869692    	       5.0724483    
        11.218192    	       5.1451105    
        12.491068    	       5.2097570    
        13.566636    	       5.2449907    
        15.560369    	       5.2810585    
        17.266030    	       5.3314103    
        18.572398    	       5.3919782    
        20.520414    	       5.5073685    
        21.804184    	       5.7262282    
        22.661915    	       5.9964913    
        23.888988    	       6.3855302    
        24.831993    	       6.7741242    
        25.627895    	       6.9783454    
        27.009104    	       7.1419651    
        28.231314    	       7.2932647    
        29.311599    	       7.4096578    
        31.176210    	       7.5496941    
        32.786315    	       7.7149102    
        34.176187    	       7.8630218    
        36.384847    	       8.0494035    
        38.219392    	       8.2637232    
        39.807076    	       8.4398440    
        42.254348    	       8.6254060    
        44.392947    	       8.7984880    
        46.313388    	       8.9160394    
        49.250719    	       9.0207306    
        51.883464    	       9.1100195    
        54.287395    	       9.1698596    
        57.820723    	       9.2207400    
        61.005279    	       9.2597531    
        63.914964    	       9.2816759    
 &  cycle #   3 chisq =      811.732 E =  34.94
        1.1727534    	       4.0090155    
        1.7669009    	       4.6329110    
        2.1343981    	       4.7521964    
        2.7468645    	       4.8132086    
        3.3508867    	       4.8665260    
        3.8391606    	       4.9014373    
        4.8014635    	       4.9347759    
        5.7432587    	       4.9673941    
        6.5008314    	       4.9936642    
        7.8375553    	       5.0320627    
        8.9575809    	       5.0921378    
        9.7869692    	       5.1529456    
        11.218192    	       5.2244627    
        12.491068    	       5.2871420    
        13.566636    	       5.3205514    
        15.560369    	       5.3540793    
        17.266030    	       5.4005614    
        18.572398    	       5.4564995    
        20.520414    	       5.5633683    
        21.804184    	       5.7667994    
        22.661915    	       6.0191332    
        23.888988    	       6.3848756    
        24.831993    	       6.7543624    
        25.627895    	       6.9523770    
        27.009104    	       7.1144929    
        28.231314    	       7.2663531    
        29.311599    	       7.3838923    
        31.176210    	       7.5256386    
        32.786315    	       7.6929381    
        34.176187    	       7.8428761    
        36.384847    	       8.0315494    
        38.219392    	       8.2486471    
        39.807076    	       8.4273212    
        42.254348    	       8.6160685    
        44.392947    	       8.7928051    
        46.313388    	       8.9134583    
        49.250719    	       9.0215199    
        51.883464    	       9.1141390    
        54.287395    	       9.1764253    
        57.820723    	       9.2294781    
        61.005279    	       9.2701891    
        63.914964    	       9.2930748    
 &  cycle #   4 chisq =      819.581 E =  34.94
        1.1727534    	       4.2071416    
        1.7669009    	       4.7262959    
        2.1343981    	       4.7940386    
        2.7468645    	       4.8306645    
        3.3508867    	       4.8645257    
        3.8391606    	       4.8878676    
        4.8014635    	       4.9114364    
        5.7432587    	       4.9361781    
        6.5008314    	       4.9574975    
        7.8375553    	       4.9898950    
        8.9575809    	       5.0416354    
        9.7869692    	       5.0948089    
        11.218192    	       5.1585433    
        12.491068    	       5.2161944    
        13.566636    	       5.2486921    
        15.560369    	       5.2834199    
        17.266030    	       5.3331681    
        18.572398    	       5.3936069    
        20.520414    	       5.5092860    
        21.804184    	       5.7294737    
        22.661915    	       6.0023425    
        23.888988    	       6.3970129    
        24.831993    	       6.7939511    
        25.627895    	       7.0045916    
        27.009104    	       7.1742942    
        28.231314    	       7.3305195    
        29.311599    	       7.4494070    
        31.176210    	       7.5905065    
        32.786315    	       7.7547516    
        34.176187    	       7.9002736    
        36.384847    	       8.0816191    
        38.219392    	       8.2884336    
        39.807076    	       8.4570888    
        42.254348    	       8.6333741    
        44.392947    	       8.7963102    
        46.313388    	       8.9058014    
        49.250719    	       9.0022745    
        51.883464    	       9.0838235    
        54.287395    	       9.1381492    
        57.820723    	       9.1842057    
        61.005279    	       9.2194728    
        63.914964    	       9.2392766    
 &  cycle #   5 chisq =      808.791 E =  34.94
       0.64976143    	       3.9176788    
        1.3312958    	       4.8744968    
        1.7909962    	       4.9507567    
        2.5249065    	       4.9904534    
        3.2449603    	       5.0228854    
        3.8299692    	       5.0437579    
        4.9069887    	       5.0649589    
        5.9082722    	       5.0922450    
        6.6771531    	       5.1215218    
        7.9096075    	       5.1667533    
        8.9351775    	       5.2306063    
        9.7329668    	       5.2824681    
        11.143542    	       5.3292471    
        12.464726    	       5.3675779    
        13.598278    	       5.3933695    
        15.592541    	       5.4260227    
        17.289951    	       5.4756598    
        18.593513    	       5.5366700    
        20.469973    	       5.6482637    
        21.746595    	       5.8495677    
        22.628112    	       6.0900174    
        23.872590    	       6.4230182    
        24.848436    	       6.7617102    
        25.675709    	       6.9567314    
        27.052241    	       7.1196689    
        28.277531    	       7.2747184    
        29.366214    	       7.3996245    
        31.175611    	       7.5502980    
        32.758274    	       7.7257303    
        34.143144    	       7.8805031    
        36.295130    	       8.0651641    
        38.128522    	       8.2672238    
        39.745249    	       8.4290643    
        42.187608    	       8.5938954    
        44.356919    	       8.7458666    
        46.322781    	       8.8508866    
        49.244966    	       8.9437430    
        51.883111    	       9.0214681    
        54.301389    	       9.0723142    
        57.753190    	       9.1134148    
        60.870146    	       9.1440283    
        63.714871    	       9.1617231    
 &  cycle #   2 chisq =     8265.049 E =  32.55
       0.64976143    	       4.0653303    
        1.3312958    	       5.0353579    
        1.7909962    	       5.1128093    
        2.5249065    	       5.1533943    
        3.2449603    	       5.1863670    
        3.8299692    	       5.2072955    
        4.9069887    	       5.2280991    
        5.9082722    	       5.2543641    
        6.6771531    	       5.2822418    
        7.9096075    	       5.3250421    
        8.9351775    	       5.3851448    
        9.7329668    	       5.4336526    
        11.143542    	       5.4769853    
        12.464726    	       5.5120254    
        13.598278    	       5.5352800    
        15.592541    	       5.5644548    
        17.289951    	       5.6086526    
        18.593513    	       5.6629589    
        20.469973    	       5.7623804    
        21.746595    	       5.9420050    
        22.628112    	       6.1570369    
        23.872590    	       6.4559898    
        24.848436    	       6.7622287    
        25.675709    	       6.9410240    
        27.052241    	       7.0935125    
        28.277531    	       7.2416057    
        29.366214    	       7.3630192    
        31.175611    	       7.5117918    
        32.758274    	       7.6874808    
        34.143144    	       7.8444777    
        36.295130    	       8.0340548    
        38.128522    	       8.2439723    
        39.745249    	       8.4142466    
        42.187608    	       8.5901504    
        44.356919    	       8.7549873    
        46.322781    	       8.8709612    
        49.244966    	       8.9752667    
        51.883111    	       9.0638171    
        54.301389    	       9.1223749    
        57.753190    	       9.1700986    
        60.870146    	       9.2059474    
        63.714871    	       9.2269070    
 &  cycle #   3 chisq =     8268.423 E =  32.55
       0.64976143    	       3.9857852    
        1.3312958    	       5.0364490    
        1.7909962    	       5.1192644    
        2.5249065    	       5.1596951    
        3.2449603    	       5.1915888    
        3.8299692    	       5.2115462    
        4.9069887    	       5.2312491    
        5.9082722    	       5.2560733    
        6.6771531    	       5.2824448    
        7.9096075    	       5.3230139    
        8.9351775    	       5.3801446    
        9.7329668    	       5.4264613    
        11.143542    	       5.4682002    
        12.464726    	       5.5024739    
        13.598278    	       5.5256849    
        15.592541    	       5.5552924    
        17.289951    	       5.6005130    
        18.593513    	       5.6562373    
        20.469973    	       5.7583665    
        21.746595    	       5.9429827    
        22.628112    	       6.1640566    
        23.872590    	       6.4714368    
        24.848436    	       6.7861840    
        25.675709    	       6.9696281    
        27.052241    	       7.1254062    
        28.277531    	       7.2757610    
        29.366214    	       7.3981909    
        31.175611    	       7.5471254    
        32.758274    	       7.7216964    
        34.143144    	       7.8765111    
        36.295130    	       8.0619514    
        38.128522    	       8.2654906    
        39.745249    	       8.4289425    
        42.187608    	       8.5958104    
        44.356919    	       8.7500222    
        46.322781    	       8.8568439    
        49.244966    	       8.9514883    
        51.883111    	       9.0308278    
        54.301389    	       9.0827721    
        57.753190    	       9.1247658    
        60.870146    	       9.1560328    
        63.714871    	       9.1740886    
 &  cycle #   5 chisq =     8268.372 E =  32.55
       0.64976143    	       3.9706175    
        1.3312958    	       4.8887994    
        1.7909962    	       4.9637578    
        2.5249065    	       5.0044067    
        3.2449603    	       5.0381202    
        3.8299692    	       5.0599554    
        4.9069887    	       5.0821814    
        5.9082722    	       5.1107852    
        6.6771531    	       5.1414461    
        7.9096075    	       5.1887565    
        8.9351775    	       5.2554377    
        9.7329668    	       5.3094646    
        11.143542    	       5.3579709    
        12.464726    	       5.3973996    
        13.598278    	       5.4236511    
        15.592541    	       5.4565941    
        17.289951    	       5.5064417    
        18.593513    	       5.5675922    
        20.469973    	       5.6793155    
        21.746595    	       5.8806488    
        22.628112    	       6.1208643    
        23.872590    	       6.4530051    
        24.848436    	       6.7899791    
        25.675709    	       6.9832402    
        27.052241    	       7.1440288    
        28.277531    	       7.2967055    
        29.366214    	       7.4196763    
        31.175611    	       7.5681684    
        32.758274    	       7.7413575    
        34.143144    	       7.8944752    
        36.295130    	       8.0776100    
        38.128522    	       8.2785509    
        39.745249    	       8.4400036    
        42.187608    	       8.6050528    
        44.356919    	       8.7578929    
        46.322781    	       8.8640375    
        49.244966    	       8.9583408    
        51.883111    	       9.0376006    
        54.301389    	       9.0896198    
        57.753190    	       9.1317795    
        60.870146    	       9.1632740    
        63.714871    	       9.1815544    
 &  cycle #   6 chisq =     8266.781 E =  32.55
       0.64976143    	       3.9247404    
        1.3312958    	       4.9122105    
        1.7909962    	       4.9927650    
        2.5249065    	       5.0344771    
        3.2449603    	       5.0683669    
        3.8299692    	       5.0900097    
        4.9069887    	       5.1117579    
        5.9082722    	       5.1394856    
        6.6771531    	       5.1690756    
        7.9096075    	       5.2146393    
        8.9351775    	       5.2787702    
        9.7329668    	       5.3306665    
        11.143542    	       5.3772114    
        12.464726    	       5.4150546    
        13.598278    	       5.4403136    
        15.592541    	       5.4721249    
        17.289951    	       5.5203885    
        18.593513    	       5.5796986    
        20.469973    	       5.6882300    
        21.746595    	       5.8841482    
        22.628112    	       6.1183900    
        23.872590    	       6.4433061    
        24.848436    	       6.7746821    
        25.675709    	       6.9664465    
        27.052241    	       7.1277532    
        28.277531    	       7.2821650    
        29.366214    	       7.4071107    
        31.175611    	       7.5583446    
        32.758274    	       7.7348919    
        34.143144    	       7.8909581    
        36.295130    	       8.0774382    
        38.128522    	       8.2817270    
        39.745249    	       8.4455212    
        42.187608    	       8.6125107    
        44.356919    	       8.7666417    
        46.322781    	       8.8732870    
        49.244966    	       8.9677031    
        51.883111    	       9.0468360    
        54.301389    	       9.0986726    
        57.753190    	       9.1406399    
        60.870146    	       9.1719712    
        63.714871    	       9.1901505    
 &  cycle #   7 chisq =     8266.707 E =  32.55
        1.1735054    	       4.2507691    
        1.7555848    	       4.7504658    
        2.1208214    	       4.8040754    
        2.7344704    	       4.8345263    
        3.3402245    	       4.8629199    
        3.8291691    	       4.8825708    
        4.8010712    	       4.9026444    
        5.7490372    	       4.9243224    
        6.5061209    	       4.9436710    
        7.8436920    	       4.9736285    
        8.9577565    	       5.0213660    
        9.7818906    	       5.0694732    
        11.220689    	       5.1264687    
        12.496784    	       5.1796842    
        13.566835    	       5.2122506    
        15.557116    	       5.2481994    
        17.257533    	       5.2981784    
        18.560404    	       5.3577186    
        20.520098    	       5.4723053    
        21.806672    	       5.6927630    
        22.661756    	       5.9688368    
        23.887157    	       6.3748207    
        24.823717    	       6.7876324    
        25.612836    	       7.0067725    
        26.992593    	       7.1843788    
        28.212024    	       7.3479809    
        29.288844    	       7.4713943    
        31.160915    	       7.6170215    
        32.773752    	       7.7854656    
        34.162584    	       7.9335597    
        36.378922    	       8.1176456    
        38.210934    	       8.3265071    
        39.790790    	       8.4946955    
        42.235119    	       8.6676573    
        44.364674    	       8.8231051    
        46.273910    	       8.9231905    
        49.210032    	       9.0076632    
        51.838091    	       9.0764301    
        54.235666    	       9.1210339    
        57.777765    	       9.1585565    
        60.966837    	       9.1872741    
        63.878757    	       9.2034150    
 &  cycle #   1 chisq =      811.444 E =  35.39
        1.1735054    	       4.3871773    
        1.7555848    	       4.8644969    
        2.1208214    	       4.9132712    
        2.7344704    	       4.9411312    
        3.3402245    	       4.9673212    
        3.8291691    	       4.9856204    
        4.8010712    	       5.0045444    
        5.7490372    	       5.0252922    
        6.5061209    	       5.0440429    
        7.8436920    	       5.0732565    
        8.9577565    	       5.1199364    
        9.7818906    	       5.1670352    
        11.220689    	       5.2228372    
        12.496784    	       5.2748157    
        13.566835    	       5.3064005    
        15.557116    	       5.3408668    
        17.257533    	       5.3883467    
        18.560404    	       5.4446609    
        20.520098    	       5.5527961    
        21.806672    	       5.7604645    
        22.661756    	       6.0200341    
        23.887157    	       6.4007662    
        24.823717    	       6.7864810    
        25.612836    	       6.9902130    
        26.992593    	       7.1549912    
        28.212024    	       7.3074455    
        29.288844    	       7.4235093    
        31.160915    	       7.5621915    
        32.773752    	       7.7248542    
        34.162584    	       7.8698807    
        36.378922    	       8.0526938    
        38.210934    	       8.2631183    
        39.790790    	       8.4353060    
        42.235119    	       8.6159009    
        44.364674    	       8.7823903    
        46.273910    	       8.8931516    
        49.210032    	       8.9900793    
        51.838091    	       9.0715902    
        54.235666    	       9.1256970    
        57.777765    	       9.1717487    
        60.966837    	       9.2071818    
        63.878757    	       9.2271476    
 &  cycle #   2 chisq =      811.332 E =  35.39
        1.1735054    	       4.1465408    
        1.7555848    	       4.6577954    
        2.1208214    	       4.7310590    
        2.7344704    	       4.7740351    
        3.3402245    	       4.8138060    
        3.8291691    	       4.8409939    
        4.8010712    	       4.8682628    
        5.7490372    	       4.8969923    
        6.5061209    	       4.9220610    
        7.8436920    	       4.9603277    
        8.9577565    	       5.0206941    
        9.7818906    	       5.0808993    
        11.220689    	       5.1510295    
        12.496784    	       5.2144940    
        13.566835    	       5.2512585    
        15.557116    	       5.2891090    
        17.257533    	       5.3391303    
        18.560404    	       5.3974522    
        20.520098    	       5.5087632    
        21.806672    	       5.7217421    
        22.661756    	       5.9870334    
        23.887157    	       6.3743440    
        24.823717    	       6.7639660    
        25.612836    	       6.9675138    
        26.992593    	       7.1306564    
        28.212024    	       7.2814988    
        29.288844    	       7.3969341    
        31.160915    	       7.5360285    
        32.773752    	       7.7007070    
        34.162584    	       7.8488493    
        36.378922    	       8.0371324    
        38.210934    	       8.2555344    
        39.790790    	       8.4356775    
        42.235119    	       8.6263502    
        44.364674    	       8.8041130    
        46.273910    	       8.9240119    
        49.210032    	       9.0304645    
        51.838091    	       9.1211026    
        54.235666    	       9.1817854    
        57.777765    	       9.2336581    
        60.966837    	       9.2736546    
        63.878757    	       9.2962216    
 &  cycle #   3 chisq =      811.320 E =  35.39
        1.1735054    	       4.3372478    
        1.7555848    	       4.7889728    
        2.1208214    	       4.8351810    
        2.7344704    	       4.8617687    
        3.3402245    	       4.8867775    
        3.8291691    	       4.9042503    
        4.8010712    	       4.9223171    
        5.7490372    	       4.9421298    
        6.5061209    	       4.9600511    
        7.8436920    	       4.9880172    
        8.9577565    	       5.0328104    
        9.7818906    	       5.0781676    
        11.220689    	       5.1322886    
        12.496784    	       5.1834243    
        13.566835    	       5.2153057    
        15.557116    	       5.2512357    
        17.257533    	       5.3018664    
        18.560404    	       5.3624952    
        20.520098    	       5.4793674    
        21.806672    	       5.7043987    
        22.661756    	       5.9863471    
        23.887157    	       6.4011117    
        24.823717    	       6.8227509    
        25.612836    	       7.0460595    
        26.992593    	       7.2257564    
        28.212024    	       7.3894471    
        29.288844    	       7.5113205    
        31.160915    	       7.6532274    
        32.773752    	       7.8155055    
        34.162584    	       7.9569679    
        36.378922    	       8.1318537    
        38.210934    	       8.3296861    
        39.790790    	       8.4888173    
        42.235119    	       8.6525695    
        44.364674    	       8.8000722    
        46.273910    	       8.8954215    
        49.210032    	       8.9763255    
        51.838091    	       9.0425427    
        54.235666    	       9.0856741    
        57.777765    	       9.1220425    
        60.966837    	       9.1499089    
        63.878757    	       9.1655814    
 &  cycle #   4 chisq =      808.881 E =  35.39
        1.1735054    	       4.2205989    
        1.7555848    	       4.6991099    
        2.1208214    	       4.7628812    
        2.7344704    	       4.8000620    
        3.3402245    	       4.8344897    
        3.8291691    	       4.8580728    
        4.8010712    	       4.8818182    
        5.7490372    	       4.9069830    
        6.5061209    	       4.9290716    
        7.8436920    	       4.9629374    
        8.9577565    	       5.0165665    
        9.7818906    	       5.0703015    
        11.220689    	       5.1334285    
        12.496784    	       5.1915326    
        13.566835    	       5.2262813    
        15.557116    	       5.2636276    
        17.257533    	       5.3146178    
        18.560404    	       5.3749252    
        20.520098    	       5.4906898    
        21.806672    	       5.7130450    
        22.661756    	       5.9910263    
        23.887157    	       6.3987661    
        24.823717    	       6.8115043    
        25.612836    	       7.0287270    
        26.992593    	       7.2027599    
        28.212024    	       7.3615245    
        29.288844    	       7.4804349    
        31.160915    	       7.6201594    
        32.773752    	       7.7816521    
        34.162584    	       7.9239738    
        36.378922    	       8.1018450    
        38.210934    	       8.3052811    
        39.790790    	       8.4709040    
        42.235119    	       8.6438363    
        44.364674    	       8.8025410    
        46.273910    	       8.9076118    
        49.210032    	       8.9991401    
        51.838091    	       9.0758354    
        54.235666    	       9.1266326    
        57.777765    	       9.1698277    
        60.966837    	       9.2030544    
        63.878757    	       9.2217790    
 &  cycle #   5 chisq =      808.134 E =  35.39
        1.1733361    	       4.3635227    
        1.8139118    	       4.6873856    
        2.1583304    	       4.7669266    
        2.7493808    	       4.8035671    
        3.3342751    	       4.8378738    
        3.8046244    	       4.8614525    
        4.7644175    	       4.8854789    
        5.7093453    	       4.9098581    
        6.4696234    	       4.9294441    
        7.8557361    	       4.9592211    
        9.0006279    	       5.0089433    
        9.8255556    	       5.0629672    
        11.251195    	       5.1325410    
        12.492142    	       5.1971088    
        13.533450    	       5.2312854    
        15.533417    	       5.2650895    
        17.249382    	       5.3113170    
        18.560832    	       5.3667888    
        20.562530    	       5.4764820    
        21.851041    	       5.6938643    
        22.691609    	       5.9714769    
        23.903751    	       6.3875090    
        24.823685    	       6.8058126    
        25.598603    	       7.0201161    
        26.982525    	       7.1952596    
        28.201995    	       7.3571310    
        29.276360    	       7.4767491    
        31.180506    	       7.6169641    
        32.811684    	       7.7791684    
        34.207734    	       7.9222907    
        36.460773    	       8.1045315    
        38.299246    	       8.3161733    
        39.869629    	       8.4886602    
        42.322699    	       8.6688217    
        44.442464    	       8.8311599    
        46.334864    	       8.9341546    
        49.287210    	       9.0206114    
        51.920362    	       9.0907850    
        54.317228    	       9.1361315    
        57.906473    	       9.1745948    
        61.128552    	       9.2041415    
        64.064613    	       9.2206600    
 &  cycle #   1 chisq =      816.670 E =  36.57
        1.1733361    	       4.4908707    
        1.8139118    	       4.7979116    
        2.1583304    	       4.8617405    
        2.7493808    	       4.8911042    
        3.3342751    	       4.9188965    
        3.8046244    	       4.9382623    
        4.7644175    	       4.9583713    
        5.7093453    	       4.9793345    
        6.4696234    	       4.9966765    
        7.8557361    	       5.0235191    
        9.0006279    	       5.0687336    
        9.8255556    	       5.1181425    
        11.251195    	       5.1821939    
        12.492142    	       5.2422558    
        13.533450    	       5.2746209    
        15.533417    	       5.3072833    
        17.249382    	       5.3524139    
        18.560832    	       5.4066841    
        20.562530    	       5.5138996    
        21.851041    	       5.7259749    
        22.691609    	       5.9961367    
        23.903751    	       6.3993965    
        24.823685    	       6.8022140    
        25.598603    	       7.0063317    
        26.982525    	       7.1715458    
        28.201995    	       7.3239485    
        29.276360    	       7.4370258    
        31.180506    	       7.5707563    
        32.811684    	       7.7272956    
        34.207734    	       7.8671953    
        36.460773    	       8.0477035    
        38.299246    	       8.2602337    
        39.869629    	       8.4361370    
        42.322699    	       8.6234409    
        44.442464    	       8.7965665    
        46.334864    	       8.9101616    
        49.287210    	       9.0092000    
        51.920362    	       9.0923758    
        54.317228    	       9.1474326    
        57.906473    	       9.1946977    
        61.128552    	       9.2312118    
        64.064613    	       9.2516867    
 &  cycle #   2 chisq =      809.906 E =  36.57
        1.1733361    	       4.4004512    
        1.8139118    	       4.7149261    
        2.1583304    	       4.7902765    
        2.7493808    	       4.8248644    
        3.3342751    	       4.8573026    
        3.8046244    	       4.8796731    
        4.7644175    	       4.9026047    
        5.7093453    	       4.9260962    
        6.4696234    	       4.9451770    
        7.8557361    	       4.9743934    
        9.0006279    	       5.0233603    
        9.8255556    	       5.0767001    
        11.251195    	       5.1455990    
        12.492142    	       5.2098372    
        13.533450    	       5.2441026    
        15.533417    	       5.2782667    
        17.249382    	       5.3251375    
        18.560832    	       5.3813584    
        20.562530    	       5.4923092    
        21.851041    	       5.7115671    
        22.691609    	       5.9905623    
        23.903751    	       6.4061945    
        24.823685    	       6.8198042    
        25.598603    	       7.0277078    
        26.982525    	       7.1939992    
        28.201995    	       7.3456304    
        29.276360    	       7.4569279    
        31.180506    	       7.5873850    
        32.811684    	       7.7392930    
        34.207734    	       7.8748780    
        36.460773    	       8.0502652    
        38.299246    	       8.2579566    
        39.869629    	       8.4314069    
        42.322699    	       8.6185966    
        44.442464    	       8.7949374    
        46.334864    	       8.9136223    
        49.287210    	       9.0200737    
        51.920362    	       9.1117428    
        54.317228    	       9.1734999    
        57.906473    	       9.2270102    
        61.128552    	       9.2685570    
        64.064613    	       9.2919405    
 &  cycle #   3 chisq =      803.468 E =  36.57
        1.1733361    	       3.7746930    
        1.8139118    	       4.0481035    
        2.1583304    	       4.1359869    
        2.7493808    	       4.1848191    
        3.3342751    	       4.2350590    
        3.8046244    	       4.2726837    
        4.7644175    	       4.3147497    
        5.7093453    	       4.3625359    
        6.4696234    	       4.4052785    
        7.8557361    	       4.4740103    
        9.0006279    	       4.5910434    
        9.8255556    	       4.7188287    
        11.251195    	       4.8823549    
        12.492142    	       5.0299253    
        13.533450    	       5.1017222    
        15.533417    	       5.1621822    
        17.249382    	       5.2344087    
        18.560832    	       5.3160372    
        20.562530    	       5.4731884    
        21.851041    	       5.7783447    
        22.691609    	       6.1597548    
        23.903751    	       6.7126107    
        24.823685    	       7.2364361    
        25.598603    	       7.4745771    
        26.982525    	       7.6398186    
        28.201995    	       7.7714878    
        29.276360    	       7.8557046    
        31.180506    	       7.9409844    
        32.811684    	       8.0277436    
        34.207734    	       8.0971235    
        36.460773    	       8.1796171    
        38.299246    	       8.2708827    
        39.869629    	       8.3425112    
        42.322699    	       8.4148492    
        44.442464    	       8.4776663    
        46.334864    	       8.5157549    
        49.287210    	       8.5461694    
        51.920362    	       8.5697653    
        54.317228    	       8.5845397    
        57.906473    	       8.5968877    
        61.128552    	       8.6063168    
        64.064613    	       8.6115781    
 &  cycle #   4 chisq =     1017.811 E =  36.57
        1.1733361    	       4.4175480    
        1.8139118    	       4.7296108    
        2.1583304    	       4.8052607    
        2.7493808    	       4.8399206    
        3.3342751    	       4.8724055    
        3.8046244    	       4.8948054    
        4.7644175    	       4.9177769    
        5.7093453    	       4.9413321    
        6.4696234    	       4.9604868    
        7.8557361    	       4.9898374    
        9.0006279    	       5.0390419    
        9.8255556    	       5.0926418    
        11.251195    	       5.1618606    
        12.492142    	       5.2263462    
        13.533450    	       5.2606705    
        15.533417    	       5.2947737    
        17.249382    	       5.3414422    
        18.560832    	       5.3973622    
        20.562530    	       5.5076714    
        21.851041    	       5.7256034    
        22.691609    	       6.0028533    
        23.903751    	       6.4158064    
        24.823685    	       6.8267123    
        25.598603    	       7.0333341    
        26.982525    	       7.1988631    
        28.201995    	       7.3501643    
        29.276360    	       7.4614925    
        31.180506    	       7.5922008    
        32.811684    	       7.7444339    
        34.207734    	       7.8801391    
        36.460773    	       8.0551975    
        38.299246    	       8.2616456    
        39.869629    	       8.4330801    
        42.322699    	       8.6166178    
        44.442464    	       8.7876222    
        46.334864    	       8.9010618    
        49.287210    	       9.0012078    
        51.920362    	       9.0862644    
        54.317228    	       9.1430187    
        57.906473    	       9.1919466    
        61.128552    	       9.2298298    
        64.064613    	       9.2511056    
 &  cycle #   5 chisq =      807.976 E =  36.57
       0.61702842    	       4.6749853    
        1.3075443    	       5.4272564    
        1.7680798    	       5.4863585    
        2.5223648    	       5.5215285    
        3.2640540    	       5.5512597    
        3.8609259    	       5.5704253    
        4.9705263    	       5.5918056    
        5.9623056    	       5.6231772    
        6.6923249    	       5.6588818    
        7.8621474    	       5.7133109    
        8.8421736    	       5.7818609    
        9.6252214    	       5.8274051    
        11.086518    	       5.8647671    
        12.455661    	       5.8982917    
        13.609503    	       5.9240108    
        15.649283    	       5.9580117    
        17.338001    	       6.0079464    
        18.609665    	       6.0651812    
        20.470587    	       6.1632170    
        21.733903    	       6.3286001    
        22.609864    	       6.5147524    
        23.875984    	       6.7730351    
        24.849387    	       7.0433883    
        25.661930    	       7.1953817    
        27.038308    	       7.3073889    
        28.256916    	       7.3973759    
        29.336268    	       7.4602411    
        31.171528    	       7.5298979    
        32.765326    	       7.6061578    
        34.149382    	       7.6703162    
        36.330591    	       7.7458189    
        38.162567    	       7.8277819    
        39.760963    	       7.8922403    
        42.205813    	       7.9570374    
        44.356787    	       8.0150031    
        46.295371    	       8.0529683    
        49.226100    	       8.0851738    
        51.860159    	       8.1113240    
        54.268367    	       8.1281478    
        57.763943    	       8.1419744    
        60.913009    	       8.1525157    
        63.784752    	       8.1586940    
 &  cycle #   1 chisq =     9711.336 E =  33.97
       0.61702842    	       4.4285598    
        1.3075443    	       5.0591139    
        1.7680798    	       5.1049630    
        2.5223648    	       5.1327016    
        3.2640540    	       5.1563437    
        3.8609259    	       5.1716850    
        4.9705263    	       5.1889003    
        5.9623056    	       5.2142477    
        6.6923249    	       5.2431576    
        7.8621474    	       5.2873514    
        8.8421736    	       5.3433029    
        9.6252214    	       5.3809034    
        11.086518    	       5.4125714    
        12.455661    	       5.4422223    
        13.609503    	       5.4661411    
        15.649283    	       5.4994080    
        17.338001    	       5.5503351    
        18.609665    	       5.6105800    
        20.470587    	       5.7168239    
        21.733903    	       5.9010755    
        22.609864    	       6.1140357    
        23.875984    	       6.4189920    
        24.849387    	       6.7532046    
        25.661930    	       6.9568421    
        27.038308    	       7.1267067    
        28.256916    	       7.2822227    
        29.336268    	       7.4033309    
        31.171528    	       7.5497100    
        32.765326    	       7.7215813    
        34.149382    	       7.8742191    
        36.330591    	       8.0612326    
        38.162567    	       8.2706472    
        39.760963    	       8.4397089    
        42.205813    	       8.6138678    
        44.356787    	       8.7737595    
        46.295371    	       8.8815385    
        49.226100    	       8.9755638    
        51.860159    	       9.0536703    
        54.268367    	       9.1046681    
        57.763943    	       9.1468291    
        60.913009    	       9.1789736    
        63.784752    	       9.1977182    
 &  cycle #   2 chisq =     9071.071 E =  33.97
       0.61702842    	       4.4159753    
        1.3075443    	       5.0437236    
        1.7680798    	       5.0953152    
        2.5223648    	       5.1272458    
        3.2640540    	       5.1544207    
        3.8609259    	       5.1718640    
        4.9705263    	       5.1911276    
        5.9623056    	       5.2191649    
        6.6923249    	       5.2509247    
        7.8621474    	       5.2991774    
        8.8421736    	       5.3597546    
        9.6252214    	       5.3998673    
        11.086518    	       5.4327592    
        12.455661    	       5.4625420    
        13.609503    	       5.4858289    
        15.649283    	       5.5174001    
        17.338001    	       5.5649302    
        18.609665    	       5.6206215    
        20.470587    	       5.7182105    
        21.733903    	       5.8867273    
        22.609864    	       6.0810520    
        23.875984    	       6.3592705    
        24.849387    	       6.6649254    
        25.661930    	       6.8525261    
        27.038308    	       7.0115071    
        28.256916    	       7.1603005    
        29.336268    	       7.2789116    
        31.171528    	       7.4256161    
        32.765326    	       7.6016570    
        34.149382    	       7.7611486    
        36.330591    	       7.9602697    
        38.162567    	       8.1874255    
        39.760963    	       8.3744943    
        42.205813    	       8.5716757    
        44.356787    	       8.7577252    
        46.295371    	       8.8872100    
        49.226100    	       9.0038709    
        51.860159    	       9.1035038    
        54.268367    	       9.1699327    
        57.763943    	       9.2256250    
        60.913009    	       9.2685732    
        63.784752    	       9.2939283    
 &  cycle #   3 chisq =     9079.614 E =  33.97
       0.61702842    	      0.51987106E-01
        1.3075443    	      0.27242057    
        1.7680798    	      0.42247245    
        2.5223648    	      0.56918905    
        3.2640540    	      0.73601782    
        3.8609259    	      0.87825569    
        4.9705263    	       1.0801701    
        5.9623056    	       1.4146105    
        6.6923249    	       1.8143011    
        7.8621474    	       2.4390966    
        8.8421736    	       3.2403641    
        9.6252214    	       3.7799608    
        11.086518    	       4.2169341    
        12.455661    	       4.5798458    
        13.609503    	       4.8203345    
        15.649283    	       5.0815594    
        17.338001    	       5.3976191    
        18.609665    	       5.7050343    
        20.470587    	       6.1553666    
        21.733903    	       6.8120976    
        22.609864    	       7.4654296    
        23.875984    	       8.2796616    
        24.849387    	       9.0368297    
        25.661930    	       9.3874505    
        27.038308    	       9.5740605    
        28.256916    	       9.6754533    
        29.336268    	       9.7262512    
        31.171528    	       9.7701343    
        32.765326    	       9.8092705    
        34.149382    	       9.8372749    
        36.330591    	       9.8665803    
        38.162567    	       9.8957275    
        39.760963    	       9.9170742    
        42.205813    	       9.9371877    
        44.356787    	       9.9539500    
        46.295371    	       9.9640274    
        49.226100    	       9.9718011    
        51.860159    	       9.9775628    
        54.268367    	       9.9810056    
        57.763943    	       9.9837015    
        60.913009    	       9.9856820    
        63.784752    	       9.9867976    
 &  cycle #   4 chisq =    12638.117 E =  33.97
       0.61702842    	       4.4279096    
        1.3075443    	       5.0553595    
        1.7680798    	       5.1042526    
        2.5223648    	       5.1342257    
        3.2640540    	       5.1597452    
        3.8609259    	       5.1761999    
        4.9705263    	       5.1944987    
        5.9623056    	       5.2212733    
        6.6923249    	       5.2517050    
        7.8621474    	       5.2980919    
        8.8421736    	       5.3566018    
        9.6252214    	       5.3956760    
        11.086518    	       5.4282298    
        12.455661    	       5.4583209    
        13.609503    	       5.4823207    
        15.649283    	       5.5154029    
        17.338001    	       5.5657568    
        18.609665    	       5.6251282    
        20.470587    	       5.7295959    
        21.733903    	       5.9104718    
        22.609864    	       6.1193102    
        23.875984    	       6.4182076    
        24.849387    	       6.7458044    
        25.661930    	       6.9456470    
        27.038308    	       7.1129430    
        28.256916    	       7.2670058    
        29.336268    	       7.3877889    
        31.171528    	       7.5347568    
        32.765326    	       7.7083735    
        34.149382    	       7.8633583    
        36.330591    	       8.0540450    
        38.162567    	       8.2683065    
        39.760963    	       8.4418017    
        42.205813    	       8.6210363    
        44.356787    	       8.7860744    
        46.295371    	       8.8976740    
        49.226100    	       8.9953177    
        51.860159    	       9.0766137    
        54.268367    	       9.1297682    
        57.763943    	       9.1737364    
        60.913009    	       9.2072624    
        63.784752    	       9.2268102    
 &  cycle #   5 chisq =     9076.009 E =  33.97
       0.59783474    	       4.9933517    
        1.2725112    	       5.6859241    
        1.7218285    	       5.7267834    
        2.4602012    	       5.7499809    
        3.1870949    	       5.7695530    
        3.7748444    	       5.7820290    
        4.8939520    	       5.7944742    
        5.9296568    	       5.8104411    
        6.7101901    	       5.8280175    
        7.9662015    	       5.8569738    
        8.9733484    	       5.9003863    
        9.7379954    	       5.9360474    
        11.123791    	       5.9677407    
        12.420952    	       5.9932319    
        13.531844    	       6.0100038    
        15.556678    	       6.0308976    
        17.281287    	       6.0624350    
        18.598876    	       6.1013682    
        20.531905    	       6.1754174    
        21.811868    	       6.3152174    
        22.673157    	       6.4876638    
        23.898370    	       6.7348483    
        24.847149    	       6.9863044    
        25.649925    	       7.1265753    
        27.024805    	       7.2458526    
        28.243909    	       7.3614068    
        29.323202    	       7.4539686    
        31.163043    	       7.5673203    
        32.758465    	       7.7017832    
        34.141990    	       7.8221858    
        36.325583    	       7.9710556    
        38.155892    	       8.1389810    
        39.750822    	       8.2751554    
        42.195143    	       8.4161373    
        44.343984    	       8.5460977    
        46.279941    	       8.6339885    
        49.213825    	       8.7110868    
        51.849296    	       8.7754307    
        54.257517    	       8.8175804    
        57.758880    	       8.8526787    
        60.909223    	       8.8798160    
        63.778738    	       8.8960316    
 &  cycle #   1 chisq =    10074.945 E =  34.16
       0.59783474    	       4.3802297    
        1.2725112    	       4.9833788    
        1.7218285    	       5.0308145    
        2.4602012    	       5.0607017    
        3.1870949    	       5.0869792    
        3.7748444    	       5.1041882    
        4.8939520    	       5.1217807    
        5.9296568    	       5.1447516    
        6.7101901    	       5.1702148    
        7.9662015    	       5.2122546    
        8.9733484    	       5.2753338    
        9.7379954    	       5.3271680    
        11.123791    	       5.3732223    
        12.420952    	       5.4101978    
        13.531844    	       5.4344358    
        15.556678    	       5.4645066    
        17.281287    	       5.5097819    
        18.598876    	       5.5656074    
        20.531905    	       5.6716890    
        21.811868    	       5.8717519    
        22.673157    	       6.1181832    
        23.898370    	       6.4705183    
        24.847149    	       6.8271536    
        25.649925    	       7.0240201    
        27.024805    	       7.1886753    
        28.243909    	       7.3453784    
        29.323202    	       7.4687459    
        31.163043    	       7.6173146    
        32.758465    	       7.7908995    
        34.141990    	       7.9442935    
        36.325583    	       8.1317649    
        38.155892    	       8.3409717    
        39.750822    	       8.5087772    
        42.195143    	       8.6804003    
        44.343984    	       8.8363350    
        46.279941    	       8.9400056    
        49.213825    	       9.0293648    
        51.849296    	       9.1027956    
        54.257517    	       9.1503157    
        57.758880    	       9.1895437    
        60.909223    	       9.2196468    
        63.778738    	       9.2374861    
 &  cycle #   2 chisq =     9864.486 E =  34.16
       0.59783474    	       4.4211651    
        1.2725112    	       5.0247011    
        1.7218285    	       5.0761449    
        2.4602012    	       5.1088536    
        3.1870949    	       5.1374212    
        3.7748444    	       5.1558676    
        4.8939520    	       5.1743048    
        5.9296568    	       5.1978850    
        6.7101901    	       5.2237298    
        7.9662015    	       5.2661155    
        8.9733484    	       5.3293096    
        9.7379954    	       5.3807777    
        11.123791    	       5.4257601    
        12.420952    	       5.4609200    
        13.531844    	       5.4832061    
        15.556678    	       5.5100359    
        17.281287    	       5.5497782    
        18.598876    	       5.5985176    
        20.531905    	       5.6910058    
        21.811868    	       5.8654140    
        22.673157    	       6.0803870    
        23.898370    	       6.3883693    
        24.847149    	       6.7017175    
        25.649925    	       6.8769289    
        27.024805    	       7.0270049    
        28.243909    	       7.1740158    
        29.323202    	       7.2932811    
        31.163043    	       7.4413172    
        32.758465    	       7.6192548    
        34.141990    	       7.7805784    
        36.325583    	       7.9824699    
        38.155892    	       8.2130162    
        39.750822    	       8.4024980    
        42.195143    	       8.6017811    
        44.343984    	       8.7889897    
        46.279941    	       8.9184264    
        49.213825    	       9.0345235    
        51.849296    	       9.1332953    
        54.257517    	       9.1989650    
        57.758880    	       9.2542140    
        60.909223    	       9.2972877    
        63.778738    	       9.3232347    
 &  cycle #   3 chisq =     9866.755 E =  34.16
       0.59783474    	      0.47441457E-01
        1.2725112    	      0.26351777    
        1.7218285    	      0.40987650    
        2.4602012    	      0.55360824    
        3.1870949    	      0.71731700    
        3.7748444    	      0.85315711    
        4.8939520    	       1.0306851    
        5.9296568    	       1.3046405    
        6.7101901    	       1.6303102    
        7.9662015    	       2.1823984    
        8.9733484    	       3.0198700    
        9.7379954    	       3.7081763    
        11.123791    	       4.3016156    
        12.420952    	       4.7268745    
        13.531844    	       4.9427464    
        15.556678    	       5.1260305    
        17.281287    	       5.3263335    
        18.598876    	       5.5357124    
        20.531905    	       5.9005439    
        21.811868    	       6.5448603    
        22.673157    	       7.2876168    
        23.898370    	       8.2521211    
        24.847149    	       9.0793812    
        25.649925    	       9.4060966    
        27.024805    	       9.5693581    
        28.243909    	       9.6650742    
        29.323202    	       9.7166273    
        31.163043    	       9.7618600    
        32.758465    	       9.8023235    
        34.141990    	       9.8313348    
        36.325583    	       9.8618209    
        38.155892    	       9.8922283    
        39.750822    	       9.9144879    
        42.195143    	       9.9354359    
        44.343984    	       9.9528238    
        46.279941    	       9.9632064    
        49.213825    	       9.9711770    
        51.849296    	       9.9770573    
        54.257517    	       9.9805518    
        57.758880    	       9.9832828    
        60.909223    	       9.9852963    
        63.778738    	       9.9864453    
 &  cycle #   4 chisq =    13532.891 E =  34.16
       0.59783474    	       4.4017919    
        1.2725112    	       4.9948836    
        1.7218285    	       5.0430257    
        2.4602012    	       5.0735138    
        3.1870949    	       5.1002484    
        3.7748444    	       5.1176589    
        4.8939520    	       5.1353040    
        5.9296568    	       5.1581671    
        6.7101901    	       5.1834094    
        7.9662015    	       5.2249926    
        8.9733484    	       5.2872640    
        9.7379954    	       5.3383001    
        11.123791    	       5.3834347    
        12.420952    	       5.4194116    
        13.531844    	       5.4427941    
        15.556678    	       5.4715896    
        17.281287    	       5.5147703    
        18.598876    	       5.5679350    
        20.531905    	       5.6689017    
        21.811868    	       5.8592551    
        22.673157    	       6.0936810    
        23.898370    	       6.4288628    
        24.847149    	       6.7683849    
        25.649925    	       6.9563452    
        27.024805    	       7.1146655    
        28.243909    	       7.2668769    
        29.323202    	       7.3880970    
        31.163043    	       7.5358489    
        32.758465    	       7.7104494    
        34.141990    	       7.8662943    
        36.325583    	       8.0584308    
        38.155892    	       8.2745348    
        39.750822    	       8.4492166    
        42.195143    	       8.6293657    
        44.343984    	       8.7946315    
        46.279941    	       8.9057431    
        49.213825    	       9.0026049    
        51.849296    	       9.0829798    
        54.257517    	       9.1353770    
        57.758880    	       9.1788408    
        60.909223    	       9.2123215    
        63.778738    	       9.2322390    
 &  cycle #   5 chisq =     9863.141 E =  34.16
       0.75821397    	      0.14108142    
        1.4472911    	      0.48411806    
        1.9238475    	      0.71799554    
        2.6436116    	      0.94083951    
        3.3452773    	       1.1858020    
        3.9211867    	       1.3915177    
        4.9184434    	       1.6453874    
        5.8598512    	       1.9963827    
        6.6131009    	       2.3649768    
        7.8094851    	       2.8772306    
        8.8688566    	       3.5307904    
        9.7282452    	       4.0484803    
        11.174789    	       4.5029323    
        12.530564    	       4.8413063    
        13.698931    	       5.0259415    
        15.627751    	       5.2015669    
        17.281798    	       5.4186379    
        18.576158    	       5.6544147    
        20.386188    	       6.0289267    
        21.686222    	       6.6203321    
        22.625053    	       7.2642549    
        23.913661    	       8.0699715    
        24.934477    	       8.8301142    
        25.796692    	       9.2176561    
        27.148034    	       9.4368983    
        28.359853    	       9.5620506    
        29.447320    	       9.6298155    
        31.176779    	       9.6903728    
        32.723453    	       9.7454177    
        34.106793    	       9.7849862    
        36.199606    	       9.8232667    
        38.041877    	       9.8584935    
        39.704989    	       9.8835232    
        42.147616    	       9.9062429    
        44.359483    	       9.9255519    
        46.387138    	       9.9383637    
        49.291812    	       9.9490940    
        51.940309    	       9.9577479    
        54.384277    	       9.9633635    
        57.755368    	       9.9677949    
        60.829458    	       9.9710287    
        63.658952    	       9.9728456    
 &  cycle #   1 chisq =     8333.850 E =  29.46
       0.75821397    	       3.1982528    
        1.4472911    	       5.7894382    
        1.9238475    	       6.3745539    
        2.6436116    	       6.6160404    
        3.3452773    	       6.7592091    
        3.9211867    	       6.8266838    
        4.9184434    	       6.8723787    
        5.8598512    	       6.9107365    
        6.6131009    	       6.9407238    
        7.8094851    	       6.9767892    
        8.8688566    	       7.0193612    
        9.7282452    	       7.0514935    
        11.174789    	       7.0791012    
        12.530564    	       7.1003288    
        13.698931    	       7.1135345    
        15.627751    	       7.1288906    
        17.281798    	       7.1510990    
        18.576158    	       7.1776211    
        20.386188    	       7.2226404    
        21.686222    	       7.2980011    
        22.625053    	       7.3853178    
        23.913661    	       7.5044840    
        24.934477    	       7.6336114    
        25.796692    	       7.7182831    
        27.148034    	       7.7911887    
        28.359853    	       7.8600367    
        29.447320    	       7.9165292    
        31.176779    	       7.9834321    
        32.723453    	       8.0596561    
        34.106793    	       8.1263214    
        36.199606    	       8.2026063    
        38.041877    	       8.2839902    
        39.704989    	       8.3503189    
        42.147616    	       8.4188999    
        44.359483    	       8.4852504    
        46.387138    	       8.5353131    
        49.291812    	       8.5822536    
        51.940309    	       8.6235908    
        54.384277    	       8.6520666    
        57.755368    	       8.6752564    
        60.829458    	       8.6924331    
        63.658952    	       8.7021485    
 &  cycle #   2 chisq =     7399.798 E =  29.46
       0.75821397    	       2.7764182    
        1.4472911    	       4.9557643    
        1.9238475    	       5.4319299    
        2.6436116    	       5.6330360    
        3.3452773    	       5.7580290    
        3.9211867    	       5.8214417    
        4.9184434    	       5.8698058    
        5.8598512    	       5.9166764    
        6.6131009    	       5.9574720    
        7.8094851    	       6.0095494    
        8.8688566    	       6.0733347    
        9.7282452    	       6.1229824    
        11.174789    	       6.1671535    
        12.530564    	       6.2026773    
        13.698931    	       6.2259057    
        15.627751    	       6.2537444    
        17.281798    	       6.2943591    
        18.576158    	       6.3428550    
        20.386188    	       6.4249121    
        21.686222    	       6.5616372    
        22.625053    	       6.7190690    
        23.913661    	       6.9318069    
        24.934477    	       7.1585372    
        25.796692    	       7.3029268    
        27.148034    	       7.4219022    
        28.359853    	       7.5292168    
        29.447320    	       7.6140263    
        31.176779    	       7.7113672    
        32.723453    	       7.8190755    
        34.106793    	       7.9106584    
        36.199606    	       8.0125946    
        38.041877    	       8.1183700    
        39.704989    	       8.2021494    
        42.147616    	       8.2862655    
        44.359483    	       8.3652596    
        46.387138    	       8.4231797    
        49.291812    	       8.4762083    
        51.940309    	       8.5220985    
        54.384277    	       8.5533559    
        57.755368    	       8.5786641    
        60.829458    	       8.5973588    
        63.658952    	       8.6079190    
 &  cycle #   3 chisq =     6152.528 E =  29.46
       0.75821397    	       2.5170929    
        1.4472911    	       4.3272920    
        1.9238475    	       4.6839804    
        2.6436116    	       4.8359365    
        3.3452773    	       4.9349844    
        3.9211867    	       4.9892425    
        4.9184434    	       5.0355267    
        5.8598512    	       5.0857473    
        6.6131009    	       5.1327900    
        7.8094851    	       5.1953445    
        8.8688566    	       5.2741978    
        9.7282452    	       5.3373724    
        11.174789    	       5.3958850    
        12.530564    	       5.4458630    
        13.698931    	       5.4810350    
        15.627751    	       5.5253913    
        17.281798    	       5.5914147    
        18.576158    	       5.6706568    
        20.386188    	       5.8047049    
        21.686222    	       6.0274885    
        22.625053    	       6.2828991    
        23.913661    	       6.6254233    
        24.934477    	       6.9856170    
        25.796692    	       7.2093576    
        27.148034    	       7.3864678    
        28.359853    	       7.5392303    
        29.447320    	       7.6554883    
        31.176779    	       7.7849201    
        32.723453    	       7.9243486    
        34.106793    	       8.0400953    
        36.199606    	       8.1662399    
        38.041877    	       8.2946892    
        39.704989    	       8.3946487    
        42.147616    	       8.4933423    
        44.359483    	       8.5845203    
        46.387138    	       8.6503312    
        49.291812    	       8.7097912    
        51.940309    	       8.7607403    
        54.384277    	       8.7952189    
        57.755368    	       8.8230422    
        60.829458    	       8.8435628    
        63.658952    	       8.8551468    
 &  cycle #   5 chisq =     5632.430 E =  29.46
       0.75821397    	       2.6216218    
        1.4472911    	       4.4860304    
        1.9238475    	       4.8505393    
        2.6436116    	       5.0066200    
        3.3452773    	       5.1090570    
        3.9211867    	       5.1655299    
        4.9184434    	       5.2139542    
        5.8598512    	       5.2666293    
        6.6131009    	       5.3159604    
        7.8094851    	       5.3814386    
        8.8688566    	       5.4637302    
        9.7282452    	       5.5293364    
        11.174789    	       5.5895266    
        12.530564    	       5.6400553    
        13.698931    	       5.6747706    
        15.627751    	       5.7176980    
        17.281798    	       5.7809152    
        18.576158    	       5.8563405    
        20.386188    	       5.9833110    
        21.686222    	       6.1932384    
        22.625053    	       6.4324002    
        23.913661    	       6.7500999    
        24.934477    	       7.0790126    
        25.796692    	       7.2776787    
        27.148034    	       7.4281496    
        28.359853    	       7.5518031    
        29.447320    	       7.6422719    
        31.176779    	       7.7399634    
        32.723453    	       7.8424132    
        34.106793    	       7.9254102    
        36.199606    	       8.0138982    
        38.041877    	       8.1021995    
        39.704989    	       8.1695858    
        42.147616    	       8.2348498    
        44.359483    	       8.2939761    
        46.387138    	       8.3358290    
        49.291812    	       8.3730055    
        51.940309    	       8.4044479    
        54.384277    	       8.4255407    
        57.755368    	       8.4424848    
        60.829458    	       8.4549550    
        63.658952    	       8.4619879    
 &  cycle #   6 chisq =     5862.621 E =  29.46
       0.71171800    	       4.2013662    
        1.3947681    	       6.6277521    
        1.8626882    	       6.9765823    
        2.5843437    	       7.1014329    
        3.2896463    	       7.1734764    
        3.8668502    	       7.2076938    
        4.8936668    	       7.2316074    
        5.8646151    	       7.2521704    
        6.6345514    	       7.2689938    
        7.8672485    	       7.2910107    
        8.9310935    	       7.3194201    
        9.7733624    	       7.3423605    
        11.202677    	       7.3629908    
        12.533677    	       7.3788628    
        13.677564    	       7.3883433    
        15.612833    	       7.3991639    
        17.269765    	       7.4148051    
        18.559116    	       7.4335512    
        20.386615    	       7.4661543    
        21.677399    	       7.5221025    
        22.596580    	       7.5875696    
        23.874388    	       7.6776941    
        24.883122    	       7.7740202    
        25.736167    	       7.8352671    
        27.103658    	       7.8886751    
        28.326180    	       7.9408337    
        29.418424    	       7.9847140    
        31.182913    	       8.0385807    
        32.746029    	       8.1020986    
        34.131283    	       8.1591583    
        36.246743    	       8.2269313    
        38.085231    	       8.3014526    
        39.729809    	       8.3630652    
        42.170712    	       8.4278588    
        44.364745    	       8.4910097    
        46.367055    	       8.5384239    
        49.275505    	       8.5831363    
        51.917632    	       8.6227615    
        54.350092    	       8.6501355    
        57.750931    	       8.6727609    
        60.844232    	       8.6897515    
        63.686546    	       8.6994483    
 &  cycle #   2 chisq =     9008.221 E =  30.62
       0.71171800    	       3.1987334    
        1.3947681    	       4.7577207    
        1.8626882    	       4.9587662    
        2.5843437    	       5.0445131    
        3.2896463    	       5.1050844    
        3.8668502    	       5.1409421    
        4.8936668    	       5.1737241    
        5.8646151    	       5.2109147    
        6.6345514    	       5.2471465    
        7.8672485    	       5.2985108    
        8.9310935    	       5.3678001    
        9.7733624    	       5.4258230    
        11.202677    	       5.4804057    
        12.533677    	       5.5252509    
        13.677564    	       5.5543814    
        15.612833    	       5.5897142    
        17.269765    	       5.6420363    
        18.559116    	       5.7051293    
        20.386615    	       5.8148617    
        21.677399    	       6.0027309    
        22.596580    	       6.2216653    
        23.874388    	       6.5208128    
        24.883122    	       6.8361749    
        25.736167    	       7.0314995    
        27.103658    	       7.1949545    
        28.326180    	       7.3477653    
        29.418424    	       7.4716036    
        31.182913    	       7.6186790    
        32.746029    	       7.7867794    
        34.131283    	       7.9333359    
        36.246743    	       8.1023305    
        38.085231    	       8.2826323    
        39.729809    	       8.4270150    
        42.170712    	       8.5737308    
        44.364745    	       8.7116140    
        46.367055    	       8.8114072    
        49.275505    	       8.9025598    
        51.917632    	       8.9814095    
        54.350092    	       9.0350007    
        57.750931    	       9.0788903    
        60.844232    	       9.1116580    
        63.686546    	       9.1302574    
 &  cycle #   3 chisq =     6681.520 E =  30.62
       0.71171800    	       3.0628154    
        1.3947681    	       4.6464110    
        1.8626882    	       4.8555996    
        2.5843437    	       4.9397512    
        3.2896463    	       4.9963933    
        3.8668502    	       5.0288210    
        4.8936668    	       5.0578733    
        5.8646151    	       5.0905866    
        6.6345514    	       5.1225514    
        7.8672485    	       5.1682238    
        8.9310935    	       5.2304957    
        9.7733624    	       5.2834617    
        11.202677    	       5.3347170    
        12.533677    	       5.3789931    
        13.677564    	       5.4098036    
        15.612833    	       5.4491926    
        17.269765    	       5.5088710    
        18.559116    	       5.5813706    
        20.386615    	       5.7077019    
        21.677399    	       5.9239368    
        22.596580    	       6.1755262    
        23.874388    	       6.5180525    
        24.883122    	       6.8765307    
        25.736167    	       7.0953054    
        27.103658    	       7.2739235    
        28.326180    	       7.4364060    
        29.418424    	       7.5650379    
        31.182913    	       7.7148654    
        32.746029    	       7.8832589    
        34.131283    	       8.0279590    
        36.246743    	       8.1927529    
        38.085231    	       8.3666459    
        39.729809    	       8.5044516    
        42.170712    	       8.6430500    
        44.364745    	       8.7719380    
        46.367055    	       8.8642358    
        49.275505    	       8.9477590    
        51.917632    	       9.0194938    
        54.350092    	       9.0680173    
        57.750931    	       9.1076571    
        60.844232    	       9.1372144    
        63.686546    	       9.1539788    
 &  cycle #   5 chisq =     6654.420 E =  30.62
       0.71171800    	       3.2500276    
        1.3947681    	       4.7868853    
        1.8626882    	       4.9781472    
        2.5843437    	       5.0593363    
        3.2896463    	       5.1166530    
        3.8668502    	       5.1506295    
        4.8936668    	       5.1817985    
        5.8646151    	       5.2173146    
        6.6345514    	       5.2520432    
        7.8672485    	       5.3014325    
        8.9310935    	       5.3682908    
        9.7733624    	       5.4245528    
        11.202677    	       5.4779544    
        12.533677    	       5.5225499    
        13.677564    	       5.5522012    
        15.612833    	       5.5888371    
        17.269765    	       5.6435324    
        18.559116    	       5.7096536    
        20.386615    	       5.8247008    
        21.677399    	       6.0215781    
        22.596580    	       6.2507606    
        23.874388    	       6.5632388    
        24.883122    	       6.8913121    
        25.736167    	       7.0928929    
        27.103658    	       7.2594315    
        28.326180    	       7.4130029    
        29.418424    	       7.5360447    
        31.182913    	       7.6808119    
        32.746029    	       7.8449413    
        34.131283    	       7.9870348    
        36.246743    	       8.1498844    
        38.085231    	       8.3226700    
        39.729809    	       8.4602933    
        42.170712    	       8.5993846    
        44.364745    	       8.7293682    
        46.367055    	       8.8229079    
        49.275505    	       8.9079188    
        51.917632    	       8.9811711    
        54.350092    	       9.0308289    
        57.750931    	       9.0714409    
        60.844232    	       9.1017396    
        63.686546    	       9.1189295    
 &  cycle #   6 chisq =     6677.375 E =  30.62
       0.71171800    	       3.0853718    
        1.3947681    	       4.6947563    
        1.8626882    	       4.9162239    
        2.5843437    	       5.0096714    
        3.2896463    	       5.0748344    
        3.8668502    	       5.1130303    
        4.8936668    	       5.1476896    
        5.8646151    	       5.1868236    
        6.6345514    	       5.2248846    
        7.8672485    	       5.2788329    
        8.9310935    	       5.3516267    
        9.7733624    	       5.4126139    
        11.202677    	       5.4700356    
        12.533677    	       5.5172824    
        13.677564    	       5.5480302    
        15.612833    	       5.5853653    
        17.269765    	       5.6406495    
        18.559116    	       5.7072684    
        20.386615    	       5.8229945    
        21.677399    	       6.0207895    
        22.596580    	       6.2507496    
        23.874388    	       6.5637273    
        24.883122    	       6.8913747    
        25.736167    	       7.0916698    
        27.103658    	       7.2559166    
        28.326180    	       7.4062603    
        29.418424    	       7.5260091    
        31.182913    	       7.6662121    
        32.746029    	       7.8244546    
        34.131283    	       7.9608805    
        36.246743    	       8.1166198    
        38.085231    	       8.2812281    
        39.729809    	       8.4118214    
        42.170712    	       8.5432571    
        44.364745    	       8.6655370    
        46.367055    	       8.7531260    
        49.275505    	       8.8324000    
        51.917632    	       8.9004915    
        54.350092    	       8.9465539    
        57.750931    	       8.9841863    
        60.844232    	       9.0122507    
        63.686546    	       9.0281725    
 &  cycle #   7 chisq =     6703.952 E =  30.62
