25.000000	480.990020
19.427500	476.989674
17.390000	472.977766
17.057500	468.958364
16.890000	464.947467
16.770000	460.932557
16.675000	456.930143
16.595000	452.904860
16.525000	448.832550
16.462500	444.722420
16.407500	440.708661
16.355000	436.510257
16.307500	432.387339
16.262500	428.184556
16.220000	423.939322
16.180000	419.689582
16.142500	415.473393
16.107500	411.328604
16.075000	407.292586
16.042500	403.070436
16.012500	399.002788
15.982500	394.766783
15.955000	390.731728
15.927500	386.547328
15.900000	382.209781
15.875000	378.130478
15.850000	373.918680
15.825000	369.571642
15.802500	365.541472
15.780000	361.397714
15.757500	357.138553
15.735000	352.762249
15.712500	348.267135
15.692500	344.170451
15.672500	339.977570
15.652500	335.687468
15.632500	331.299165
15.612500	326.811713
15.595000	322.803137
15.577500	318.717349
15.560000	314.553758
15.542500	310.311779
15.525000	305.990829
15.507500	301.590323
15.490000	297.109669
15.472500	292.548261
15.455000	287.905482
15.440000	283.860711
15.425000	279.755276
15.410000	275.588751
15.395000	271.360697
15.380000	267.070660
15.365000	262.718170
15.350000	258.302744
15.335000	253.823883
15.320000	249.281073
15.305000	244.673786
15.290000	240.001482
15.275000	235.263609
15.260000	230.459605
15.247500	226.405339
15.235000	222.304419
15.222500	218.156509
15.210000	213.961271
15.197500	209.718368
15.185000	205.427463
15.172500	201.088223
15.160000	196.700315
15.147500	192.263413
15.135000	187.777194
15.122500	183.241343
15.110000	178.655552
15.097500	174.019522
15.085000	169.332963
15.072500	164.595596
15.060000	159.807154
15.047500	154.967382
15.035000	150.076038
15.022500	145.132894
15.010000	140.137736
15.000000	136.104025
14.990000	132.036803
14.980000	127.935981
14.970000	123.801477
14.960000	119.633214
14.950000	115.431124
14.940000	111.195141
14.930000	106.925210
14.920000	102.621277
0.000000	0.000000
& cycle # 2, chisq = 1643.347263, e = 57.543338
25.000000	488.494939
20.130000	484.493422
18.905000	480.490016
17.287500	476.467614
17.057500	472.432837
16.912500	468.403771
16.802500	464.386979
16.712500	460.378930
16.635000	456.337540
16.567500	452.325789
16.505000	448.168629
16.450000	444.134993
16.397500	439.939262
16.350000	435.839574
16.305000	431.679540
16.262500	427.495628
16.222500	423.324488
16.185000	419.202468
16.150000	415.165288
16.115000	410.939589
16.082500	406.842309
16.050000	402.573474
16.020000	398.476725
15.990000	394.226059
15.962500	390.191104
15.935000	386.020562
15.907500	381.711423
15.882500	377.671251
15.857500	373.511887
15.832500	369.231209
15.807500	364.827175
15.785000	360.756466
15.762500	356.582924
15.740000	352.305287
15.717500	347.922376
15.695000	343.433092
15.675000	339.352492
15.655000	335.186374
15.635000	330.934117
15.615000	326.595137
15.595000	322.168885
15.575000	317.654836
15.557500	313.632623
15.540000	309.542472
15.522500	305.384051
15.505000	301.157030
15.487500	296.861070
15.470000	292.495823
15.452500	288.060926
15.435000	283.556002
15.417500	278.980652
15.400000	274.334453
15.385000	270.295270
15.370000	266.203415
15.355000	262.058576
15.340000	257.860431
15.325000	253.608644
15.310000	249.302865
15.295000	244.942732
15.280000	240.527872
15.265000	236.057902
15.250000	231.532432
15.235000	226.951065
15.220000	222.313401
15.205000	217.619037
15.190000	212.867572
15.177500	208.864112
15.165000	204.820493
15.152500	200.736492
15.140000	196.611890
15.127500	192.446475
15.115000	188.240040
15.102500	183.992389
15.090000	179.703332
15.077500	175.372690
15.065000	171.000297
15.052500	166.585995
15.040000	162.129641
15.027500	157.631104
15.015000	153.090267
15.002500	148.507026
14.990000	143.881293
14.977500	139.212991
14.965000	134.502062
14.952500	129.748459
14.940000	124.952150
14.927500	120.113119
14.915000	115.231361
14.902500	110.306885
14.890000	105.339713
14.880000	101.335255
0.000000	0.000000
& cycle # 6, chisq = 1664.211349, e = 57.543338
25.000000	480.990020
20.445000	476.989125
19.085000	472.983468
17.355000	468.971199
17.097500	464.937741
16.942500	460.889529
16.827500	456.886423
16.732500	452.826426
16.652500	448.807658
16.582500	444.793011
16.520000	440.782476
16.462500	436.714264
16.410000	432.666293
16.360000	428.502287
16.315000	424.487771
16.272500	420.456737
16.232500	416.444164
16.192500	412.213699
16.155000	408.044376
16.120000	403.970761
16.085000	399.716494
16.052500	395.600106
16.020000	391.319690
15.990000	387.219297
15.960000	382.972140
15.932500	378.947051
15.905000	374.793118
15.877500	370.507745
15.852500	366.495770
15.827500	362.371262
15.802500	358.132490
15.777500	353.777824
15.755000	349.758281
15.732500	345.642616
15.710000	341.429888
15.687500	337.119242
15.665000	332.709899
15.645000	328.707054
15.625000	324.625215
15.605000	320.463967
15.585000	316.222922
15.565000	311.901716
15.545000	307.499999
15.525000	303.017429
15.505000	298.453662
15.487500	294.393483
15.470000	290.270622
15.452500	286.084821
15.435000	281.835804
15.417500	277.523277
15.400000	273.146925
15.382500	268.706409
15.365000	264.201367
15.347500	259.631411
15.330000	254.996128
15.315000	250.970706
15.300000	246.896681
15.285000	242.773758
15.270000	238.601627
15.255000	234.379974
15.240000	230.108475
15.225000	225.786806
15.210000	221.414637
15.195000	216.991639
15.180000	212.517487
15.165000	207.991860
15.150000	203.414444
15.135000	198.784934
15.120000	194.103042
15.105000	189.368490
15.090000	184.581020
15.077500	180.550866
15.065000	176.483670
15.052500	172.379317
15.040000	168.237703
15.027500	164.058739
15.015000	159.842344
15.002500	155.588455
14.990000	151.297021
14.977500	146.968004
14.965000	142.601382
14.952500	138.197144
14.940000	133.755296
14.927500	129.275854
14.915000	124.758850
14.902500	120.204325
14.890000	115.612336
14.877500	110.982947
14.865000	106.316235
14.852500	101.612285
0.000000	0.000000
& cycle # 2, chisq = 1729.129558, e = 56.365625
25.000000	488.494939
19.727500	484.490820
18.500000	480.489213
17.185000	476.456093
16.990000	472.427084
16.860000	468.393712
16.760000	464.379301
16.677500	460.368427
16.605000	456.252994
16.542500	452.215645
16.485000	448.067721
16.432500	443.893364
16.385000	439.780549
16.340000	435.575937
16.297500	431.318194
16.257500	427.046947
16.220000	422.802124
16.185000	418.623441
16.152500	414.550003
16.120000	410.284956
16.090000	406.173036
16.060000	401.888395
16.032500	397.804963
16.005000	393.568525
15.977500	389.175164
15.952500	385.041681
15.927500	380.772207
15.902500	376.363728
15.880000	372.274770
15.857500	368.068636
15.835000	363.743212
15.812500	359.296433
15.792500	355.240245
15.772500	351.085233
15.752500	346.830086
15.732500	342.473546
15.712500	338.014406
15.692500	333.451509
15.675000	329.372992
15.657500	325.213481
15.640000	320.972292
15.622500	316.648767
15.605000	312.242265
15.587500	307.752165
15.570000	303.177860
15.552500	298.518750
15.537500	294.457278
15.522500	290.332692
15.507500	286.144614
15.492500	281.892667
15.477500	277.576465
15.462500	273.195617
15.447500	268.749720
15.432500	264.238362
15.417500	259.661119
15.402500	255.017553
15.387500	250.307210
15.372500	245.529626
15.360000	241.496591
15.347500	237.416239
15.335000	233.288274
15.322500	229.112395
15.310000	224.888294
15.297500	220.615656
15.285000	216.294161
15.272500	211.923482
15.260000	207.503290
15.247500	203.033251
15.235000	198.513027
15.222500	193.942280
15.210000	189.320670
15.197500	184.647858
15.185000	179.923504
15.172500	175.147273
15.160000	170.318831
15.147500	165.437852
15.135000	160.504013
15.122500	155.516999
15.112500	151.488896
15.102500	147.426412
15.092500	143.329398
15.082500	139.197711
15.072500	135.031211
15.062500	130.829764
15.052500	126.593242
15.042500	122.321522
15.032500	118.014487
15.022500	113.672026
15.012500	109.294035
15.002500	104.880416
14.992500	100.431077
0.000000	0.000000
& cycle # 6, chisq = 1285.881722, e = 56.365625
25.000000	480.990020
19.052500	476.981623
18.320000	472.970169
17.052500	468.962022
16.862500	464.949671
16.752500	460.862121
16.672500	456.775119
16.607500	452.613690
16.552500	448.412836
16.505000	444.223674
16.462500	439.992170
16.425000	435.849181
16.390000	431.612473
16.357500	427.339389
16.327500	423.089654
16.300000	418.924102
16.275000	414.903446
16.250000	410.651224
16.227500	406.618931
16.205000	402.385296
16.182500	397.943541
16.162500	393.814978
16.142500	389.511475
16.122500	385.027907
16.105000	380.952955
16.087500	376.732536
16.070000	372.362989
16.052500	367.840581
16.037500	363.839687
16.022500	359.721262
16.007500	355.482839
15.992500	351.121915
15.977500	346.635958
15.962500	342.022405
15.947500	337.278665
15.935000	333.224214
15.922500	329.076012
15.910000	324.832524
15.897500	320.492205
15.885000	316.053501
15.872500	311.514851
15.860000	306.874691
15.847500	302.131448
15.835000	297.283549
15.822500	292.329417
15.812500	288.288561
15.802500	284.177895
15.792500	279.996611
15.782500	275.743898
15.772500	271.418949
15.762500	267.020954
15.752500	262.549106
15.742500	258.002598
15.732500	253.380624
15.722500	248.682379
15.712500	243.907059
15.702500	239.053862
15.692500	234.121985
15.682500	229.110628
15.672500	224.018992
15.662500	218.846277
15.652500	213.591686
15.642500	208.254420
15.635000	204.196737
15.627500	200.091765
15.620000	195.939169
15.612500	191.738612
15.605000	187.489757
15.597500	183.192269
15.590000	178.845810
15.582500	174.450043
15.575000	170.004631
15.567500	165.509235
15.560000	160.963517
15.552500	156.367138
15.545000	151.719758
15.537500	147.021035
15.530000	142.270628
15.522500	137.468193
15.515000	132.613387
15.507500	127.705865
15.500000	122.745279
15.492500	117.731283
15.485000	112.663525
15.477500	107.541657
15.470000	102.365324
0.000000	0.000000
& cycle # 2, chisq = 267.794875, e = 46.168682
25.000000	488.494939
19.300000	484.490374
18.475000	480.487518
17.205000	476.484295
16.900000	472.477937
16.775000	468.418864
16.690000	464.386531
16.622500	460.263495
16.567500	456.198039
16.520000	452.111072
16.477500	447.955534
16.440000	443.864496
16.405000	439.661114
16.372500	435.403861
16.342500	431.154161
16.315000	426.975004
16.290000	422.929612
16.265000	418.639907
16.242500	414.562188
16.220000	410.271311
16.197500	405.759762
16.177500	401.558017
16.157500	397.170279
16.137500	392.590871
16.120000	388.422090
16.102500	384.098129
16.085000	379.614925
16.067500	374.968333
16.052500	370.852298
16.037500	366.610415
16.022500	362.239935
16.007500	357.738072
15.992500	353.101999
15.977500	348.328851
15.965000	344.244428
15.952500	340.061106
15.940000	335.777177
15.927500	331.390916
15.915000	326.900586
15.902500	322.304439
15.890000	317.600716
15.877500	312.787647
15.865000	307.863456
15.855000	303.842895
15.845000	299.749157
15.835000	295.581322
15.825000	291.338470
15.815000	287.019679
15.805000	282.624023
15.795000	278.150579
15.785000	273.598421
15.775000	268.966622
15.765000	264.254256
15.755000	259.460397
15.745000	254.584118
15.735000	249.624493
15.725000	244.580595
15.715000	239.451500
15.705000	234.236281
15.695000	228.934014
15.687500	224.899633
15.680000	220.815377
15.672500	216.680857
15.665000	212.495682
15.657500	208.259464
15.650000	203.971813
15.642500	199.632338
15.635000	195.240650
15.627500	190.796359
15.620000	186.299074
15.612500	181.748406
15.605000	177.143962
15.597500	172.485353
15.590000	167.772186
15.582500	163.004068
15.575000	158.180607
15.567500	153.301410
15.560000	148.366081
15.552500	143.374225
15.545000	138.325446
15.537500	133.219346
15.530000	128.055527
15.522500	122.833588
15.515000	117.553128
15.507500	112.213745
15.500000	106.815034
15.492500	101.356588
0.000000	0.000000
& cycle # 6, chisq = 238.579404, e = 46.168682
25.000000	462.937237
18.930000	458.935799
17.327500	454.929074
16.992500	450.910759
16.850000	446.876951
16.750000	442.768453
16.672500	438.677425
16.607500	434.529356
16.552500	430.442059
16.502500	426.219370
16.460000	422.218644
16.420000	418.083445
16.382500	413.861220
16.347500	409.602385
16.315000	405.359239
16.285000	401.184953
16.257500	397.132616
16.230000	392.856117
16.205000	388.767094
16.180000	384.479937
16.157500	380.446805
16.135000	376.243210
16.112500	371.864229
16.092500	367.820485
16.072500	363.630541
16.052500	359.290683
16.032500	354.797120
16.015000	350.736129
15.997500	346.551866
15.980000	342.241661
15.962500	337.802813
15.945000	333.232588
15.930000	329.208598
15.915000	325.084314
15.900000	320.857979
15.885000	316.527829
15.870000	312.092098
15.855000	307.549017
15.840000	302.896819
15.825000	298.133737
15.812500	294.078530
15.800000	289.944082
15.787500	285.729382
15.775000	281.433422
15.762500	277.055200
15.750000	272.593720
15.737500	268.047989
15.725000	263.417022
15.712500	258.699841
15.700000	253.895472
15.687500	249.002949
15.675000	244.021309
15.665000	239.971191
15.655000	235.862940
15.645000	231.696072
15.635000	227.470103
15.625000	223.184551
15.615000	218.838938
15.605000	214.432783
15.595000	209.965609
15.585000	205.436939
15.575000	200.846294
15.565000	196.193198
15.555000	191.477174
15.545000	186.697741
15.535000	181.854422
15.525000	176.946736
15.515000	171.974199
15.505000	166.936328
15.495000	161.832635
15.485000	156.662631
15.475000	151.425822
15.465000	146.121713
15.457500	142.099164
15.450000	138.038266
15.442500	133.938804
15.435000	129.800564
15.427500	125.623328
15.420000	121.406880
15.412500	117.151000
15.405000	112.855467
15.397500	108.520058
15.390000	104.144550
0.000000	0.000000
& cycle # 13, chisq = 382.703150, e = 46.168682
25.000000	480.990020
20.342500	476.989579
19.045000	472.981734
17.342500	468.970587
17.092500	464.934935
16.940000	460.911266
16.825000	456.891898
16.730000	452.825165
16.650000	448.807302
16.580000	444.799861
16.515000	440.633489
16.457500	436.567226
16.405000	432.526415
16.355000	428.374764
16.307500	424.147032
16.265000	420.122833
16.225000	416.121193
16.185000	411.906378
16.147500	407.756313
16.112500	403.704935
16.077500	399.477270
16.045000	395.389718
16.012500	391.142350
15.982500	387.076410
15.952500	382.867710
15.922500	378.513043
15.895000	374.390324
15.867500	370.139898
15.840000	365.759467
15.815000	361.662605
15.790000	357.454963
15.765000	353.135116
15.740000	348.701759
15.717500	344.613711
15.695000	340.431991
15.672500	336.155909
15.650000	331.784850
15.627500	327.318266
15.607500	323.267384
15.587500	319.140334
15.567500	314.936832
15.547500	310.656612
15.527500	306.299415
15.507500	301.864984
15.487500	297.353055
15.470000	293.341327
15.452500	289.269855
15.435000	285.138423
15.417500	280.946800
15.400000	276.694732
15.382500	272.381946
15.365000	268.008142
15.347500	263.572999
15.330000	259.076173
15.312500	254.517295
15.295000	249.895978
15.280000	245.884845
15.265000	241.827272
15.250000	237.722989
15.235000	233.571717
15.220000	229.373174
15.205000	225.127080
15.190000	220.833152
15.175000	216.491114
15.160000	212.100696
15.145000	207.661633
15.130000	203.173676
15.115000	198.636587
15.100000	194.050143
15.085000	189.414142
15.070000	184.728400
15.055000	179.992758
15.040000	175.207077
15.027500	171.180706
15.015000	167.119459
15.002500	163.023300
14.990000	158.892204
14.977500	154.726163
14.965000	150.525181
14.952500	146.289275
14.940000	142.018478
14.927500	137.712834
14.915000	133.372400
14.902500	128.997246
14.890000	124.587454
14.877500	120.143117
14.865000	115.664335
14.852500	111.151221
14.840000	106.603895
14.827500	102.022482
0.000000	0.000000
& cycle # 2, chisq = 1826.011943, e = 56.688647
25.000000	443.385144
17.010000	439.365627
16.722500	435.360825
16.567500	431.287753
16.457500	427.221389
16.370000	423.133975
16.297500	419.091738
16.235000	415.078310
16.177500	410.914425
16.127500	406.897298
16.080000	402.714860
16.037500	398.650505
15.997500	394.530479
15.960000	390.394058
15.925000	386.282122
15.892500	382.236648
15.860000	377.963042
15.830000	373.807818
15.800000	369.443320
15.772500	365.252649
15.745000	360.874818
15.720000	356.728110
15.695000	352.418451
15.672500	348.397260
15.650000	344.238212
15.627500	339.938587
15.605000	335.495691
15.585000	331.424012
15.565000	327.235147
15.545000	322.927220
15.525000	318.498349
15.505000	313.946633
15.487500	309.861597
15.470000	305.679725
15.452500	301.399684
15.435000	297.020116
15.417500	292.539635
15.400000	287.956822
15.385000	283.946149
15.370000	279.858293
15.355000	275.692300
15.340000	271.447197
15.325000	267.121993
15.310000	262.715677
15.295000	258.227220
15.280000	253.655577
15.265000	248.999689
15.250000	244.258482
15.237500	240.241518
15.225000	236.163917
15.212500	232.025041
15.200000	227.824252
15.187500	223.560907
15.175000	219.234365
15.162500	214.843985
15.150000	210.389126
15.137500	205.869154
15.125000	201.283435
15.112500	196.631343
15.100000	191.912259
15.087500	187.125569
15.075000	182.270671
15.062500	177.346972
15.050000	172.353888
15.040000	168.309080
15.030000	164.219214
15.020000	160.084008
15.010000	155.903188
15.000000	151.676484
14.990000	147.403631
14.980000	143.084372
14.970000	138.718455
14.960000	134.305634
14.950000	129.845670
14.940000	125.338330
14.930000	120.783387
14.920000	116.180618
14.910000	111.529810
14.900000	106.830751
14.890000	102.083238
0.000000	0.000000
& cycle # 3, chisq = 2364.624922, e = 56.688647
25.000000	488.494939
19.662500	484.487682
18.250000	480.487334
17.162500	476.448239
16.975000	472.436935
16.847500	468.408497
16.747500	464.337551
16.665000	460.273620
16.595000	456.260298
16.532500	452.194189
16.475000	448.018716
16.422500	443.818660
16.375000	439.682429
16.330000	435.455699
16.290000	431.436833
16.250000	427.162624
16.212500	422.915807
16.177500	418.735984
16.145000	414.662135
16.112500	410.397319
16.082500	406.286202
16.052500	402.002953
16.025000	397.921343
15.997500	393.687278
15.970000	389.296885
15.945000	385.166657
15.920000	380.901018
15.895000	376.497008
15.872500	372.412667
15.850000	368.211766
15.827500	363.892246
15.805000	359.452105
15.785000	355.402486
15.765000	351.254721
15.745000	347.007549
15.725000	342.659763
15.705000	338.210205
15.685000	333.657773
15.667500	329.589177
15.650000	325.440334
15.632500	321.210595
15.615000	316.899333
15.597500	312.505941
15.580000	308.029826
15.562500	303.470410
15.545000	298.827121
15.530000	294.779973
15.515000	290.670429
15.500000	286.498130
15.485000	282.262711
15.470000	277.963800
15.455000	273.601019
15.440000	269.173980
15.425000	264.682281
15.410000	260.125511
15.395000	255.503244
15.380000	250.815041
15.365000	246.060446
15.352500	242.047230
15.340000	237.987303
15.327500	233.880380
15.315000	229.726167
15.302500	225.524365
15.290000	221.274668
15.277500	216.976766
15.265000	212.630345
15.252500	208.235084
15.240000	203.790661
15.227500	199.296753
15.215000	194.753034
15.202500	190.159178
15.190000	185.514860
15.177500	180.819758
15.165000	176.073554
15.152500	171.275930
15.140000	166.426579
15.127500	161.525198
15.115000	156.571492
15.105000	152.570661
15.095000	148.536017
15.085000	144.467424
15.075000	140.364748
15.065000	136.227863
15.055000	132.056648
15.045000	127.850985
15.035000	123.610766
15.025000	119.335885
15.015000	115.026245
15.005000	110.681756
14.995000	106.302331
14.985000	101.887893
0.000000	0.000000
& cycle # 6, chisq = 1331.236187, e = 56.688647
25.000000	480.990020
17.927500	476.989645
17.152500	472.986261
16.912500	468.984840
16.747500	464.961741
16.617500	460.884846
16.510000	456.804430
16.417500	452.720260
16.335000	448.596900
16.262500	444.579554
16.195000	440.493711
16.132500	436.400980
16.075000	432.361378
16.020000	428.240381
15.967500	424.061661
15.917500	419.849678
15.870000	415.629989
15.825000	411.429287
15.782500	407.275183
15.742500	403.195792
15.702500	398.948846
15.665000	394.813005
15.627500	390.526205
15.592500	386.387903
15.557500	382.116215
15.525000	378.029582
15.492500	373.826738
15.460000	369.507036
15.430000	365.415225
15.400000	361.222423
15.370000	356.927719
15.342500	352.900459
15.315000	348.785689
15.287500	344.582316
15.260000	340.289145
15.232500	335.904895
15.207500	331.839052
15.182500	327.695807
15.157500	323.474140
15.132500	319.173063
15.107500	314.791641
15.085000	310.778953
15.062500	306.699931
15.040000	302.554093
15.017500	298.341044
14.995000	294.060482
14.972500	289.712203
14.950000	285.296103
14.927500	280.812178
14.907500	276.769599
14.887500	272.673622
14.867500	268.524421
14.847500	264.322212
14.827500	260.067245
14.807500	255.759799
14.787500	251.400170
14.767500	246.988661
14.747500	242.525574
14.727500	238.011197
14.707500	233.445796
14.690000	229.409401
14.672500	225.334254
14.655000	221.220460
14.637500	217.068096
14.620000	212.877204
14.602500	208.647793
14.585000	204.379834
14.567500	200.073266
14.550000	195.727989
14.532500	191.343873
14.515000	186.920754
14.497500	182.458441
14.480000	177.956719
14.462500	173.415351
14.445000	168.834088
14.427500	164.212669
14.410000	159.550832
14.395000	155.522607
14.380000	151.464338
14.365000	147.375879
14.350000	143.257090
14.335000	139.107850
14.320000	134.928054
14.305000	130.717616
14.290000	126.476476
14.275000	122.204598
14.260000	117.901973
14.245000	113.568622
14.230000	109.204595
14.215000	104.809977
14.200000	100.384883
0.000000	0.000000
& cycle # 2, chisq = 6380.788681, e = 65.178175
25.000000	488.494939
17.067500	484.477995
16.787500	480.451783
16.630000	476.419593
16.515000	472.339200
16.425000	468.328151
16.347500	464.215401
16.280000	460.083677
16.220000	455.943998
16.167500	451.934202
16.117500	447.756206
16.072500	443.677751
16.030000	439.532782
15.990000	435.357373
15.952500	431.189109
15.917500	427.066751
15.885000	423.029783
15.852500	418.783637
15.822500	414.671853
15.792500	410.369389
15.765000	406.252969
15.737500	401.967021
15.712500	397.919977
15.687500	393.726128
15.662500	389.382399
15.640000	385.342410
15.617500	381.176429
15.595000	376.882335
15.572500	372.458024
15.552500	368.414289
15.532500	364.264535
15.512500	360.007275
15.492500	355.641005
15.472500	351.164195
15.455000	347.155081
15.437500	343.059066
15.420000	338.875054
15.402500	334.601919
15.385000	330.238503
15.367500	325.783618
15.350000	321.236043
15.332500	316.594523
15.317500	312.540331
15.302500	308.415346
15.287500	304.218724
15.272500	299.949605
15.257500	295.607117
15.242500	291.190378
15.227500	286.698494
15.212500	282.130565
15.197500	277.485685
15.182500	272.762945
15.167500	267.961439
15.155000	263.899361
15.142500	259.781434
15.130000	255.607141
15.117500	251.375969
15.105000	247.087413
15.092500	242.740973
15.080000	238.336159
15.067500	233.872488
15.055000	229.349489
15.042500	224.766701
15.030000	220.123675
15.017500	215.419974
15.005000	210.655174
14.992500	205.828865
14.980000	200.940651
14.967500	195.990147
14.957500	191.984649
14.947500	187.938867
14.937500	183.852625
14.927500	179.725752
14.917500	175.558084
14.907500	171.349459
14.897500	167.099722
14.887500	162.808725
14.877500	158.476322
14.867500	154.102371
14.857500	149.686738
14.847500	145.229288
14.837500	140.729893
14.827500	136.188427
14.817500	131.604766
14.807500	126.978790
14.797500	122.310378
14.787500	117.599414
14.777500	112.845781
14.767500	108.049362
14.757500	103.210041
0.000000	0.000000
& cycle # 6, chisq = 3071.290752, e = 65.178175
25.000000	480.990020
19.250000	476.986579
17.372500	472.975143
17.042500	468.929482
16.885000	464.909039
16.772500	460.848687
16.682500	456.723090
16.607500	452.590787
16.542500	448.434734
16.485000	444.269865
16.435000	440.246701
16.387500	436.056619
16.345000	431.987261
16.305000	427.867817
16.267500	423.740156
16.232500	419.646696
16.200000	415.629806
16.167500	411.397967
16.137500	407.294626
16.107500	402.996065
16.080000	398.878976
16.052500	394.587782
16.027500	390.531362
16.002500	386.322980
15.977500	381.958660
15.955000	377.894106
15.932500	373.696997
15.910000	369.364343
15.887500	364.893155
15.867500	360.800058
15.847500	356.593077
15.827500	352.270161
15.807500	347.829294
15.787500	343.268493
15.770000	339.177883
15.752500	334.992695
15.735000	330.711684
15.717500	326.333640
15.700000	321.857380
15.682500	317.281750
15.667500	313.279836
15.652500	309.203397
15.637500	305.051750
15.622500	300.824230
15.607500	296.520179
15.592500	292.138948
15.577500	287.679897
15.562500	283.142390
15.547500	278.525793
15.532500	273.829476
15.517500	269.052805
15.505000	265.010405
15.492500	260.911390
15.480000	256.755387
15.467500	252.542015
15.455000	248.270892
15.442500	243.941626
15.430000	239.553823
15.417500	235.107078
15.405000	230.600983
15.392500	226.035118
15.380000	221.409058
15.367500	216.722368
15.355000	211.974606
15.342500	207.165320
15.330000	202.294051
15.317500	197.360333
15.305000	192.363690
15.295000	188.320748
15.285000	184.236976
15.275000	180.112124
15.265000	175.945936
15.255000	171.738158
15.245000	167.488531
15.235000	163.196796
15.225000	158.862695
15.215000	154.485966
15.205000	150.066349
15.195000	145.603585
15.185000	141.097413
15.175000	136.547576
15.165000	131.953815
15.155000	127.315877
15.145000	122.633509
15.135000	117.906460
15.125000	113.134485
15.115000	108.317339
15.105000	103.454786
0.000000	0.000000
& cycle # 2, chisq = 1000.906234, e = 54.509641
25.000000	488.494939
18.830000	484.494025
17.172500	480.470717
16.935000	476.468968
16.800000	472.384852
16.702500	468.311737
16.625000	464.253014
16.560000	460.200641
16.502500	456.064468
16.452500	452.007681
16.407500	447.962615
16.365000	443.777402
16.327500	439.773763
16.292500	435.761121
16.257500	431.470061
16.225000	427.225657
16.195000	423.076801
16.167500	419.071792
16.140000	414.867007
16.115000	410.865490
16.090000	406.688154
16.065000	402.329656
16.042500	398.247576
16.020000	394.010201
15.997500	389.613339
15.977500	385.567679
15.957500	381.389592
15.937500	377.076003
15.917500	372.623810
15.900000	368.611992
15.882500	364.489571
15.865000	360.254453
15.847500	355.904544
15.830000	351.437760
15.812500	346.852028
15.797500	342.825167
15.782500	338.708118
15.767500	334.499607
15.752500	330.198374
15.737500	325.803169
15.722500	321.312758
15.707500	316.725921
15.692500	312.041450
15.677500	307.258154
15.665000	303.195729
15.652500	299.063180
15.640000	294.859835
15.627500	290.585029
15.615000	286.238099
15.602500	281.818389
15.590000	277.325244
15.577500	272.758011
15.565000	268.116039
15.552500	263.398676
15.540000	258.605272
15.527500	253.735172
15.515000	248.787723
15.505000	244.773629
15.495000	240.709270
15.485000	236.594305
15.475000	232.428390
15.465000	228.211179
15.455000	223.942323
15.445000	219.621469
15.435000	215.248262
15.425000	210.822343
15.415000	206.343348
15.405000	201.810910
15.395000	197.224659
15.385000	192.584220
15.375000	187.889213
15.365000	183.139255
15.355000	178.333958
15.345000	173.472929
15.335000	168.555773
15.325000	163.582090
15.315000	158.551474
15.305000	153.463519
15.295000	148.317811
15.285000	143.113937
15.275000	137.851478
15.265000	132.530012
15.257500	128.499935
15.250000	124.436250
15.242500	120.338775
15.235000	116.207331
15.227500	112.041737
15.220000	107.841811
15.212500	103.607371
0.000000	0.000000
& cycle # 6, chisq = 747.252641, e = 54.509641
25.000000	462.937237
19.122500	458.931807
17.237500	454.918423
16.972500	450.886495
16.820000	446.825954
16.707500	442.733894
16.617500	438.647021
16.542500	434.605444
16.477500	430.583034
16.417500	426.404911
16.365000	422.357682
16.315000	418.143986
16.270000	414.037196
16.227500	409.872726
16.187500	405.689082
16.150000	401.525164
16.115000	397.419899
16.082500	393.411908
16.050000	389.208802
16.020000	385.150208
15.990000	380.914534
15.962500	376.871654
15.935000	372.671201
15.907500	368.308916
15.882500	364.199190
15.857500	359.949034
15.832500	355.555325
15.810000	351.475722
15.787500	347.275198
15.765000	342.951645
15.742500	338.503027
15.722500	334.442120
15.702500	330.279518
15.682500	326.013940
15.662500	321.644150
15.642500	317.168956
15.625000	313.165787
15.607500	309.080280
15.590000	304.911697
15.572500	300.659314
15.555000	296.322415
15.537500	291.900288
15.520000	287.392221
15.502500	282.797499
15.487500	278.789647
15.472500	274.717135
15.457500	270.579492
15.442500	266.376236
15.427500	262.106875
15.412500	257.770903
15.397500	253.367801
15.382500	248.897034
15.367500	244.358053
15.352500	239.750294
15.337500	235.073177
15.322500	230.326107
15.310000	226.316339
15.297500	222.257210
15.285000	218.148354
15.272500	213.989400
15.260000	209.779972
15.247500	205.519690
15.235000	201.208172
15.222500	196.845031
15.210000	192.429882
15.197500	187.962338
15.185000	183.442014
15.172500	178.868526
15.160000	174.241494
15.147500	169.560542
15.135000	164.825299
15.122500	160.035402
15.110000	155.190496
15.097500	150.290232
15.085000	145.334276
15.075000	141.329193
15.065000	137.288097
15.055000	133.210831
15.045000	129.097246
15.035000	124.947196
15.025000	120.760544
15.015000	116.537156
15.005000	112.276906
14.995000	107.979675
14.985000	103.645348
0.000000	0.000000
& cycle # 13, chisq = 1427.769529, e = 54.509641
25.000000	480.990020
19.392500	476.984416
17.477500	472.978777
17.082500	468.971558
16.912500	464.905836
16.795000	460.856915
16.702500	456.788772
16.625000	452.682500
16.557500	448.521201
16.500000	444.504304
16.447500	440.427563
16.400000	436.381149
16.355000	432.217029
16.312500	427.974768
16.275000	423.971369
16.237500	419.714520
16.202500	415.504539
16.170000	411.383374
16.137500	407.051401
16.107500	402.859601
16.080000	398.849362
16.052500	394.674026
16.025000	390.328947
16.000000	386.227565
15.975000	381.978297
15.950000	377.577427
15.927500	373.483925
15.905000	369.261848
15.882500	364.908456
15.860000	360.421032
15.840000	356.317518
15.820000	352.104124
15.800000	347.779026
15.780000	343.340443
15.760000	338.786636
15.742500	334.706206
15.725000	330.535163
15.707500	326.272435
15.690000	321.916983
15.672500	317.467792
15.655000	312.923878
15.637500	308.284282
15.622500	304.230620
15.607500	300.105393
15.592500	295.908033
15.577500	291.637978
15.562500	287.294671
15.547500	282.877558
15.532500	278.386087
15.517500	273.819705
15.502500	269.177855
15.487500	264.459976
15.472500	259.665498
15.460000	255.611170
15.447500	251.502908
15.435000	247.340365
15.422500	243.123188
15.410000	238.851018
15.397500	234.523489
15.385000	230.140225
15.372500	225.700844
15.360000	221.204957
15.347500	216.652163
15.335000	212.042057
15.322500	207.374225
15.310000	202.648245
15.297500	197.863689
15.285000	193.020121
15.272500	188.117101
15.260000	183.154184
15.250000	179.140421
15.240000	175.087804
15.230000	170.996099
15.220000	166.865072
15.210000	162.694490
15.200000	158.484119
15.190000	154.233725
15.180000	149.943075
15.170000	145.611939
15.160000	141.240086
15.150000	136.827288
15.140000	132.373321
15.130000	127.877962
15.120000	123.340993
15.110000	118.762199
15.100000	114.141368
15.090000	109.478294
15.080000	104.772777
15.070000	100.024620
0.000000	0.000000
& cycle # 2, chisq = 1056.937459, e = 54.639575
25.000000	488.494939
18.855000	484.488033
17.180000	480.471054
16.937500	476.432644
16.802500	472.383469
16.705000	468.355001
16.627500	464.346981
16.560000	460.183284
16.502500	456.083398
16.452500	452.065716
16.407500	448.062527
16.365000	443.923232
16.325000	439.691291
16.287500	435.412642
16.252500	431.134793
16.220000	426.906024
16.190000	422.774659
16.160000	418.416339
16.132500	414.214795
16.105000	409.809026
16.080000	405.620836
16.055000	401.252963
16.032500	397.163770
16.010000	392.920597
15.987500	388.519313
15.967500	384.470932
15.947500	380.291317
15.927500	375.977448
15.907500	371.526286
15.890000	367.516496
15.872500	363.397203
15.855000	359.166361
15.837500	354.821929
15.820000	350.361875
15.802500	345.784184
15.787500	341.765301
15.772500	337.657271
15.757500	333.458860
15.742500	329.168842
15.727500	324.786009
15.712500	320.309163
15.697500	315.737122
15.682500	311.068717
15.667500	306.302792
15.655000	302.255869
15.642500	298.139773
15.630000	293.953854
15.617500	289.697466
15.605000	285.369966
15.592500	280.970715
15.580000	276.499074
15.567500	271.954407
15.555000	267.336080
15.542500	262.643456
15.530000	257.875897
15.517500	253.032764
15.505000	248.113413
15.492500	243.117197
15.482500	239.064443
15.472500	234.961741
15.462500	230.808753
15.452500	226.605134
15.442500	222.350540
15.432500	218.044622
15.422500	213.687026
15.412500	209.277396
15.402500	204.815372
15.392500	200.300588
15.382500	195.732677
15.372500	191.111265
15.362500	186.435974
15.352500	181.706423
15.342500	176.922226
15.332500	172.082993
15.322500	167.188330
15.312500	162.237838
15.302500	157.231116
15.292500	152.167758
15.282500	147.047356
15.272500	141.869496
15.262500	136.633764
15.252500	131.339744
15.245000	127.330724
15.237500	123.288502
15.230000	119.212902
15.222500	115.103743
15.215000	110.960848
15.207500	106.784037
15.200000	102.573132
0.000000	0.000000
& cycle # 6, chisq = 764.576764, e = 54.639575
25.000000	462.937237
19.387500	458.930307
17.365000	454.920269
17.040000	450.874737
16.872500	446.824037
16.752500	442.784301
16.657500	438.766095
16.577500	434.732262
16.507500	430.658262
16.445000	426.553199
16.390000	422.550584
16.337500	418.369901
16.290000	414.269889
16.245000	410.095506
16.202500	405.883589
16.162500	401.671362
16.125000	397.496073
16.090000	393.394722
16.055000	389.089383
16.022500	384.902999
15.992500	380.872490
15.962500	376.677815
15.932500	372.314376
15.905000	368.162357
15.877500	363.861113
15.852500	359.818467
15.827500	355.647062
15.802500	351.344421
15.777500	346.908159
15.755000	342.799391
15.732500	338.578958
15.710000	334.245356
15.687500	329.797155
15.667500	325.745897
15.647500	321.602119
15.627500	317.364958
15.607500	313.033585
15.587500	308.607201
15.567500	304.085030
15.550000	300.048956
15.532500	295.938455
15.515000	291.753022
15.497500	287.492147
15.480000	283.155313
15.462500	278.741989
15.445000	274.251630
15.427500	269.683672
15.410000	265.037530
15.395000	260.992434
15.380000	256.889051
15.365000	252.726969
15.350000	248.505763
15.335000	244.224992
15.320000	239.884201
15.305000	235.482924
15.290000	231.020682
15.275000	226.496984
15.260000	221.911331
15.245000	217.263216
15.230000	212.552126
15.215000	207.777546
15.202500	203.749855
15.190000	199.677417
15.177500	195.559932
15.165000	191.397109
15.152500	187.188655
15.140000	182.934287
15.127500	178.633725
15.115000	174.286697
15.102500	169.892941
15.090000	165.452201
15.077500	160.964234
15.065000	156.428808
15.052500	151.845701
15.040000	147.214705
15.027500	142.535627
15.015000	137.808286
15.002500	133.032516
14.990000	128.208165
14.977500	123.335097
14.965000	118.413192
14.952500	113.442344
14.942500	109.430365
14.932500	105.386965
14.922500	101.312109
0.000000	0.000000
& cycle # 13, chisq = 1573.130926, e = 54.639575
25.000000	480.990020
19.415000	476.984636
17.320000	472.971829
17.027500	468.933811
16.857500	464.896626
16.732500	460.893578
16.630000	456.827117
16.542500	452.715247
16.467500	448.671449
16.400000	444.590517
16.337500	440.417162
16.282500	436.415978
16.230000	432.298028
16.180000	428.094798
16.135000	424.068635
16.092500	420.046998
16.050000	415.804956
16.010000	411.604045
15.972500	407.475888
15.937500	403.451948
15.902500	399.258011
15.870000	395.207303
15.837500	391.002300
15.807500	386.980809
15.777500	382.822343
15.747500	378.524554
15.720000	374.460698
15.692500	370.276504
15.665000	365.970649
15.640000	361.949670
15.615000	357.826379
15.590000	353.600055
15.565000	349.270029
15.540000	344.835669
15.517500	340.755026
15.495000	336.588912
15.472500	332.336850
15.450000	327.998334
15.427500	323.572817
15.407500	319.565505
15.387500	315.488526
15.367500	311.341386
15.347500	307.123552
15.327500	302.834453
15.307500	298.473481
15.287500	294.039992
15.267500	289.533313
15.250000	285.529380
15.232500	281.468397
15.215000	277.349876
15.197500	273.173328
15.180000	268.938265
15.162500	264.644207
15.145000	260.290685
15.127500	255.877247
15.110000	251.403461
15.092500	246.868925
15.075000	242.273264
15.057500	237.616141
15.042500	233.575175
15.027500	229.488668
15.012500	225.356480
14.997500	221.178496
14.982500	216.954625
14.967500	212.684805
14.952500	208.368994
14.937500	204.007182
14.922500	199.599379
14.907500	195.145621
14.892500	190.645966
14.877500	186.100493
14.862500	181.509301
14.847500	176.872506
14.832500	172.190239
14.817500	167.462641
14.802500	162.689867
14.790000	158.678159
14.777500	154.635283
14.765000	150.561336
14.752500	146.456410
14.740000	142.320601
14.727500	138.153998
14.715000	133.956689
14.702500	129.728756
14.690000	125.470274
14.677500	121.181314
14.665000	116.861938
14.652500	112.512198
14.640000	108.132141
14.627500	103.721801
0.000000	0.000000
& cycle # 2, chisq = 3071.163689, e = 61.232554
25.000000	488.494939
21.622500	484.494172
19.165000	480.492090
17.392500	476.473625
17.132500	472.470676
16.967500	468.419644
16.842500	464.396691
16.740000	460.394583
16.650000	456.294543
16.572500	452.281831
16.502500	448.245170
16.437500	444.127128
16.377500	439.997070
16.322500	435.925501
16.270000	431.777899
16.220000	427.585573
16.172500	423.379307
16.127500	419.189046
16.085000	415.043830
16.045000	410.971847
16.005000	406.730369
15.967500	402.596309
15.930000	398.306044
15.895000	394.157784
15.860000	389.867709
15.827500	385.754914
15.795000	381.515949
15.765000	377.489790
15.735000	373.353926
15.705000	369.107655
15.675000	364.750497
15.647500	360.658798
15.620000	356.473637
15.592500	352.195063
15.565000	347.823205
15.540000	343.767994
15.515000	339.635990
15.490000	335.427336
15.465000	331.142144
15.440000	326.780481
15.415000	322.342348
15.392500	318.282590
15.370000	314.160721
15.347500	309.976573
15.325000	305.729919
15.302500	301.420474
15.280000	297.047906
15.257500	292.611838
15.235000	288.111862
15.215000	284.057884
15.195000	279.952765
15.175000	275.796199
15.155000	271.587896
15.135000	267.327584
15.115000	263.015022
15.095000	258.650006
15.075000	254.232379
15.055000	249.762035
15.035000	245.238930
15.017500	241.237944
15.000000	237.196629
14.982500	233.115081
14.965000	228.993437
14.947500	224.831876
14.930000	220.630616
14.912500	216.389915
14.895000	212.110066
14.877500	207.791396
14.860000	203.434262
14.842500	199.039045
14.825000	194.606149
14.807500	190.135992
14.790000	185.629002
14.772500	181.085612
14.755000	176.506253
14.737500	171.891352
14.720000	167.241320
14.705000	163.227918
14.690000	159.189232
14.675000	155.125485
14.660000	151.036884
14.645000	146.923615
14.630000	142.785850
14.615000	138.623738
14.600000	134.437410
14.585000	130.226974
14.570000	125.992519
14.555000	121.734114
14.540000	117.451809
14.525000	113.145633
14.510000	108.815600
14.495000	104.461710
14.480000	100.083949
0.000000	0.000000
& cycle # 6, chisq = 3345.860625, e = 61.232554
25.000000	480.990020
21.277500	476.989869
19.182500	472.988542
17.407500	468.974352
17.130000	464.932391
16.970000	460.888229
16.850000	456.795318
16.752500	452.684752
16.670000	448.581593
16.597500	444.450866
16.532500	440.293622
16.475000	436.234049
16.422500	432.197598
16.372500	428.048084
16.325000	423.820245
16.282500	419.794027
16.242500	415.788773
16.202500	411.568689
16.165000	407.412227
16.130000	403.353662
16.095000	399.117688
16.062500	395.021453
16.030000	390.764488
16.000000	386.688869
15.970000	382.469669
15.940000	378.103620
15.912500	373.969616
15.885000	369.706996
15.857500	365.313350
15.832500	361.203478
15.807500	356.981762
15.782500	352.646659
15.757500	348.196738
15.735000	344.092558
15.712500	339.893449
15.690000	335.598628
15.667500	331.207392
15.645000	326.719111
15.625000	322.647602
15.605000	318.498614
15.585000	314.271822
15.565000	309.966920
15.545000	305.583621
15.525000	301.121643
15.505000	296.580705
15.487500	292.542384
15.470000	288.443183
15.452500	284.282885
15.435000	280.061257
15.417500	275.778047
15.400000	271.432984
15.382500	267.025770
15.365000	262.556087
15.347500	258.023591
15.330000	253.427914
15.312500	248.768665
15.297500	244.724113
15.282500	240.632279
15.267500	236.492885
15.252500	232.305641
15.237500	228.070253
15.222500	223.786425
15.207500	219.453855
15.192500	215.072244
15.177500	210.641298
15.162500	206.160725
15.147500	201.630242
15.132500	197.049577
15.117500	192.418472
15.102500	187.736682
15.087500	183.003982
15.072500	178.220166
15.060000	174.194472
15.047500	170.133059
15.035000	166.035844
15.022500	161.902759
15.010000	157.733748
14.997500	153.528767
14.985000	149.287787
14.972500	145.010794
14.960000	140.697786
14.947500	136.348774
14.935000	131.963785
14.922500	127.542856
14.910000	123.086040
14.897500	118.593398
14.885000	114.065006
14.872500	109.500948
14.860000	104.901320
14.847500	100.266224
0.000000	0.000000
& cycle # 2, chisq = 1713.819730, e = 56.064469
25.000000	488.494939
19.550000	484.488803
17.650000	480.486738
17.127500	476.463143
16.947500	472.415584
16.825000	468.380692
16.730000	464.366587
16.650000	460.284322
16.582500	456.275838
16.522500	452.235280
16.467500	448.104712
16.417500	443.971915
16.372500	439.927760
16.330000	435.812476
16.290000	431.665759
16.252500	427.528095
16.217500	423.440132
16.182500	419.126406
16.150000	414.912050
16.120000	410.837846
16.090000	406.581640
16.062500	402.515622
16.035000	398.287821
16.007500	393.893800
15.982500	389.751168
15.957500	385.463928
15.932500	381.028566
15.910000	376.907178
15.887500	372.660380
15.865000	368.285620
15.842500	363.780373
15.822500	359.664160
15.802500	355.441181
15.782500	351.109768
15.762500	346.668300
15.742500	342.115201
15.725000	338.038465
15.707500	333.874102
15.690000	329.621151
15.672500	325.278677
15.655000	320.845776
15.637500	316.321565
15.620000	311.705188
15.605000	307.674298
15.590000	303.574558
15.575000	299.405454
15.560000	295.166478
15.545000	290.857126
15.530000	286.476892
15.515000	282.025270
15.500000	277.501750
15.485000	272.905817
15.470000	268.236947
15.455000	263.494607
15.442500	259.486143
15.430000	255.425958
15.417500	251.313726
15.405000	247.149110
15.392500	242.931768
15.380000	238.661348
15.367500	234.337492
15.355000	229.959834
15.342500	225.527997
15.330000	221.041600
15.317500	216.500252
15.305000	211.903555
15.292500	207.251106
15.280000	202.542492
15.267500	197.777298
15.255000	192.955103
15.242500	188.075481
15.230000	183.138004
15.217500	178.142241
15.207500	174.103376
15.197500	170.026711
15.187500	165.912026
15.177500	161.759102
15.167500	157.567721
15.157500	153.337665
15.147500	149.068720
15.137500	144.760675
15.127500	140.413320
15.117500	136.026449
15.107500	131.599860
15.097500	127.133355
15.087500	122.626741
15.077500	118.079828
15.067500	113.492432
15.057500	108.864377
15.047500	104.195488
0.000000	0.000000
& cycle # 6, chisq = 1165.300665, e = 56.064469
25.000000	480.990020
20.342500	476.988602
19.050000	472.988452
17.337500	468.969431
17.085000	464.932644
16.932500	460.868435
16.820000	456.867816
16.727500	452.827580
16.647500	448.711193
16.577500	444.583544
16.515000	440.446991
16.460000	436.430527
16.407500	432.249837
16.360000	428.162234
16.315000	424.012025
16.272500	419.835739
16.232500	415.670167
16.195000	411.551858
16.160000	407.516757
16.125000	403.291744
16.092500	399.193805
16.060000	394.923003
16.030000	390.823218
16.000000	386.568274
15.972500	382.528233
15.945000	378.351408
15.917500	374.034696
15.892500	369.986424
15.867500	365.817710
15.842500	361.526326
15.817500	357.110118
15.795000	353.027100
15.772500	348.839871
15.750000	344.547076
15.727500	340.147438
15.707500	336.145984
15.687500	332.058377
15.667500	327.883880
15.647500	323.621798
15.627500	319.271479
15.607500	314.832306
15.587500	310.303692
15.570000	306.267340
15.552500	302.161708
15.535000	297.986430
15.517500	293.741143
15.500000	289.425477
15.482500	285.039057
15.465000	280.581495
15.447500	276.052386
15.430000	271.451308
15.415000	267.449910
15.400000	263.395017
15.385000	259.286323
15.370000	255.123505
15.355000	250.906229
15.340000	246.634144
15.325000	242.306885
15.310000	237.924075
15.295000	233.485323
15.280000	228.990227
15.265000	224.438375
15.250000	219.829345
15.235000	215.162711
15.220000	210.438040
15.205000	205.654899
15.192500	201.623969
15.180000	197.551885
15.167500	193.438397
15.155000	189.283262
15.142500	185.086242
15.130000	180.847101
15.117500	176.565614
15.105000	172.241561
15.092500	167.874731
15.080000	163.464924
15.067500	159.011950
15.055000	154.515628
15.042500	149.975794
15.030000	145.392292
15.017500	140.764982
15.005000	136.093737
14.992500	131.378444
14.980000	126.619006
14.967500	121.815337
14.955000	116.967368
14.942500	112.075045
14.930000	107.138325
14.917500	102.157182
0.000000	0.000000
& cycle # 2, chisq = 1521.072041, e = 55.690055
25.000000	488.494939
19.695000	484.494493
18.497500	480.493024
17.190000	476.492008
16.995000	472.433348
16.865000	468.344511
16.765000	464.259971
16.682500	460.168670
16.612500	456.117637
16.550000	452.003969
16.495000	447.964245
16.445000	443.927989
16.397500	439.754830
16.355000	435.728042
16.315000	431.675036
16.277500	427.635211
16.240000	423.355066
16.205000	419.136404
16.172500	415.019516
16.140000	410.704691
16.110000	406.541010
16.080000	402.198832
16.052500	398.057414
16.025000	393.757792
16.000000	389.708303
15.975000	385.521519
15.950000	381.194247
15.927500	377.176925
15.905000	373.040854
15.882500	368.783699
15.860000	364.403152
15.837500	359.896942
15.817500	355.784132
15.797500	351.568760
15.777500	347.249351
15.757500	342.824479
15.737500	338.292768
15.720000	334.238837
15.702500	330.101240
15.685000	325.879153
15.667500	321.571784
15.650000	317.178368
15.632500	312.698164
15.615000	308.130456
15.597500	303.474546
15.582500	299.413048
15.567500	295.285826
15.552500	291.092463
15.537500	286.832543
15.522500	282.505652
15.507500	278.111372
15.492500	273.649283
15.477500	269.118959
15.462500	264.519964
15.447500	259.851857
15.432500	255.114181
15.420000	251.112637
15.407500	247.062181
15.395000	242.962525
15.382500	238.813380
15.370000	234.614444
15.357500	230.365411
15.345000	226.065967
15.332500	221.715790
15.320000	217.314549
15.307500	212.861910
15.295000	208.357530
15.282500	203.801061
15.270000	199.192148
15.257500	194.530434
15.245000	189.815558
15.232500	185.047154
15.220000	180.224856
15.207500	175.348297
15.195000	170.417111
15.182500	165.430931
15.172500	161.402149
15.162500	157.337755
15.152500	153.237568
15.142500	149.101408
15.132500	144.929098
15.122500	140.720465
15.112500	136.475339
15.102500	132.193554
15.092500	127.874948
15.082500	123.519365
15.072500	119.126651
15.062500	114.696661
15.052500	110.229254
15.042500	105.724294
15.032500	101.181653
0.000000	0.000000
& cycle # 6, chisq = 1169.015934, e = 55.690055
