0.000000	14.907376
0.058317	14.907376
0.058317	15.189025
0.233598	15.189025
0.233598	15.274758
0.333836	15.274758
0.333836	15.298613
0.585192	15.298613
0.585192	15.321190
0.846340	15.321190
0.846340	15.335002
1.043713	15.335002
1.043713	15.351035
1.658131	15.351035
1.658131	15.365638
2.275799	15.365638
2.275799	15.372785
2.746350	15.372785
2.746350	15.383750
3.929569	15.383750
3.929569	15.411074
4.670058	15.411074
4.670058	15.446492
5.082554	15.446492
5.082554	15.485822
6.087417	15.485822
6.087417	15.511026
6.990206	15.511026
6.990206	15.524396
7.718365	15.524396
7.718365	15.540006
9.818795	15.540006
9.818795	15.556264
11.607050	15.556264
11.607050	15.568987
12.955110	15.568987
12.955110	15.589788
16.214185	15.589788
16.214185	15.614552
18.412495	15.614552
18.412495	15.629191
20.026084	15.629191
20.026084	15.645672
23.775619	15.645672
23.775619	15.662456
26.223478	15.662456
26.223478	15.676105
27.793392	15.676105
27.793392	15.709189
30.232334	15.709189
30.232334	15.785280
31.336964	15.785280
31.336964	15.843314
32.067102	15.843314
32.067102	15.883634
33.781992	15.883634
33.781992	15.909063
35.189656	15.909063
35.189656	15.923078
36.380469	15.923078
36.380469	15.940133
39.046970	15.940133
39.046970	15.963214
41.003656	15.963214
41.003656	15.987617
42.491111	15.987617
42.491111	16.034266
45.105419	16.034266
45.105419	16.108592
46.801707	16.108592
46.801707	16.170414
48.075994	16.170414
48.075994	16.231188
50.449739	16.231188
50.449739	16.277066
52.381072	16.277066
52.381072	16.303368
54.073187	16.303368
54.073187	16.331156
57.277839	16.331156
57.277839	16.357702
60.012612	16.357702
60.012612	16.374996
62.438408	16.374996
& cycle # 2, chisq = 1643.347263, e = 57.543338
0.000000	14.886147
0.058317	14.886147
0.058317	15.172589
0.233598	15.172589
0.233598	15.260355
0.333836	15.260355
0.333836	15.285553
0.585192	15.285553
0.585192	15.309375
0.846340	15.309375
0.846340	15.323931
1.043713	15.323931
1.043713	15.340810
1.658131	15.340810
1.658131	15.356168
2.275799	15.356168
2.275799	15.363671
2.746350	15.363671
2.746350	15.375158
3.929569	15.375158
3.929569	15.403761
4.670058	15.403761
4.670058	15.440827
5.082554	15.440827
5.082554	15.481959
6.087417	15.481959
6.087417	15.508277
6.990206	15.508277
6.990206	15.522220
7.718365	15.522220
7.718365	15.538475
9.818795	15.538475
9.818795	15.555378
11.607050	15.555378
11.607050	15.568589
12.955110	15.568589
12.955110	15.590169
16.214185	15.590169
16.214185	15.615836
18.412495	15.615836
18.412495	15.630990
20.026084	15.630990
20.026084	15.648016
23.775619	15.648016
23.775619	15.665299
26.223478	15.665299
26.223478	15.679294
27.793392	15.679294
27.793392	15.713156
30.232334	15.713156
30.232334	15.790979
31.336964	15.790979
31.336964	15.850274
32.067102	15.850274
32.067102	15.891353
33.781992	15.891353
33.781992	15.917141
35.189656	15.917141
35.189656	15.931286
36.380469	15.931286
36.380469	15.948401
39.046970	15.948401
39.046970	15.971466
41.003656	15.971466
41.003656	15.995804
42.491111	15.995804
42.491111	16.042278
45.105419	16.042278
45.105419	16.116250
46.801707	16.116250
46.801707	16.177695
48.075994	16.177695
48.075994	16.237957
50.449739	16.237957
50.449739	16.283284
52.381072	16.283284
52.381072	16.309176
54.073187	16.309176
54.073187	16.336474
57.277839	16.336474
57.277839	16.362520
60.012612	16.362520
60.012612	16.379474
62.438408	16.379474
& cycle # 6, chisq = 1664.211349, e = 57.543338
0.000000	14.859945
0.065841	14.859945
0.065841	15.167582
0.254882	15.167582
0.254882	15.241966
0.363597	15.241966
0.363597	15.267757
0.630500	15.267757
0.630500	15.291915
0.907046	15.291915
0.907046	15.306530
1.116703	15.306530
1.116703	15.322707
1.754307	15.322707
1.754307	15.336549
2.387042	15.336549
2.387042	15.344512
2.851032	15.344512
2.851032	15.361822
3.893123	15.361822
3.893123	15.404330
4.520261	15.404330
4.520261	15.442822
4.911866	15.442822
4.911866	15.472701
5.972857	15.472701
5.972857	15.495121
6.949987	15.495121
6.949987	15.508183
7.737683	15.508183
7.737683	15.524763
9.900105	15.524763
9.900105	15.546742
11.643450	15.546742
11.643450	15.565635
12.923913	15.565635
12.923913	15.589485
16.067923	15.589485
16.067923	15.607810
18.386079	15.607810
18.386079	15.618083
20.123673	15.618083
20.123673	15.636181
23.873930	15.636181
23.873930	15.663769
26.136292	15.663769
26.136292	15.685038
27.596979	15.685038
27.596979	15.715996
30.103227	15.715996
30.103227	15.773645
31.392879	15.773645
31.392879	15.830301
32.213251	15.830301
32.213251	15.886761
33.942580	15.886761
33.942580	15.919971
35.326867	15.919971
35.326867	15.935100
36.498749	15.935100
36.498749	15.953310
39.079075	15.953310
39.079075	15.977881
40.988137	15.977881
40.988137	16.003541
42.451682	16.003541
42.451682	16.051052
45.021079	16.051052
45.021079	16.124519
46.727793	16.124519
46.727793	16.185205
48.025497	16.185205
48.025497	16.245192
50.417215	16.245192
50.417215	16.291013
52.369510	16.291013
52.369510	16.317279
54.082514	16.317279
54.082514	16.344585
57.283959	16.344585
57.283959	16.370463
60.024534	16.370463
60.024534	16.387270
62.459666	16.387270
& cycle # 2, chisq = 1729.129558, e = 56.365625
0.000000	14.966727
0.065841	14.966727
0.065841	15.262124
0.254882	15.262124
0.254882	15.331173
0.363597	15.331173
0.363597	15.353406
0.630500	15.353406
0.630500	15.374236
0.907046	15.374236
0.907046	15.386843
1.116703	15.386843
1.116703	15.400803
1.754307	15.400803
1.754307	15.412756
2.387042	15.412756
2.387042	15.419639
2.851032	15.419639
2.851032	15.434608
3.893123	15.434608
3.893123	15.471375
4.520261	15.471375
4.520261	15.504672
4.911866	15.504672
4.911866	15.530526
5.972857	15.530526
5.972857	15.549936
6.949987	15.549936
6.949987	15.561248
7.737683	15.561248
7.737683	15.575614
9.900105	15.575614
9.900105	15.594665
11.643450	15.594665
11.643450	15.611043
12.923913	15.611043
12.923913	15.631720
16.067923	15.631720
16.067923	15.647612
18.386079	15.647612
18.386079	15.656523
20.123673	15.656523
20.123673	15.672224
23.873930	15.672224
23.873930	15.696154
26.136292	15.696154
26.136292	15.714600
27.596979	15.714600
27.596979	15.741440
30.103227	15.741440
30.103227	15.791409
31.392879	15.791409
31.392879	15.840508
32.213251	15.840508
32.213251	15.889415
33.942580	15.889415
33.942580	15.918150
35.326867	15.918150
35.326867	15.931214
36.498749	15.931214
36.498749	15.946908
39.079075	15.946908
39.079075	15.968051
40.988137	15.968051
40.988137	15.990115
42.451682	15.990115
42.451682	16.030948
45.021079	16.030948
45.021079	16.094060
46.727793	16.094060
46.727793	16.146161
48.025497	16.146161
48.025497	16.197607
50.417215	16.197607
50.417215	16.236839
52.369510	16.236839
52.369510	16.259289
54.082514	16.259289
54.082514	16.282604
57.283959	16.282604
57.283959	16.304685
60.024534	16.304685
60.024534	16.319020
62.459666	16.319020
& cycle # 6, chisq = 1285.881722, e = 56.365625
0.000000	15.270729
0.080935	15.270729
0.080935	15.615380
0.235418	15.615380
0.235418	15.635134
0.329570	15.635134
0.329570	15.648924
0.521819	15.648924
0.521819	15.662263
0.716477	15.662263
0.716477	15.671281
0.868259	15.671281
0.868259	15.681785
1.245378	15.681785
1.245378	15.693350
1.623637	15.693350
1.623637	15.701519
1.929489	15.701519
1.929489	15.711181
2.669672	15.711181
2.669672	15.721581
3.390302	15.721581
3.390302	15.728760
3.982981	15.728760
3.982981	15.736896
5.408990	15.736896
5.408990	15.744729
6.743437	15.744729
6.743437	15.749717
7.834430	15.749717
7.834430	15.756512
10.239407	15.756512
10.239407	15.766899
12.133956	15.766899
12.133956	15.777308
13.507475	15.777308
13.507475	15.791281
16.221767	15.791281
16.221767	15.802740
18.305141	15.802740
18.305141	15.807276
19.999071	15.807276
19.999071	15.811643
23.508582	15.811643
23.508582	15.817990
26.028904	15.817990
26.028904	15.825508
27.743925	15.825508
27.743925	15.840499
30.260554	15.840499
30.260554	15.867665
31.659118	15.867665
31.659118	15.892656
32.595275	15.892656
32.595275	15.916827
34.278756	15.916827
34.278756	15.932433
35.640375	15.932433
35.640375	15.940362
36.797823	15.940362
36.797823	15.950521
38.964098	15.950521
38.964098	15.964269
40.643015	15.964269
40.643015	15.977582
41.997371	15.977582
41.997371	15.996541
44.257033	15.996541
44.257033	16.019119
46.014324	16.019119
46.014324	16.035656
47.488236	16.035656
47.488236	16.051177
50.004118	16.051177
50.004118	16.063953
52.155358	16.063953
52.155358	16.071944
54.077607	16.071944
54.077607	16.079468
57.279777	16.079468
57.279777	16.085995
60.089616	16.085995
60.089616	16.090134
62.613215	16.090134
& cycle # 2, chisq = 267.794875, e = 46.168682
0.000000	15.290850
0.080935	15.290850
0.080935	15.632600
0.235418	15.632600
0.235418	15.651384
0.329570	15.651384
0.329570	15.664492
0.521819	15.664492
0.521819	15.677168
0.716477	15.677168
0.716477	15.685732
0.868259	15.685732
0.868259	15.695702
1.245378	15.695702
1.245378	15.706674
1.623637	15.706674
1.623637	15.714421
1.929489	15.714421
1.929489	15.723582
2.669672	15.723582
2.669672	15.733444
3.390302	15.733444
3.390302	15.740251
3.982981	15.740251
3.982981	15.747967
5.408990	15.747967
5.408990	15.755395
6.743437	15.755395
6.743437	15.760123
7.834430	15.760123
7.834430	15.766565
10.239407	15.766565
10.239407	15.776410
12.133956	15.776410
12.133956	15.786276
13.507475	15.786276
13.507475	15.799518
16.221767	15.799518
16.221767	15.810375
18.305141	15.810375
18.305141	15.814670
19.999071	15.814670
19.999071	15.818800
23.508582	15.818800
23.508582	15.824797
26.028904	15.824797
26.028904	15.831898
27.743925	15.831898
27.743925	15.846052
30.260554	15.846052
30.260554	15.871694
31.659118	15.871694
31.659118	15.895275
32.595275	15.895275
32.595275	15.918074
34.278756	15.918074
34.278756	15.932782
35.640375	15.932782
35.640375	15.940244
36.797823	15.940244
36.797823	15.949799
38.964098	15.949799
38.964098	15.962723
40.643015	15.962723
40.643015	15.975235
41.997371	15.975235
41.997371	15.993049
44.257033	15.993049
44.257033	16.014260
46.014324	16.014260
46.014324	16.029790
47.488236	16.029790
47.488236	16.044361
50.004118	16.044361
50.004118	16.056348
52.155358	16.056348
52.155358	16.063843
54.077607	16.063843
54.077607	16.070896
57.279777	16.070896
57.279777	16.077013
60.089616	16.077013
60.089616	16.080890
62.613215	16.080890
& cycle # 6, chisq = 238.579404, e = 46.168682
0.000000	15.202029
0.080935	15.202029
0.080935	15.555815
0.235418	15.555815
0.235418	15.579049
0.329570	15.579049
0.329570	15.595279
0.521819	15.595279
0.521819	15.610984
0.716477	15.610984
0.716477	15.621602
0.868259	15.621602
0.868259	15.633970
1.245378	15.633970
1.245378	15.647588
1.623637	15.647588
1.623637	15.657206
1.929489	15.657206
1.929489	15.668585
2.669672	15.668585
2.669672	15.680837
3.390302	15.680837
3.390302	15.689297
3.982981	15.689297
3.982981	15.698890
5.408990	15.698890
5.408990	15.708133
6.743437	15.708133
6.743437	15.714025
7.834430	15.714025
7.834430	15.722062
10.239407	15.722062
10.239407	15.734354
12.133956	15.734354
12.133956	15.746677
13.507475	15.746677
13.507475	15.763224
16.221767	15.763224
16.221767	15.776802
18.305141	15.776802
18.305141	15.782186
19.999071	15.782186
19.999071	15.787381
23.508582	15.787381
23.508582	15.794945
26.028904	15.794945
26.028904	15.803912
27.743925	15.803912
27.743925	15.821803
30.260554	15.821803
30.260554	15.854246
31.659118	15.854246
31.659118	15.884109
32.595275	15.884109
32.595275	15.913025
34.278756	15.913025
34.278756	15.931740
35.640375	15.931740
35.640375	15.941284
36.797823	15.941284
36.797823	15.953540
38.964098	15.953540
38.964098	15.970143
40.643015	15.970143
40.643015	15.986231
41.997371	15.986231
41.997371	16.009155
44.257033	16.009155
44.257033	16.036471
46.014324	16.036471
46.014324	16.056495
47.488236	16.056495
47.488236	16.075309
50.004118	16.075309
50.004118	16.090817
52.155358	16.090817
52.155358	16.100530
54.077607	16.100530
54.077607	16.109684
57.279777	16.109684
57.279777	16.117634
60.089616	16.117634
60.089616	16.122681
62.613215	16.122681
& cycle # 13, chisq = 382.703150, e = 46.168682
0.000000	14.808409
0.055967	14.808409
0.055967	15.143246
0.218851	15.143246
0.218851	15.228822
0.312380	15.228822
0.312380	15.256190
0.543339	15.256190
0.543339	15.282385
0.782820	15.282385
0.782820	15.298735
0.964224	15.298735
0.964224	15.318299
1.519596	15.318299
1.519596	15.337923
2.079539	15.337923
2.079539	15.348735
2.517689	15.348735
2.517689	15.359115
3.754426	15.359115
3.754426	15.373887
4.726866	15.373887
4.726866	15.394472
5.303640	15.394472
5.303640	15.442313
6.394312	15.442313
6.394312	15.494155
7.193254	15.494155
7.193254	15.513111
7.829392	15.513111
7.829392	15.533858
9.650632	15.533858
9.650632	15.553747
11.280187	15.553747
11.280187	15.564504
12.605651	15.564504
12.605651	15.576312
16.137099	15.576312
16.137099	15.591870
18.622584	15.591870
18.622584	15.607630
20.342870	15.607630
20.342870	15.635353
23.853976	15.635353
23.853976	15.664930
26.063027	15.664930
26.063027	15.680389
27.566280	15.680389
27.566280	15.708679
30.143830	15.708679
30.143830	15.772223
31.406990	15.772223
31.406990	15.834019
32.202256	15.834019
32.202256	15.889673
33.918137	15.889673
33.918137	15.921430
35.303894	15.921430
35.303894	15.936696
36.477045	15.936696
36.477045	15.955231
39.071669	15.955231
39.071669	15.980284
40.986586	15.980284
40.986586	16.006524
42.451192	16.006524
42.451192	16.055457
45.024373	16.055457
45.024373	16.131517
46.724729	16.131517
46.724729	16.194229
48.014900	16.194229
48.014900	16.255960
50.402340	16.255960
50.402340	16.302951
52.350397	16.302951
52.350397	16.329921
54.059133	16.329921
54.059133	16.358079
57.264294	16.358079
57.264294	16.384780
60.005663	16.384780
60.005663	16.402098
62.440139	16.402098
& cycle # 2, chisq = 1826.011943, e = 56.688647
0.000000	14.818975
0.055967	14.818975
0.055967	15.138075
0.218851	15.138075
0.218851	15.217144
0.312380	15.217144
0.312380	15.240270
0.543339	15.240270
0.543339	15.262517
0.782820	15.262517
0.782820	15.276467
0.964224	15.276467
0.964224	15.293234
1.519596	15.293234
1.519596	15.310124
2.079539	15.310124
2.079539	15.319474
2.517689	15.319474
2.517689	15.328535
3.754426	15.328535
3.754426	15.341569
4.726866	15.341569
4.726866	15.359794
5.303640	15.359794
5.303640	15.402244
6.394312	15.402244
6.394312	15.448426
7.193254	15.448426
7.193254	15.465467
7.829392	15.465467
7.829392	15.484245
9.650632	15.484245
9.650632	15.502340
11.280187	15.502340
11.280187	15.512193
12.605651	15.512193
12.605651	15.523134
16.137099	15.523134
16.137099	15.537695
18.622584	15.537695
18.622584	15.552511
20.342870	15.552511
20.342870	15.578704
23.853976	15.578704
23.853976	15.606978
26.063027	15.606978
26.063027	15.622194
27.566280	15.622194
27.566280	15.650634
30.143830	15.650634
30.143830	15.714867
31.406990	15.714867
31.406990	15.777669
32.202256	15.777669
32.202256	15.834987
33.918137	15.834987
33.918137	15.868710
35.303894	15.868710
35.303894	15.885607
36.477045	15.885607
36.477045	15.906969
39.071669	15.906969
39.071669	15.936672
40.986586	15.936672
40.986586	15.968210
42.451192	15.968210
42.451192	16.027503
45.024373	16.027503
45.024373	16.120387
46.724729	16.120387
46.724729	16.197764
48.014900	16.197764
48.014900	16.275292
50.402340	16.275292
50.402340	16.335903
52.350397	16.335903
52.350397	16.371646
54.059133	16.371646
54.059133	16.409545
57.264294	16.409545
57.264294	16.445840
60.005663	16.445840
60.005663	16.469546
62.440139	16.469546
& cycle # 3, chisq = 2364.624922, e = 56.688647
0.000000	14.925377
0.055967	14.925377
0.055967	15.246354
0.218851	15.246354
0.218851	15.325843
0.312380	15.325843
0.312380	15.349089
0.543339	15.349089
0.543339	15.371349
0.782820	15.371349
0.782820	15.385251
0.964224	15.385251
0.964224	15.401896
1.519596	15.401896
1.519596	15.418602
2.079539	15.418602
2.079539	15.427810
2.517689	15.427810
2.517689	15.436660
3.754426	15.436660
3.754426	15.449267
4.726866	15.449267
4.726866	15.466840
5.303640	15.466840
5.303640	15.507690
6.394312	15.507690
6.394312	15.551973
7.193254	15.551973
7.193254	15.568178
7.829392	15.568178
7.829392	15.585925
9.650632	15.585925
9.650632	15.602946
11.280187	15.602946
11.280187	15.612156
12.605651	15.612156
12.605651	15.622272
16.137099	15.622272
16.137099	15.635609
18.622584	15.635609
18.622584	15.649120
20.342870	15.649120
20.342870	15.672890
23.853976	15.672890
23.853976	15.698251
26.063027	15.698251
26.063027	15.711509
27.566280	15.711509
27.566280	15.735772
30.143830	15.735772
30.143830	15.790268
31.406990	15.790268
31.406990	15.843258
32.202256	15.843258
32.202256	15.890965
33.918137	15.890965
33.918137	15.918161
35.303894	15.918161
35.303894	15.931214
36.477045	15.931214
36.477045	15.947035
39.071669	15.947035
39.071669	15.968391
40.986586	15.968391
40.986586	15.990745
42.451192	15.990745
42.451192	16.032413
45.024373	16.032413
45.024373	16.097152
46.724729	16.097152
46.724729	16.150501
48.014900	16.150501
48.014900	16.202962
50.402340	16.202962
50.402340	16.242833
52.350397	16.242833
52.350397	16.265681
54.059133	16.265681
54.059133	16.289510
57.264294	16.289510
57.264294	16.312093
60.005663	16.312093
60.005663	16.326732
62.440139	16.326732
& cycle # 6, chisq = 1331.236187, e = 56.688647
0.000000	14.372602
0.040031	14.372602
0.040031	14.692403
0.200234	14.692403
0.200234	14.747170
0.288934	14.747170
0.288934	14.813152
0.543927	14.813152
0.543927	14.858281
0.813661	14.858281
0.813661	14.878005
1.013638	14.878005
1.013638	14.900516
1.734486	14.900516
1.734486	14.917840
2.445992	14.917840
2.445992	14.926505
2.935131	14.926505
2.935131	14.952344
4.007668	14.952344
4.007668	15.032293
4.510224	15.032293
4.510224	15.082971
4.832172	15.082971
4.832172	15.117166
5.911070	15.117166
5.911070	15.147675
6.896858	15.147675
6.896858	15.164283
7.670206	15.164283
7.670206	15.189132
10.022970	15.189132
10.022970	15.231250
11.675620	15.231250
11.675620	15.268717
12.792699	15.268717
12.792699	15.306968
16.026056	15.306968
16.026056	15.328190
18.408291	15.328190
18.408291	15.341383
20.129892	15.341383
20.129892	15.374620
24.019389	15.374620
24.019389	15.434590
26.059980	15.434590
26.059980	15.468162
27.395445	15.468162
27.395445	15.502015
30.175437	15.502015
30.175437	15.572389
31.515042	15.572389
31.515042	15.659030
32.282797	15.659030
32.282797	15.771664
33.960527	15.771664
33.960527	15.838876
35.236153	15.838876
35.236153	15.866398
36.304110	15.866398
36.304110	15.897963
39.011984	15.897963
39.011984	15.936624
40.970116	15.936624
40.970116	15.976492
42.441166	15.976492
42.441166	16.063764
45.207794	16.063764
45.207794	16.222409
46.847729	16.222409
46.847729	16.360417
48.021324	16.360417
48.021324	16.499714
50.389134	16.499714
50.389134	16.604073
52.275517	16.604073
52.275517	16.665151
53.911225	16.665151
53.911225	16.735128
57.285177	16.735128
57.285177	16.803920
60.106316	16.803920
60.106316	16.848212
62.581094	16.848212
& cycle # 2, chisq = 6380.788681, e = 65.178175
0.000000	14.773568
0.040031	14.773568
0.040031	15.050887
0.200234	15.050887
0.200234	15.087411
0.288934	15.087411
0.288934	15.141177
0.543927	15.141177
0.543927	15.174853
0.813661	15.174853
0.813661	15.187968
1.013638	15.187968
1.013638	15.202883
1.734486	15.202883
1.734486	15.214394
2.445992	15.214394
2.445992	15.220186
2.935131	15.220186
2.935131	15.237504
4.007668	15.237504
4.007668	15.291122
4.510224	15.291122
4.510224	15.325148
4.832172	15.325148
4.832172	15.348176
5.911070	15.348176
5.911070	15.368763
6.896858	15.368763
6.896858	15.379996
7.670206	15.379996
7.670206	15.396846
10.022970	15.396846
10.022970	15.425447
11.675620	15.425447
11.675620	15.450907
12.792699	15.450907
12.792699	15.476929
16.026056	15.476929
16.026056	15.491419
18.408291	15.491419
18.408291	15.500464
20.129892	15.500464
20.129892	15.523279
24.019389	15.523279
24.019389	15.564484
26.059980	15.564484
26.059980	15.587608
27.395445	15.587608
27.395445	15.611081
30.175437	15.611081
30.175437	15.660013
31.515042	15.660013
31.515042	15.720290
32.282797	15.720290
32.282797	15.798714
33.960527	15.798714
33.960527	15.845582
35.236153	15.845582
35.236153	15.864795
36.304110	15.864795
36.304110	15.886823
39.011984	15.886823
39.011984	15.913784
40.970116	15.913784
40.970116	15.941570
42.441166	15.941570
42.441166	16.002361
45.207794	16.002361
45.207794	16.112799
46.847729	16.112799
46.847729	16.208779
48.021324	16.208779
48.021324	16.305460
50.389134	16.305460
50.389134	16.377647
52.275517	16.377647
52.275517	16.419754
53.911225	16.419754
53.911225	16.467895
57.285177	16.467895
57.285177	16.515146
60.106316	16.515146
60.106316	16.545536
62.581094	16.545536
& cycle # 6, chisq = 3071.290752, e = 65.178175
0.000000	15.021319
0.073406	15.021319
0.073406	15.349490
0.269430	15.349490
0.269430	15.396119
0.383222	15.396119
0.383222	15.416120
0.653402	15.416120
0.653402	15.434858
0.932151	15.434858
0.932151	15.446316
1.144522	15.446316
1.144522	15.458906
1.767297	15.458906
1.767297	15.469908
2.385754	15.469908
2.385754	15.476417
2.844876	15.476417
2.844876	15.489748
3.872369	15.489748
3.872369	15.520869
4.521649	15.520869
4.521649	15.550393
4.929804	15.550393
4.929804	15.575001
5.983132	15.575001
5.983132	15.593086
6.953144	15.593086
6.953144	15.603669
7.741023	15.603669
7.741023	15.615984
9.871385	15.615984
9.871385	15.630570
11.650330	15.630570
11.650330	15.643598
12.973231	15.643598
12.973231	15.664033
16.026467	15.664033
16.026467	15.682806
18.259005	15.682806
18.259005	15.689779
20.012019	15.689779
20.012019	15.697452
23.961862	15.697452
23.961862	15.712262
26.371374	15.712262
26.371374	15.732245
27.797824	15.732245
27.797824	15.771277
29.972619	15.771277
29.972619	15.819471
31.224064	15.819471
31.224064	15.847468
32.131315	15.847468
32.131315	15.882436
34.008570	15.882436
34.008570	15.915440
35.426460	15.915440
35.426460	15.931006
36.604016	15.931006
36.604016	15.946398
39.114257	15.946398
39.114257	15.966070
40.990172	15.966070
40.990172	15.986299
42.442947	15.986299
42.442947	16.022282
44.972228	16.022282
44.972228	16.076063
46.699629	16.076063
46.699629	16.120389
48.031301	16.120389
48.031301	16.164577
50.438050	16.164577
50.438050	16.198864
52.411326	16.198864
52.411326	16.218504
54.146601	16.218504
54.146601	16.238397
57.322326	16.238397
57.322326	16.256985
60.054145	16.256985
60.054145	16.268987
62.487783	16.268987
& cycle # 2, chisq = 1000.906234, e = 54.509641
0.000000	15.104169
0.073406	15.104169
0.073406	15.423384
0.269430	15.423384
0.269430	15.466074
0.383222	15.466074
0.383222	15.483435
0.653402	15.483435
0.653402	15.499700
0.932151	15.499700
0.932151	15.509645
1.144522	15.509645
1.144522	15.520574
1.767297	15.520574
1.767297	15.530130
2.385754	15.530130
2.385754	15.535789
2.844876	15.535789
2.844876	15.547386
3.872369	15.547386
3.872369	15.574462
4.521649	15.574462
4.521649	15.600150
4.929804	15.600150
4.929804	15.621560
5.983132	15.621560
5.983132	15.637294
6.953144	15.637294
6.953144	15.646499
7.741023	15.646499
7.741023	15.657209
9.871385	15.657209
9.871385	15.669895
11.650330	15.669895
11.650330	15.681224
12.973231	15.681224
12.973231	15.698995
16.026467	15.698995
16.026467	15.715319
18.259005	15.715319
18.259005	15.721380
20.012019	15.721380
20.012019	15.728047
23.961862	15.728047
23.961862	15.740910
26.371374	15.740910
26.371374	15.758262
27.797824	15.758262
27.797824	15.792146
29.972619	15.792146
29.972619	15.833957
31.224064	15.833957
31.224064	15.858222
32.131315	15.858222
32.131315	15.888510
34.008570	15.888510
34.008570	15.917076
35.426460	15.917076
35.426460	15.930529
36.604016	15.930529
36.604016	15.943800
39.114257	15.943800
39.114257	15.960733
40.990172	15.960733
40.990172	15.978136
42.442947	15.978136
42.442947	16.009078
44.972228	16.009078
44.972228	16.055306
46.699629	16.055306
46.699629	16.093388
48.031301	16.093388
48.031301	16.131320
50.438050	16.131320
50.438050	16.160716
52.411326	16.160716
52.411326	16.177531
54.146601	16.177531
54.146601	16.194549
57.322326	16.194549
57.322326	16.210441
60.054145	16.210441
60.054145	16.220699
62.487783	16.220699
& cycle # 6, chisq = 747.252641, e = 54.509641
0.000000	14.922782
0.073406	14.922782
0.073406	15.259525
0.269430	15.259525
0.269430	15.309944
0.383222	15.309944
0.383222	15.332504
0.653402	15.332504
0.653402	15.353658
0.932151	15.353658
0.932151	15.366605
1.144522	15.366605
1.144522	15.380844
1.767297	15.380844
1.767297	15.393304
2.385754	15.393304
2.385754	15.400690
2.844876	15.400690
2.844876	15.415834
3.872369	15.415834
3.872369	15.451203
4.521649	15.451203
4.521649	15.484767
4.929804	15.484767
4.929804	15.512763
5.983132	15.512763
5.983132	15.533362
6.953144	15.533362
6.953144	15.545427
7.741023	15.545427
7.741023	15.559487
9.871385	15.559487
9.871385	15.576165
11.650330	15.576165
11.650330	15.591075
12.973231	15.591075
12.973231	15.614476
16.026467	15.614476
16.026467	15.635994
18.259005	15.635994
18.259005	15.644011
20.012019	15.644011
20.012019	15.652882
23.961862	15.652882
23.961862	15.670044
26.371374	15.670044
26.371374	15.693226
27.797824	15.693226
27.797824	15.738583
29.972619	15.738583
29.972619	15.794754
31.224064	15.794754
31.224064	15.827540
32.131315	15.827540
32.131315	15.868625
34.008570	15.868625
34.008570	15.907530
35.426460	15.907530
35.426460	15.926010
36.604016	15.926010
36.604016	15.944482
39.114257	15.944482
39.114257	15.968255
40.990172	15.968255
40.990172	15.992776
42.442947	15.992776
42.442947	16.036472
44.972228	16.036472
44.972228	16.101891
46.699629	16.101891
46.699629	16.155926
48.031301	16.155926
48.031301	16.209985
50.438050	16.209985
50.438050	16.252160
52.411326	16.252160
52.411326	16.276459
54.146601	16.276459
54.146601	16.301158
57.322326	16.301158
57.322326	16.324289
60.054145	16.324289
60.054145	16.339249
62.487783	16.339249
& cycle # 13, chisq = 1427.769529, e = 54.509641
0.000000	14.874906
0.050163	14.874906
0.050163	15.322663
0.185215	15.322663
0.185215	15.380008
0.263561	15.380008
0.263561	15.402093
0.450017	15.402093
0.450017	15.423587
0.642445	15.423587
0.642445	15.437450
0.788999	15.437450
0.788999	15.454439
1.220014	15.454439
1.220014	15.472799
1.654190	15.472799
1.654190	15.484752
1.996493	15.484752
1.996493	15.498781
2.968813	15.498781
2.968813	15.511912
3.908648	15.511912
3.908648	15.518900
4.649828	15.518900
4.649828	15.528630
6.508114	15.528630
6.508114	15.548403
7.786230	15.548403
7.786230	15.573664
8.560126	15.573664
8.560126	15.611468
10.193756	15.611468
10.193756	15.639056
11.542936	15.639056
11.542936	15.650671
12.647951	15.650671
12.647951	15.662704
15.631284	15.662704
15.631284	15.671475
18.061946	15.671475
18.061946	15.675475
19.993689	15.675475
19.993689	15.682250
24.224741	15.682250
24.224741	15.698065
26.631574	15.698065
26.631574	15.722167
27.961159	15.722167
27.961159	15.772111
29.883729	15.772111
29.883729	15.826673
31.032701	15.826673
31.032701	15.850229
31.919370	15.850229
31.919370	15.878318
33.859226	15.878318
33.859226	15.908249
35.340291	15.908249
35.340291	15.925040
36.556617	15.925040
36.556617	15.941855
39.126921	15.941855
39.126921	15.962467
41.031711	15.962467
41.031711	15.983602
42.497368	15.983602
42.497368	16.021507
45.032007	16.021507
45.032007	16.078391
46.749271	16.078391
46.749271	16.124890
48.070214	16.124890
48.070214	16.170569
50.464185	16.170569
50.464185	16.205742
52.429439	16.205742
52.429439	16.226028
54.158133	16.226028
54.158133	16.246789
57.326765	16.246789
57.326765	16.266352
60.051700	16.266352
60.051700	16.279107
62.479315	16.279107
& cycle # 2, chisq = 1056.937459, e = 54.639575
0.000000	14.970529
0.050163	14.970529
0.050163	15.407675
0.185215	15.407675
0.185215	15.460248
0.263561	15.460248
0.263561	15.479041
0.450017	15.479041
0.450017	15.497336
0.642445	15.497336
0.642445	15.509141
0.788999	15.509141
0.788999	15.523614
1.220014	15.523614
1.220014	15.539265
1.654190	15.539265
1.654190	15.549460
1.996493	15.549460
1.996493	15.561431
2.968813	15.561431
2.968813	15.572637
3.908648	15.572637
3.908648	15.578601
4.649828	15.578601
4.649828	15.586906
6.508114	15.586906
6.508114	15.603782
7.786230	15.603782
7.786230	15.625344
8.560126	15.625344
8.560126	15.657612
10.193756	15.657612
10.193756	15.681163
11.542936	15.681163
11.542936	15.691080
12.647951	15.691080
12.647951	15.701355
15.631284	15.701355
15.631284	15.708844
18.061946	15.708844
18.061946	15.712258
19.993689	15.712258
19.993689	15.718039
24.224741	15.718039
24.224741	15.731532
26.631574	15.731532
26.631574	15.752094
27.961159	15.752094
27.961159	15.794694
29.883729	15.794694
29.883729	15.841215
31.032701	15.841215
31.032701	15.861282
31.919370	15.861282
31.919370	15.885193
33.859226	15.885193
33.859226	15.910657
35.340291	15.910657
35.340291	15.924926
36.556617	15.924926
36.556617	15.939188
39.126921	15.939188
39.126921	15.956643
41.031711	15.956643
41.031711	15.974528
42.497368	15.974528
42.497368	16.006593
45.032007	16.006593
45.032007	16.054696
46.749271	16.054696
46.749271	16.093998
48.070214	16.093998
48.070214	16.132577
50.464185	16.132577
50.464185	16.162247
52.429439	16.162247
52.429439	16.179337
54.158133	16.179337
54.158133	16.196816
57.326765	16.196816
57.326765	16.213277
60.051700	16.213277
60.051700	16.224007
62.479315	16.224007
& cycle # 6, chisq = 764.576764, e = 54.639575
0.000000	14.755108
0.050163	14.755108
0.050163	15.214228
0.185215	15.214228
0.185215	15.276724
0.263561	15.276724
0.263561	15.302412
0.450017	15.302412
0.450017	15.327432
0.642445	15.327432
0.642445	15.343581
0.788999	15.343581
0.788999	15.363381
1.220014	15.363381
1.220014	15.384789
1.654190	15.384789
1.654190	15.398733
1.996493	15.398733
1.996493	15.415105
2.968813	15.415105
2.968813	15.430436
3.908648	15.430436
3.908648	15.438602
4.649828	15.438602
4.649828	15.449988
6.508114	15.449988
6.508114	15.473140
7.786230	15.473140
7.786230	15.502726
8.560126	15.502726
8.560126	15.547018
10.193756	15.547018
10.193756	15.579369
11.542936	15.579369
11.542936	15.593007
12.647951	15.593007
12.647951	15.607149
15.631284	15.607149
15.631284	15.617474
18.061946	15.617474
18.061946	15.622200
19.993689	15.622200
19.993689	15.630235
24.224741	15.630235
24.224741	15.649014
26.631574	15.649014
26.631574	15.677652
27.961159	15.677652
27.961159	15.737063
29.883729	15.737063
29.883729	15.802116
31.032701	15.802116
31.032701	15.830347
31.919370	15.830347
31.919370	15.864142
33.859226	15.864142
33.859226	15.900256
35.340291	15.900256
35.340291	15.920623
36.556617	15.920623
36.556617	15.941212
39.126921	15.941212
39.126921	15.966639
41.031711	15.966639
41.031711	15.992792
42.497368	15.992792
42.497368	16.039775
45.032007	16.039775
45.032007	16.110398
46.749271	16.110398
46.749271	16.168248
48.070214	16.168248
48.070214	16.225282
50.464185	16.225282
50.464185	16.269433
52.429439	16.269433
52.429439	16.295039
54.158133	16.295039
54.158133	16.321333
57.326765	16.321333
57.326765	16.346155
60.051700	16.346155
60.051700	16.362358
62.479315	16.362358
& cycle # 13, chisq = 1573.130926, e = 54.639575
0.000000	14.710187
0.047901	14.710187
0.047901	14.968245
0.213461	14.968245
0.213461	15.067143
0.306605	15.067143
0.306605	15.108530
0.556144	15.108530
0.556144	15.136806
0.817645	15.136806
0.817645	15.153379
1.013426	15.153379
1.013426	15.172768
1.668028	15.172768
1.668028	15.189381
2.324495	15.189381
2.324495	15.196999
2.809196	15.196999
2.809196	15.211895
3.994778	15.211895
3.994778	15.256177
4.628536	15.256177
4.628536	15.306208
4.978160	15.306208
4.978160	15.346336
5.974543	15.346336
5.974543	15.374373
6.884459	15.374373
6.884459	15.390419
7.611787	15.390419
7.611787	15.409060
9.840868	15.409060
9.840868	15.429509
11.666801	15.429509
11.666801	15.448006
12.972996	15.448006
12.972996	15.482047
16.158184	15.482047
16.158184	15.514872
18.328853	15.514872
18.328853	15.526404
19.982776	15.526404
19.982776	15.542639
23.958410	15.542639
23.958410	15.574554
26.196647	15.574554
26.196647	15.607168
27.538534	15.607168
27.538534	15.649978
30.023630	15.649978
30.023630	15.703756
31.382007	15.703756
31.382007	15.757519
32.238721	15.757519
32.238721	15.836863
34.006490	15.836863
34.006490	15.894197
35.320027	15.894197
35.320027	15.915561
36.420741	15.915561
36.420741	15.938717
39.045219	15.938717
39.045219	15.968000
40.967261	15.968000
40.967261	15.998236
42.427352	15.998236
42.427352	16.059447
45.100828	16.059447
45.100828	16.162856
46.775322	16.162856
46.775322	16.251305
48.005971	16.251305
48.005971	16.340550
50.383469	16.340550
50.383469	16.407666
52.294625	16.407666
52.294625	16.445972
53.960153	16.445972
53.960153	16.487752
57.247475	16.487752
57.247475	16.527985
60.025239	16.527985
60.025239	16.553851
62.475217	16.553851
& cycle # 2, chisq = 3071.163689, e = 61.232554
0.000000	14.630261
0.047901	14.630261
0.047901	14.903975
0.213461	14.903975
0.213461	15.009404
0.306605	15.009404
0.306605	15.055071
0.556144	15.055071
0.556144	15.087325
0.817645	15.087325
0.817645	15.106239
1.013426	15.106239
1.013426	15.128332
1.668028	15.128332
1.668028	15.147227
2.324495	15.147227
2.324495	15.155856
2.809196	15.155856
2.809196	15.172663
3.994778	15.172663
3.994778	15.222572
4.628536	15.222572
4.628536	15.278913
4.978160	15.278913
4.978160	15.323992
5.974543	15.323992
5.974543	15.355379
6.884459	15.355379
6.884459	15.373302
7.611787	15.373302
7.611787	15.394064
9.840868	15.394064
9.840868	15.416761
11.666801	15.416761
11.666801	15.437249
12.972996	15.437249
12.972996	15.474916
16.158184	15.474916
16.158184	15.511182
18.328853	15.511182
18.328853	15.523859
19.982776	15.523859
19.982776	15.541595
23.958410	15.541595
23.958410	15.576382
26.196647	15.576382
26.196647	15.611851
27.538534	15.611851
27.538534	15.658168
30.023630	15.658168
30.023630	15.715927
31.382007	15.715927
31.382007	15.773478
32.238721	15.773478
32.238721	15.858233
34.006490	15.858233
34.006490	15.919196
35.320027	15.919196
35.320027	15.941685
36.420741	15.941685
36.420741	15.965783
39.045219	15.965783
39.045219	15.995976
40.967261	15.995976
40.967261	16.027014
42.427352	16.027014
42.427352	16.089710
45.100828	16.089710
45.100828	16.195432
46.775322	16.195432
46.775322	16.285643
48.005971	16.285643
48.005971	16.376273
50.383469	16.376273
50.383469	16.443969
52.294625	16.443969
52.294625	16.482346
53.960153	16.482346
53.960153	16.524048
57.247475	16.524048
57.247475	16.564103
60.025239	16.564103
60.025239	16.589800
62.475217	16.589800
& cycle # 6, chisq = 3345.860625, e = 61.232554
0.000000	14.858280
0.067774	14.858280
0.067774	15.172120
0.260094	15.172120
0.260094	15.243050
0.370858	15.243050
0.370858	15.268967
0.641320	15.268967
0.641320	15.293189
0.921360	15.293189
0.921360	15.307804
1.133834	15.307804
1.133834	15.323781
1.776063	15.323781
1.776063	15.337371
2.410272	15.337371
2.410272	15.345715
2.870487	15.345715
2.870487	15.364697
3.881226	15.364697
3.881226	15.409802
4.493347	15.409802
4.493347	15.446988
4.887249	15.446988
4.887249	15.474813
5.966462	15.474813
5.966462	15.496565
6.961795	15.496565
6.961795	15.509503
7.761667	15.509503
7.761667	15.527078
9.916860	15.527078
9.916860	15.551043
11.637705	15.551043
11.637705	15.570187
12.912882	15.570187
12.912882	15.591619
16.088581	15.591619
16.088581	15.609379
18.414865	15.609379
18.414865	15.621722
20.130724	15.621722
20.130724	15.641669
23.833626	15.641669
23.833626	15.666012
26.164524	15.666012
26.164524	15.682984
27.691106	15.682984
27.691106	15.714746
30.183703	15.714746
30.183703	15.783223
31.392934	15.783223
31.392934	15.843932
32.173540	15.843932
32.173540	15.893300
33.892522	15.893300
33.892522	15.921996
35.295138	15.921996
35.295138	15.936680
36.483381	15.936680
36.483381	15.954766
39.082928	15.954766
39.082928	15.979454
41.002357	15.979454
41.002357	16.005376
42.471118	16.005376
42.471118	16.053185
45.035280	16.053185
45.035280	16.126626
46.741233	16.126626
46.741233	16.186782
48.041493	16.186782
48.041493	16.245685
50.434519	16.245685
50.434519	16.290607
52.391907	16.290607
52.391907	16.316484
54.110519	16.316484
54.110519	16.343387
57.311717	16.343387
57.311717	16.368882
60.054294	16.368882
60.054294	16.385463
62.492386	16.385463
& cycle # 2, chisq = 1713.819730, e = 56.064469
0.000000	14.999159
0.067774	14.999159
0.067774	15.295955
0.260094	15.295955
0.260094	15.359531
0.370858	15.359531
0.370858	15.380568
0.641320	15.380568
0.641320	15.400250
0.921360	15.400250
0.921360	15.412134
1.133834	15.412134
1.133834	15.425135
1.776063	15.425135
1.776063	15.436203
2.410272	15.436203
2.410272	15.443008
2.870487	15.443008
2.870487	15.458503
3.881226	15.458503
3.881226	15.495335
4.493347	15.495335
4.493347	15.525716
4.887249	15.525716
4.887249	15.548480
5.966462	15.548480
5.966462	15.566300
6.961795	15.566300
6.961795	15.576911
7.761667	15.576911
7.761667	15.591338
9.916860	15.591338
9.916860	15.611022
11.637705	15.611022
11.637705	15.626752
12.912882	15.626752
12.912882	15.644372
16.088581	15.644372
16.088581	15.658989
18.414865	15.658989
18.414865	15.669157
20.130724	15.669157
20.130724	15.685597
23.833626	15.685597
23.833626	15.705670
26.164524	15.705670
26.164524	15.719677
27.691106	15.719677
27.691106	15.745908
30.183703	15.745908
30.183703	15.802467
31.392934	15.802467
31.392934	15.852611
32.173540	15.852611
32.173540	15.893388
33.892522	15.893388
33.892522	15.917085
35.295138	15.917085
35.295138	15.929205
36.483381	15.929205
36.483381	15.944120
39.082928	15.944120
39.082928	15.964467
41.002357	15.964467
41.002357	15.985824
42.471118	15.985824
42.471118	16.025204
45.035280	16.025204
45.035280	16.085680
46.741233	16.085680
46.741233	16.135199
48.041493	16.135199
48.041493	16.183656
50.434519	16.183656
50.434519	16.220573
52.391907	16.220573
52.391907	16.241817
54.110519	16.241817
54.110519	16.263889
57.311717	16.263889
57.311717	16.284797
60.054294	16.284797
60.054294	16.298391
62.492386	16.298391
& cycle # 6, chisq = 1165.300665, e = 56.064469
0.000000	14.854286
0.059060	14.854286
0.059060	15.211868
0.224419	15.211868
0.224419	15.282096
0.319835	15.282096
0.319835	15.307416
0.551256	15.307416
0.551256	15.331687
0.790664	15.331687
0.790664	15.346938
0.972491	15.346938
0.972491	15.365128
1.518384	15.365128
1.518384	15.383559
2.068532	15.383559
2.068532	15.394013
2.500516	15.394013
2.500516	15.404040
3.711109	15.404040
3.711109	15.416920
4.699694	15.416920
4.699694	15.433825
5.309428	15.433825
5.309428	15.474505
6.454885	15.474505
6.454885	15.525343
7.258970	15.525343
7.258970	15.544707
7.892909	15.544707
7.892909	15.564222
9.673936	15.564222
9.673936	15.583145
11.271396	15.583145
11.271396	15.593680
12.577807	15.593680
12.577807	15.604151
16.067302	15.604151
16.067302	15.615581
18.626700	15.615581
18.626700	15.626888
20.436257	15.626888
20.436257	15.650327
23.982100	15.650327
23.982100	15.684677
26.054412	15.684677
26.054412	15.705214
27.447596	15.705214
27.447596	15.730910
29.965988	15.730910
29.965988	15.778716
31.332655	15.778716
31.332655	15.828374
32.205578	15.828374
32.205578	15.884436
33.970924	15.884436
33.970924	15.919752
35.357937	15.919752
35.357937	15.934594
36.530737	15.934594
36.530737	15.951958
39.087125	15.951958
39.087125	15.975349
40.985767	15.975349
40.985767	15.999690
42.446644	15.999690
42.446644	16.044132
45.003245	16.044132
45.003245	16.112086
46.718072	16.112086
46.718072	16.168262
48.027827	16.168262
48.027827	16.224034
50.423308	16.224034
50.423308	16.266885
52.381289	16.266885
52.381289	16.291425
54.100609	16.291425
54.100609	16.316719
57.289421	16.316719
57.289421	16.340625
60.024054	16.340625
60.024054	16.356179
62.456326	16.356179
& cycle # 2, chisq = 1521.072041, e = 55.690055
0.000000	14.944582
0.059060	14.944582
0.059060	15.292603
0.224419	15.292603
0.224419	15.358574
0.319835	15.358574
0.319835	15.380980
0.551256	15.380980
0.551256	15.402452
0.790664	15.402452
0.790664	15.415944
0.972491	15.415944
0.972491	15.432035
1.518384	15.432035
1.518384	15.448340
2.068532	15.448340
2.068532	15.457589
2.500516	15.457589
2.500516	15.466465
3.711109	15.466465
3.711109	15.477872
4.699694	15.477872
4.699694	15.492845
5.309428	15.492845
5.309428	15.528878
6.454885	15.528878
6.454885	15.573905
7.258970	15.573905
7.258970	15.591053
7.892909	15.591053
7.892909	15.608331
9.673936	15.608331
9.673936	15.625085
11.271396	15.625085
11.271396	15.634412
12.577807	15.634412
12.577807	15.643681
16.067302	15.643681
16.067302	15.653797
18.626700	15.653797
18.626700	15.663801
20.436257	15.663801
20.436257	15.684537
23.982100	15.684537
23.982100	15.714914
26.054412	15.714914
26.054412	15.733062
27.447596	15.733062
27.447596	15.755738
29.965988	15.755738
29.965988	15.797902
31.332655	15.797902
31.332655	15.841687
32.205578	15.841687
32.205578	15.891088
33.970924	15.891088
33.970924	15.922163
35.357937	15.922163
35.357937	15.935185
36.530737	15.935185
36.530737	15.950379
39.087125	15.950379
39.087125	15.970808
40.985767	15.970808
40.985767	15.992047
42.446644	15.992047
42.446644	16.030804
45.003245	16.030804
45.003245	16.090032
46.718072	16.090032
46.718072	16.138962
48.027827	16.138962
48.027827	16.187483
50.423308	16.187483
50.423308	16.224695
52.381289	16.224695
52.381289	16.245965
54.100609	16.245965
54.100609	16.267864
57.289421	16.267864
57.289421	16.288546
60.024054	16.288546
60.024054	16.301997
62.456326	16.301997
& cycle # 6, chisq = 1169.015934, e = 55.690055
