60.06179947535599
4.4872643805316486
0.5354511036251483
0.4892406291920599
0.3557893087326398
0.24900104491585623
0.2807764964946945
0.24869485791606527
0.17204896402794137
0.15556492381898623
0.2675667097166947
0.14406810515583796
0.16070809913353892
0.31590469730599213
0.0833050921977305
0.08067592003178797
0.12389393898111407
0.07521211198364779
0.11593651739581681
0.18444575008590144
0.1319290821716071
0.13321841480677407
0.11568703657623565
0.13839869772016666
0.15002570790333
0.15813762449065552
0.17099994578115726
0.21701622364536974
0.20597716833442864
0.17966531196402338
0.1592961872339376
0.15792612783417578
0.1129496826003411
0.13191473144392046
0.17157301433701933
0.12338985236021092
0.12740283187485987
0.15111661515454594
0.14259621702201783
0.13995215555139223
0.14547852296444394
0.1525671548555099
0.16042066933414798
0.13185049776611837
0.14554856109525738
0.15534393182799786
0.1160680925750087
0.11443530182592748
0.12924698438316667
0.1418551731494832
0.3357298359579699
0.8146561127283851
0.7298443638276156
1.3229234278292217
1.7806122239857014
1.3790206162981729
2.1576324163626976
4.069887301696834
2.8489515658726288
3.887567940831662
5.985981447400794
7.994559493141739
10.616243140924704
12.16298694904142
11.226376126727372
19.25373878796389
19.227960996878927
14.61267736577383
61.54602818808374