1.9039945909629536e-05
0.01173935110290419
0.01669524806388467
0.020145872809200962
0.027500769283475692
0.0339604730985252
0.03858599762149704
0.04908137910287103
0.0576949713383478
0.06396935253804552
0.07815248231365322
0.08933851140906227
0.0973793466487024
0.11268504239889494
0.12535689932581404
0.13564169402880408
0.1560147123484146
0.17194564276253765
0.18437570546367268
0.20536212807993437
0.21860193433878272
0.227623044378427
0.2417618446084298
0.2512753381387223
0.25794115791507766
0.2700134314292861
0.27918527660759945
0.2867847341640993
0.3048674420356333
0.3238417379641721
0.33997322197481417
0.3705312178030851
0.3892804896203137
0.4021839695714631
0.42254136550836213
0.4401220286829445
0.455619379840274
0.48945806180504897
0.5166262359756848
0.5378744996836925
0.5822687249686107
0.6128521858154694
0.6357961366570513
0.7095152986553147
0.7616200709300408
0.798447030101738
0.897992726636098
0.9520430742107762
0.9745139963165035
0.9910754303454894
0.993803690765009
0.9948416720127514
0.9960512622708985
0.9968116120456669
0.9973270428395126
0.9980654122409106
0.9984607340930606
0.9986923113007061
0.9990941860050184
0.9993402705209967
0.9994736062996494
0.9995791168552488
0.9996754175352892
0.9997568887796375
0.999830318278631
0.9998807989676727
0.9999246189247402
0.9999818637463588
0.999999999