10.000000	416.987513
9.833000	412.970916
9.771000	408.963751
9.707000	404.924238
9.612000	400.909284
9.284000	396.887404
9.211000	392.820864
9.161000	388.806173
9.119000	384.723432
9.082000	380.652691
9.048000	376.587697
9.016000	372.549011
8.985000	368.508000
8.954000	364.403085
8.923000	360.291117
8.892000	356.226806
8.860000	352.140697
8.827000	348.107982
8.792000	344.099373
8.753000	340.025182
8.709000	335.985282
8.656000	331.959246
8.582000	327.920515
8.221000	323.919968
8.076000	319.904499
8.008000	315.837000
7.958000	311.823613
7.916000	307.767287
7.879000	303.677278
7.846000	299.633115
7.815000	295.512831
7.786000	291.399064
7.759000	287.365391
7.733000	283.315264
7.708000	279.284575
7.683000	275.135948
7.659000	271.056389
7.635000	266.895841
7.612000	262.846246
7.589000	258.749994
7.566000	254.622673
7.543000	250.480970
7.520000	246.342073
7.497000	242.222903
7.474000	238.139349
7.451000	234.105722
7.427000	229.963460
7.403000	225.901472
7.378000	221.767327
7.353000	217.743608
7.327000	213.688397
7.300000	209.630992
7.272000	205.604807
7.242000	201.514213
7.210000	197.423874
7.176000	193.401925
7.138000	189.310505
7.096000	185.281386
7.047000	181.217771
6.988000	177.201555
6.908000	173.197450
6.748000	169.194728
6.036000	165.192797
5.353000	161.178921
5.226000	157.138115
5.157000	153.067788
5.106000	149.045287
5.062000	144.979811
5.022000	140.925357
4.984000	136.833884
4.948000	132.758314
4.914000	128.698045
4.882000	124.631669
4.852000	120.544553
4.824000	116.443910
4.798000	112.361609
4.774000	108.348545
4.751000	104.284342
4.729000	100.207184
0.000000	0.000000
& cycle # 1, chisq = 10884.063378, e = 28.125688
10.000000	381.321742
9.974000	377.310176
9.776000	373.304507
9.595000	369.301742
9.171000	365.296650
9.071000	361.263095
8.997000	357.228716
8.931000	353.227344
8.866000	349.220168
8.796000	345.182177
8.712000	341.163072
8.574000	337.150133
8.136000	333.120939
8.049000	329.084191
7.990000	325.057470
7.942000	320.979321
7.901000	316.920802
7.864000	312.809436
7.831000	308.798400
7.800000	304.755727
7.771000	300.755199
7.743000	296.713602
7.716000	292.669041
7.690000	288.654104
7.664000	284.536483
7.639000	280.494554
7.614000	276.386296
7.589000	272.227943
7.565000	268.205634
7.541000	264.171322
7.517000	260.143084
7.493000	256.138719
7.468000	252.010811
7.443000	247.943621
7.417000	243.793728
7.391000	239.739333
7.364000	235.643808
7.336000	231.534917
7.307000	227.444726
7.277000	223.410193
7.245000	219.349612
7.211000	215.333209
7.174000	211.331683
7.132000	207.268299
7.084000	203.244899
7.026000	199.241315
6.947000	195.228087
6.771000	191.226602
6.305000	187.199699
6.205000	183.174475
6.131000	179.129299
6.069000	175.095688
6.014000	171.046555
5.964000	167.012903
5.917000	162.973639
5.872000	158.953070
5.828000	154.940806
5.784000	150.891667
5.740000	146.828403
5.696000	142.767905
5.652000	138.740924
5.607000	134.713833
5.560000	130.684610
5.510000	126.670443
5.455000	122.609577
5.395000	118.567720
5.329000	114.551041
5.252000	110.547564
5.146000	106.536779
4.991000	102.532548
0.000000	0.000000
& cycle # 2, chisq = 10969.810737, e = 28.125688
10.000000	312.858440
9.309000	308.858324
8.963000	304.842369
8.376000	300.839967
8.137000	296.808463
8.041000	292.799936
7.970000	288.755636
7.911000	284.685556
7.860000	280.685097
7.813000	276.635772
7.769000	272.551754
7.728000	268.511543
7.689000	264.484889
7.651000	260.422183
7.614000	256.367956
7.578000	252.358774
7.542000	248.308473
7.506000	244.235277
7.470000	240.157233
7.434000	236.095998
7.398000	232.077795
7.361000	228.022345
7.323000	223.964110
7.284000	219.933847
7.243000	215.859040
7.200000	211.775132
7.155000	207.724207
7.107000	203.679655
7.055000	199.651294
6.997000	195.609612
6.931000	191.568281
6.854000	187.546889
6.758000	183.526524
6.624000	179.525565
6.391000	175.523630
5.940000	171.515017
5.686000	167.513055
5.557000	163.475601
5.467000	159.427532
5.398000	155.368713
5.343000	151.331600
5.296000	147.248905
5.255000	143.221043
5.217000	139.123721
5.182000	135.042841
5.150000	131.027874
5.120000	126.968753
5.092000	122.863073
5.066000	118.718013
5.042000	114.558801
5.020000	110.430427
5.000000	106.393995
4.981000	102.298117
0.000000	0.000000
& cycle # 3, chisq = 10912.695052, e = 28.125688
10.000000	485.826491
9.465000	481.826418
9.352000	477.802646
9.298000	473.788349
9.258000	469.721068
9.225000	465.604897
9.197000	461.560985
9.172000	457.524731
9.149000	453.461281
9.127000	449.265294
9.107000	445.193464
9.088000	441.104516
9.070000	437.040006
9.053000	433.039337
9.036000	428.890851
9.020000	424.860653
9.004000	420.717743
8.988000	416.471141
8.973000	412.403587
8.958000	408.259621
8.943000	404.046123
8.928000	399.770038
8.914000	395.728918
8.900000	391.645783
8.886000	387.527275
8.872000	383.380459
8.858000	379.212744
8.844000	375.031741
8.830000	370.845092
8.816000	366.660274
8.802000	362.484445
8.788000	358.324325
8.774000	354.186154
8.760000	350.075709
8.746000	345.998385
8.732000	341.959307
8.717000	337.679825
8.702000	333.456068
8.687000	329.294201
8.672000	325.200488
8.657000	321.181239
8.641000	316.983130
8.625000	312.884066
8.608000	308.644773
8.591000	304.531808
8.573000	300.321028
8.555000	296.263756
8.536000	292.151991
8.516000	288.017018
8.495000	283.891550
8.473000	279.809930
8.450000	275.808335
8.425000	271.769285
8.397000	267.631135
8.366000	263.521915
8.331000	259.464269
8.290000	255.455567
8.238000	251.428990
8.162000	247.393448
7.723000	243.388895
7.481000	239.374134
7.330000	235.361940
7.159000	231.347106
6.612000	227.338619
6.504000	223.309893
6.441000	219.283666
6.393000	215.196218
6.354000	211.132178
6.321000	207.119800
6.291000	202.984309
6.264000	198.847614
6.240000	194.832060
6.217000	190.680449
6.196000	186.628268
6.176000	182.535364
6.157000	178.434450
6.139000	174.356572
6.122000	170.331141
6.105000	166.134455
6.089000	162.026078
6.073000	157.761848
6.058000	153.620834
6.043000	149.339713
6.029000	145.216683
6.015000	140.970273
6.002000	136.916729
5.989000	132.757268
5.976000	128.492740
5.964000	124.464087
5.952000	120.348277
5.940000	116.146852
5.928000	111.861565
5.917000	107.861344
5.906000	103.793804
0.000000	0.000000
& cycle # 4, chisq = 11112.734480, e = 28.125688
10.000000	353.620797
9.957000	349.563338
9.909000	345.490850
9.851000	341.439312
9.767000	337.427321
9.289000	333.421146
9.066000	329.402266
8.767000	325.397605
8.268000	321.371132
8.171000	317.357008
8.101000	313.305987
8.044000	309.274103
7.994000	305.187710
7.950000	301.175770
7.909000	297.111104
7.871000	293.090121
7.835000	289.078045
7.800000	285.004886
7.766000	280.898722
7.733000	276.786789
7.701000	272.697681
7.670000	268.660696
7.639000	264.570771
7.608000	260.448815
7.578000	256.446499
7.548000	252.444512
7.517000	248.320941
7.486000	244.220449
7.455000	240.155665
7.424000	236.141850
7.392000	232.070500
7.359000	227.968758
7.325000	223.864677
7.290000	219.783935
7.254000	215.748206
7.216000	211.671747
7.176000	207.591061
7.134000	203.551150
7.089000	199.520438
7.040000	195.500523
6.985000	191.447987
6.923000	187.430032
6.850000	183.389555
6.760000	179.382224
6.634000	175.358355
6.413000	171.353337
5.835000	167.345856
5.551000	163.331482
5.416000	159.302783
5.328000	155.268718
5.261000	151.230350
5.204000	147.170220
5.154000	143.124827
5.110000	139.081095
5.072000	135.080799
5.038000	130.976275
5.008000	126.858145
4.981000	122.708653
4.957000	118.652224
4.935000	114.631364
4.914000	110.534707
4.894000	106.414452
4.875000	102.319928
0.000000	0.000000
& cycle # 5, chisq = 10899.675102, e = 28.125688
10.000000	416.987513
9.795000	412.968904
9.275000	408.958903
9.094000	404.937676
8.899000	400.936997
8.390000	396.916803
8.296000	392.896671
8.234000	388.878476
8.185000	384.840496
8.143000	380.757407
8.106000	376.687941
8.072000	372.562794
8.041000	368.483329
8.012000	364.396814
7.985000	360.364263
7.959000	356.283089
7.934000	352.187385
7.910000	348.109698
7.887000	344.079613
7.864000	339.940906
7.842000	335.889990
7.820000	331.757424
7.799000	327.743750
7.778000	323.669624
7.757000	319.542232
7.736000	315.369528
7.716000	311.361576
7.696000	307.329203
7.676000	303.281610
7.656000	299.228307
7.636000	295.178709
7.616000	291.141753
7.596000	287.125591
7.575000	282.938891
7.554000	278.790360
7.533000	274.686420
7.512000	270.633006
7.490000	266.447157
7.468000	262.330279
7.446000	258.290033
7.423000	254.156997
7.400000	250.126384
7.376000	246.039884
7.351000	241.922843
7.325000	237.801473
7.298000	233.701669
7.270000	229.648165
7.240000	225.530996
7.209000	221.522626
7.175000	217.414863
7.139000	213.397426
7.099000	209.338811
7.054000	205.283325
7.002000	201.249711
6.939000	197.225673
6.857000	193.224673
6.725000	189.218055
5.671000	185.214096
5.490000	181.211212
5.401000	177.194162
5.340000	173.173369
5.292000	169.133969
5.251000	165.053084
5.215000	160.994691
5.182000	156.873649
5.152000	152.762974
5.125000	148.722074
5.100000	144.642753
5.077000	140.556143
5.056000	136.506547
5.036000	132.335499
5.018000	128.297315
5.001000	124.221553
4.985000	120.144471
4.970000	116.105899
4.955000	111.857338
4.941000	107.704544
4.928000	103.689849
0.000000	0.000000
& cycle # 1, chisq = 9206.029151, e = 29.997552
10.000000	381.321742
9.634000	377.316092
9.161000	373.310089
9.026000	369.290755
8.888000	365.268986
8.388000	361.265078
8.217000	357.243160
8.138000	353.202085
8.080000	349.187481
8.032000	345.161508
7.990000	341.104490
7.952000	337.009877
7.917000	332.899092
7.885000	328.875336
7.854000	324.753883
7.825000	320.713721
7.797000	316.655267
7.770000	312.605614
7.744000	308.590325
7.718000	304.474056
7.693000	300.434636
7.668000	296.330504
7.643000	292.177551
7.619000	288.159384
7.595000	284.123637
7.571000	280.081791
7.547000	276.043881
7.523000	272.018919
7.499000	268.015577
7.474000	263.878181
7.449000	259.785304
7.424000	255.749345
7.398000	251.626459
7.372000	247.594017
7.345000	243.516510
7.317000	239.419342
7.288000	235.327399
7.258000	231.264364
7.227000	227.253180
7.194000	223.198065
7.159000	219.147348
7.121000	215.053204
7.080000	211.004972
7.034000	206.928362
6.982000	202.900555
6.920000	198.849507
6.843000	194.849323
6.731000	190.840659
6.416000	186.839735
5.503000	182.825675
5.392000	178.784609
5.323000	174.737379
5.271000	170.718873
5.227000	166.648021
5.189000	162.625062
5.155000	158.586995
5.124000	154.480947
5.096000	150.353279
5.071000	146.267609
5.048000	142.122638
5.027000	137.975877
5.008000	133.900270
4.990000	129.739040
4.973000	125.531767
4.957000	121.322473
4.942000	117.156997
4.928000	113.080684
4.914000	108.827017
4.901000	104.723723
4.888000	100.478590
0.000000	0.000000
& cycle # 2, chisq = 9212.213129, e = 29.997552
10.000000	312.858440
9.429000	308.858239
8.292000	304.857029
8.063000	300.851305
7.952000	296.815294
7.869000	292.775711
7.799000	288.727206
7.737000	284.669214
7.681000	280.648252
7.628000	276.580566
7.578000	272.558400
7.529000	268.476120
7.482000	264.450663
7.436000	260.430258
7.390000	256.365107
7.344000	252.297081
7.298000	248.262269
7.251000	244.197089
7.203000	240.119165
7.154000	236.051209
7.104000	232.030634
7.052000	228.028494
6.997000	224.023251
6.938000	219.990633
6.875000	215.977337
6.806000	211.943031
6.729000	207.922864
6.641000	203.920380
6.538000	199.904436
6.412000	195.892841
6.252000	191.883287
6.050000	187.869590
5.830000	183.852920
5.636000	179.839676
5.486000	175.834138
5.366000	171.798708
5.272000	167.758170
5.190000	163.724108
5.116000	159.694946
5.053000	155.645358
5.002000	151.636576
4.959000	147.612775
4.921000	143.562643
4.886000	139.480362
4.853000	135.397324
4.821000	131.288148
4.790000	127.211689
4.760000	123.196273
4.730000	119.109117
4.701000	115.073444
4.672000	110.932024
4.644000	106.813724
4.617000	102.720162
0.000000	0.000000
& cycle # 3, chisq = 9287.321311, e = 29.997552
10.000000	485.826491
9.994000	481.767758
9.987000	477.457901
9.979000	473.054734
9.970000	468.702750
9.960000	464.529720
9.948000	460.334396
9.933000	456.153740
9.913000	452.052371
9.881000	448.040551
9.361000	444.032600
9.220000	440.031722
9.158000	435.959044
9.113000	431.929744
9.076000	427.913518
9.043000	423.805495
9.013000	419.666546
8.986000	415.639394
8.960000	411.515379
8.936000	407.514576
8.912000	403.347532
8.889000	399.218767
8.867000	395.166921
8.845000	391.037564
8.823000	386.854503
8.802000	382.833273
8.781000	378.804233
8.760000	374.785339
8.738000	370.603945
8.716000	366.469816
8.694000	362.400763
8.671000	358.236066
8.648000	354.183508
8.624000	350.096715
8.599000	346.016703
8.573000	341.986754
8.545000	337.909557
8.515000	333.859896
8.482000	329.800138
8.445000	325.753559
8.402000	321.734220
8.348000	317.720021
8.268000	313.719966
7.857000	309.718864
7.728000	305.679346
7.656000	301.666313
7.600000	297.603702
7.553000	293.567663
7.511000	289.513359
7.472000	285.411439
7.436000	281.371540
7.402000	277.359690
7.369000	273.306521
7.337000	269.249060
7.306000	265.223512
7.275000	261.132410
7.244000	257.006313
7.213000	252.876349
7.182000	248.771470
7.151000	244.716598
7.119000	240.605240
7.087000	236.588630
7.054000	232.565483
7.019000	228.454702
6.983000	224.423626
6.945000	220.419378
6.903000	216.329167
6.857000	212.282135
6.805000	208.262957
6.743000	204.231563
6.663000	200.228136
6.524000	196.227113
5.969000	192.225959
5.845000	188.201681
5.760000	184.200762
5.691000	180.154411
5.632000	176.113081
5.579000	172.087772
5.529000	168.028605
5.482000	164.027700
5.436000	159.940252
5.392000	155.852689
5.350000	151.784158
5.309000	147.686344
5.269000	143.632172
5.229000	139.598341
5.188000	135.542684
5.146000	131.477051
5.104000	127.439083
5.063000	123.415779
5.024000	119.409626
4.987000	115.385815
4.952000	111.373928
4.918000	107.327700
4.884000	103.210894
0.000000	0.000000
& cycle # 4, chisq = 9259.193456, e = 29.997552
10.000000	353.620797
9.600000	349.614539
9.036000	345.598178
8.828000	341.595712
8.245000	337.590962
8.125000	333.547389
8.050000	329.491851
7.992000	325.462172
7.943000	321.434173
7.899000	317.348570
7.859000	313.275422
7.822000	309.224134
7.787000	305.156145
7.754000	301.124090
7.722000	297.047555
7.691000	292.960875
7.661000	288.898429
7.632000	284.891903
7.603000	280.827088
7.574000	276.721538
7.545000	272.590235
7.517000	268.589288
7.489000	264.588138
7.460000	260.457405
7.431000	256.356274
7.402000	252.302916
7.372000	248.180064
7.342000	244.147795
7.311000	240.093168
7.279000	236.040556
7.246000	232.012457
7.211000	227.916458
7.175000	223.902627
7.137000	219.899365
7.096000	215.868707
7.051000	211.809937
7.001000	207.756704
6.944000	203.702619
6.877000	199.656906
6.794000	195.654691
6.674000	191.642571
6.405000	187.638792
5.589000	183.622395
5.438000	179.602256
5.352000	175.595204
5.290000	171.568015
5.239000	167.494427
5.195000	163.431644
5.156000	159.370041
5.121000	155.280816
5.090000	151.219399
5.062000	147.114630
5.037000	143.037207
5.014000	138.898625
4.993000	134.769031
4.974000	130.730856
4.956000	126.636135
4.939000	122.529808
4.923000	118.457795
4.907000	114.192420
4.892000	110.026585
4.878000	106.000812
4.864000	101.850092
0.000000	0.000000
& cycle # 5, chisq = 9225.974194, e = 29.997552
10.000000	416.987513
9.809000	412.984714
9.716000	408.977694
9.360000	404.975536
9.195000	400.969766
9.108000	396.944354
9.034000	392.924295
8.961000	388.905903
8.880000	384.905077
8.768000	380.900532
8.326000	376.881307
8.225000	372.869843
8.164000	368.869017
8.117000	364.865489
8.077000	360.799463
8.042000	356.747593
8.010000	352.652066
7.981000	348.630952
7.953000	344.480960
7.927000	340.401968
7.902000	336.284611
7.878000	332.161798
7.855000	328.065205
7.833000	324.024948
7.811000	319.878298
7.790000	315.833466
7.769000	311.716580
7.748000	307.539964
7.728000	303.517504
7.708000	299.461101
7.688000	295.379624
7.668000	291.281436
7.648000	287.174672
7.628000	283.067563
7.608000	278.968713
7.588000	274.887276
7.568000	270.832954
7.548000	266.815842
7.527000	262.649054
7.506000	258.545917
7.485000	254.516979
7.463000	250.385886
7.441000	246.355406
7.418000	242.257180
7.394000	238.113679
7.370000	234.112123
7.345000	230.100980
7.318000	225.956530
7.290000	221.873386
7.260000	217.752133
7.228000	213.656465
7.194000	209.652869
7.156000	205.603459
7.113000	201.548453
7.063000	197.499917
7.002000	193.462396
6.920000	189.456436
6.768000	185.456005
5.598000	181.452227
5.477000	177.441135
5.404000	173.403131
5.348000	169.380713
5.301000	165.311259
5.261000	161.259366
5.226000	157.197506
5.195000	153.157824
5.167000	149.142877
5.141000	145.115812
5.116000	140.999121
5.092000	136.856762
5.069000	132.749126
5.047000	128.727298
5.025000	124.643426
5.003000	120.519481
4.981000	116.368977
4.959000	112.195985
4.938000	108.187117
4.917000	104.142186
4.896000	100.045630
0.000000	0.000000
& cycle # 1, chisq = 8857.164311, e = 29.582571
10.000000	381.321742
9.994000	377.157698
9.987000	372.570726
9.980000	368.267173
9.973000	364.231603
9.965000	359.925273
9.956000	355.448255
9.947000	351.339464
9.937000	347.176199
9.926000	343.043886
9.914000	339.022079
9.900000	334.913164
9.884000	330.907004
9.864000	326.792517
9.838000	322.671605
9.800000	318.598591
9.711000	314.582548
9.270000	310.563238
9.087000	306.549798
8.853000	302.538043
8.026000	298.537663
7.856000	294.523385
7.749000	290.490075
7.667000	286.486400
7.597000	282.440015
7.535000	278.391626
7.479000	274.359362
7.427000	270.302997
7.378000	266.233323
7.332000	262.229380
7.287000	258.168988
7.243000	254.079484
7.201000	250.079366
7.159000	246.004455
7.118000	241.983278
7.077000	237.954774
7.036000	233.953253
6.994000	229.910060
6.951000	225.850019
6.907000	221.798614
6.862000	217.791470
6.814000	213.714200
6.763000	209.661884
6.707000	205.597308
6.644000	201.537245
6.571000	197.531839
6.476000	193.517970
6.295000	189.511527
5.793000	185.479121
5.701000	181.445975
5.638000	177.426696
5.588000	173.387853
5.546000	169.330733
5.510000	165.328538
5.477000	161.222831
5.447000	157.133749
5.419000	153.023787
5.393000	148.965827
5.368000	144.852517
5.344000	140.710958
5.321000	136.561491
5.299000	132.419908
5.278000	128.300139
5.258000	124.216637
5.239000	120.185968
5.220000	116.003503
5.202000	111.900298
5.184000	107.662969
5.167000	103.544293
0.000000	0.000000
& cycle # 2, chisq = 8919.537795, e = 29.582571
10.000000	312.858440
9.363000	308.858102
8.876000	304.849347
8.157000	300.843952
8.013000	296.808447
7.922000	292.788976
7.850000	288.780539
7.788000	284.773369
7.732000	280.726871
7.681000	276.715174
7.633000	272.697772
7.587000	268.670897
7.542000	264.595959
7.498000	260.503378
7.455000	256.421193
7.413000	252.382816
7.371000	248.329062
7.329000	244.295407
7.286000	240.215239
7.243000	236.203187
7.199000	232.181424
7.154000	228.173512
7.107000	224.130392
7.058000	220.106966
7.006000	216.080000
6.950000	212.030149
6.890000	208.012925
6.824000	203.984285
6.749000	199.934754
6.662000	195.927667
6.557000	191.926243
6.420000	187.906207
6.223000	183.889646
5.930000	179.877623
5.635000	175.860732
5.438000	171.854288
5.305000	167.829575
5.204000	163.808365
5.117000	159.760709
5.047000	155.700023
4.993000	151.682765
4.948000	147.594173
4.909000	143.513973
4.874000	139.494956
4.841000	135.470286
4.809000	131.408975
4.778000	127.360356
4.748000	123.344581
4.718000	119.222287
4.689000	115.114992
4.661000	111.012806
4.634000	106.913556
4.608000	102.825193
0.000000	0.000000
& cycle # 3, chisq = 8922.954212, e = 29.582571
10.000000	485.826491
9.920000	481.790252
9.813000	477.779172
9.361000	473.779028
9.216000	469.753198
9.082000	465.743591
8.622000	461.742676
8.467000	457.715645
8.398000	453.674227
8.348000	449.643731
8.307000	445.590486
8.272000	441.568441
8.241000	437.559954
8.212000	433.426862
8.186000	429.409155
8.161000	425.273820
8.138000	421.240541
8.116000	417.183964
8.095000	413.136169
8.075000	409.126369
8.055000	404.970033
8.036000	400.890045
8.017000	396.686620
7.999000	392.595483
7.981000	388.403929
7.964000	384.358773
7.947000	380.235775
7.930000	376.041492
7.914000	372.034965
7.898000	367.977190
7.882000	363.873899
7.866000	359.730619
7.850000	355.552596
7.834000	351.344768
7.818000	347.111809
7.802000	342.858206
7.787000	338.855637
7.772000	334.842501
7.757000	330.822629
7.742000	326.800057
7.727000	322.779069
7.712000	318.764193
7.697000	314.760177
7.681000	310.506704
7.665000	306.277140
7.649000	302.077390
7.633000	297.913118
7.617000	293.789619
7.601000	289.711719
7.585000	285.683731
7.568000	281.462930
7.551000	277.306770
7.534000	273.218809
7.517000	269.202318
7.499000	265.030963
7.481000	260.947037
7.462000	256.735419
7.443000	252.630453
7.423000	248.430194
7.403000	244.359553
7.382000	240.230917
7.360000	236.071511
7.337000	231.909677
7.313000	227.773967
7.288000	223.692276
7.262000	219.691287
7.234000	215.657259
7.204000	211.645853
7.171000	207.597967
7.134000	203.506026
7.092000	199.421801
7.043000	195.382531
6.982000	191.360596
6.897000	187.342589
6.722000	183.334901
5.503000	179.330229
5.389000	175.281706
5.322000	171.262557
5.271000	167.200449
5.229000	163.189616
5.192000	159.152446
5.159000	155.123689
5.129000	151.060126
5.102000	147.017956
5.077000	142.892908
5.054000	138.724181
5.033000	134.567904
5.014000	130.494626
4.996000	126.345704
4.979000	122.159409
4.963000	117.978440
4.948000	113.847376
4.934000	109.810401
4.920000	105.603512
4.907000	101.550859
0.000000	0.000000
& cycle # 4, chisq = 8845.011726, e = 29.582571
10.000000	353.620797
9.580000	349.615808
9.056000	345.608822
8.862000	341.606473
8.276000	337.589795
8.146000	333.576860
8.069000	329.552707
8.010000	325.538887
7.960000	321.476641
7.916000	317.409528
7.876000	313.335078
7.839000	309.267600
7.804000	305.171472
7.771000	301.100356
7.739000	296.971797
7.709000	292.954659
7.680000	288.953948
7.651000	284.857187
7.623000	280.829446
7.595000	276.748114
7.567000	272.628300
7.539000	268.482940
7.512000	264.472325
7.485000	260.459286
7.458000	256.455547
7.430000	252.327795
7.402000	248.241351
7.374000	244.213582
7.345000	240.121206
7.315000	235.988576
7.285000	231.971066
7.254000	227.950006
7.222000	223.945896
7.188000	219.863488
7.153000	215.857955
7.116000	211.857133
7.076000	207.821340
7.032000	203.745504
6.984000	199.735403
6.929000	195.678791
6.865000	191.641452
6.786000	187.624911
6.674000	183.597549
6.442000	179.591131
5.414000	175.590537
5.276000	171.577804
5.190000	167.534949
5.124000	163.497339
5.072000	159.449896
5.030000	155.363643
4.995000	151.250643
4.965000	147.148679
4.939000	143.147588
4.915000	139.093772
4.893000	135.090193
4.872000	131.031365
4.852000	126.968834
4.833000	122.946639
4.814000	118.777832
4.796000	114.700811
4.778000	110.503436
4.761000	106.429009
4.744000	102.245044
0.000000	0.000000
& cycle # 5, chisq = 8872.392000, e = 29.582571
10.000000	416.987513
9.910000	412.980436
9.861000	408.915628
9.818000	404.887095
9.774000	400.811422
9.724000	396.745415
9.656000	392.724578
9.333000	388.719133
9.231000	384.675324
9.171000	380.603869
9.123000	376.524380
9.081000	372.447340
9.043000	368.440162
9.006000	364.345966
8.970000	360.273809
8.934000	356.196731
8.898000	352.188399
8.860000	348.112416
8.820000	344.086295
8.776000	340.070947
8.725000	336.052351
8.660000	331.999301
8.555000	327.994692
8.142000	323.988966
8.052000	319.959592
7.993000	315.934710
7.946000	311.907471
7.906000	307.902089
7.870000	303.848513
7.837000	299.773494
7.806000	295.652753
7.777000	291.563515
7.749000	287.422328
7.722000	283.269348
7.696000	279.138988
7.671000	275.060475
7.647000	271.058985
7.623000	266.985709
7.599000	262.854259
7.575000	258.679799
7.552000	254.654281
7.529000	250.619937
7.506000	246.592259
7.483000	242.586050
7.459000	238.443112
7.435000	234.351605
7.411000	230.322979
7.386000	226.204075
7.361000	222.174514
7.335000	218.089528
7.308000	213.974284
7.280000	209.858088
7.251000	205.774095
7.221000	201.757849
7.189000	197.722732
7.154000	193.614592
7.116000	189.519184
7.074000	185.429543
7.027000	181.385350
6.972000	177.351708
6.903000	173.320688
6.804000	169.314033
6.534000	165.311995
5.486000	161.306920
5.391000	157.301225
5.326000	153.293372
5.275000	149.243564
5.233000	145.154442
5.198000	141.135701
5.167000	137.076140
5.139000	133.005730
5.113000	128.903584
5.089000	124.870498
5.066000	120.814306
5.044000	116.787142
5.022000	112.639193
5.001000	108.582527
4.980000	104.438405
4.960000	100.409856
0.000000	0.000000
& cycle # 1, chisq = 8958.308790, e = 27.436344
10.000000	381.321742
9.997000	377.157437
9.993000	371.872145
9.989000	366.877822
9.985000	362.164085
9.981000	357.719308
9.977000	353.530409
9.972000	348.634160
9.967000	344.093648
9.962000	339.888003
9.956000	335.256633
9.950000	331.049023
9.943000	326.634899
9.935000	322.184633
9.926000	317.856960
9.916000	313.792903
9.903000	309.521374
9.886000	305.363178
9.860000	301.347640
9.659000	297.339436
9.475000	293.336199
9.079000	289.318921
8.994000	285.313317
8.931000	281.252389
8.877000	277.174161
8.828000	273.143979
8.781000	269.136659
8.734000	265.125968
8.685000	261.063379
8.633000	257.019452
8.575000	252.997446
8.505000	248.992716
8.405000	244.983731
7.888000	240.975921
7.699000	236.972434
7.572000	232.959409
7.451000	228.956877
7.302000	224.940931
6.726000	220.935840
6.573000	216.926779
6.489000	212.888396
6.425000	208.867128
6.371000	204.834264
6.323000	200.753436
6.280000	196.711815
6.240000	192.652431
6.202000	188.565766
6.166000	184.524041
6.131000	180.466351
6.097000	176.425590
6.063000	172.303640
6.030000	168.239520
5.997000	164.130250
5.965000	160.124915
5.932000	156.003485
5.899000	151.926529
5.865000	147.809532
5.831000	143.808520
5.795000	139.721779
5.758000	135.694811
5.719000	131.647526
5.678000	127.622693
5.634000	123.595317
5.585000	119.524393
5.529000	115.481081
5.461000	111.465705
5.371000	107.455910
5.214000	103.453384
0.000000	0.000000
& cycle # 2, chisq = 9166.480082, e = 27.436344
10.000000	312.858440
9.334000	308.854985
9.037000	304.837069
8.830000	300.835170
8.224000	296.824604
8.098000	292.796758
8.018000	288.767805
7.955000	284.718637
7.901000	280.645054
7.853000	276.593467
7.809000	272.552201
7.768000	268.523907
7.729000	264.475939
7.692000	260.464691
7.656000	256.431269
7.621000	252.416330
7.586000	248.336574
7.552000	244.332786
7.518000	240.306013
7.484000	236.271937
7.450000	232.248345
7.415000	228.140176
7.380000	224.092687
7.344000	220.020358
7.307000	215.955035
7.269000	211.924220
7.229000	207.851283
7.187000	203.773362
7.143000	199.736263
7.096000	195.715394
7.044000	191.646682
6.986000	187.590697
6.920000	183.565266
6.842000	179.559852
6.742000	175.556838
6.592000	171.551277
6.237000	167.549080
5.672000	163.538341
5.498000	159.517134
5.394000	155.477014
5.321000	151.436652
5.263000	147.402004
5.213000	143.366901
5.168000	139.294640
5.128000	135.258118
5.092000	131.185047
5.060000	127.110679
5.031000	122.966921
5.005000	118.833692
4.982000	114.820946
4.960000	110.659535
4.940000	106.603870
4.921000	102.519008
0.000000	0.000000
& cycle # 3, chisq = 8983.557716, e = 27.436344
10.000000	485.826491
9.987000	481.775986
9.970000	477.586168
9.947000	473.498787
9.908000	469.489576
9.364000	465.482101
9.262000	461.479820
9.206000	457.411752
9.164000	453.324719
9.129000	449.201854
9.099000	445.133394
9.072000	441.047263
9.047000	436.912203
9.024000	432.821135
9.002000	428.663911
8.981000	424.485462
8.961000	420.325920
8.942000	416.220965
8.924000	412.202589
8.906000	408.067026
8.889000	404.062519
8.872000	399.971813
8.855000	395.805451
8.838000	391.574710
8.822000	387.544406
8.806000	383.476911
8.790000	379.381434
8.774000	375.266681
8.758000	371.140848
8.742000	367.011739
8.726000	362.886965
8.710000	358.774162
8.694000	354.681176
8.678000	350.616160
8.662000	346.587556
8.645000	342.356679
8.628000	338.186851
8.611000	334.087892
8.594000	330.068882
8.576000	325.909593
8.558000	321.857329
8.539000	317.703816
8.520000	313.684432
8.500000	309.605187
8.479000	305.496569
8.457000	301.392093
8.434000	297.328467
8.409000	293.185056
8.382000	289.039991
8.353000	284.976076
8.321000	280.957984
8.284000	276.908234
8.240000	272.887753
8.183000	268.877022
8.090000	264.866594
7.650000	260.853488
7.539000	256.812615
7.467000	252.762326
7.409000	248.711662
7.359000	244.691039
7.314000	240.690276
7.272000	236.675301
7.232000	232.651619
7.193000	228.592912
7.155000	224.554823
7.117000	220.472554
7.079000	216.380067
7.041000	212.312305
7.003000	208.309112
6.963000	204.213940
6.922000	200.195846
6.878000	196.138103
6.831000	192.137080
6.778000	188.071930
6.717000	184.016579
6.642000	180.010980
6.527000	175.989405
6.015000	171.981295
5.893000	167.977343
5.819000	163.921803
5.762000	159.853196
5.715000	155.808545
5.674000	151.732971
5.638000	147.727864
5.605000	143.718363
5.574000	139.676028
5.545000	135.669551
5.517000	131.606292
5.490000	127.511247
5.464000	123.402243
5.439000	119.293105
5.415000	115.197073
5.392000	111.129400
5.370000	107.108604
5.348000	102.965462
0.000000	0.000000
& cycle # 4, chisq = 9035.051410, e = 27.436344
10.000000	353.620797
9.951000	349.560064
9.898000	345.560029
9.833000	341.538981
9.732000	337.514962
9.171000	333.510426
8.540000	329.510017
8.308000	325.508191
8.215000	321.472260
8.148000	317.451056
8.093000	313.437972
8.045000	309.412294
8.002000	305.392409
7.962000	301.311634
7.925000	297.263229
7.890000	293.214721
7.856000	289.099874
7.824000	285.079828
7.793000	281.061677
7.762000	276.933087
7.732000	272.844857
7.703000	268.820484
7.674000	264.741793
7.645000	260.627262
7.616000	256.495207
7.587000	252.361941
7.558000	248.240828
7.529000	244.142595
7.500000	240.076684
7.471000	236.052984
7.441000	231.947348
7.411000	227.914448
7.380000	223.840837
7.348000	219.753545
7.315000	215.679429
7.281000	211.642630
7.245000	207.552812
7.208000	203.551022
7.168000	199.460694
7.126000	195.441612
7.080000	191.381786
7.029000	187.312674
6.972000	183.292232
6.906000	179.281876
6.826000	175.271255
6.719000	171.254107
6.544000	167.249015
5.874000	163.245702
5.501000	159.238790
5.364000	155.207484
5.278000	151.182184
5.211000	147.182061
5.153000	143.108791
5.104000	139.084642
5.062000	135.017387
5.026000	130.923603
4.995000	126.859838
4.967000	122.720804
4.942000	118.641580
4.919000	114.578437
4.897000	110.431787
4.876000	106.257574
4.856000	102.106439
0.000000	0.000000
& cycle # 5, chisq = 8974.009920, e = 27.436344
10.000000	416.987513
9.893000	412.970332
9.847000	408.906639
9.808000	404.877363
9.770000	400.833371
9.730000	396.821330
9.683000	392.778322
9.617000	388.777368
9.304000	384.756230
9.212000	380.694879
9.157000	376.627312
9.114000	372.626031
9.076000	368.547660
9.042000	364.531604
9.010000	360.503759
8.979000	356.437750
8.949000	352.405779
8.919000	348.329338
8.889000	344.258570
8.859000	340.245930
8.828000	336.217545
8.795000	332.122082
8.760000	328.054667
8.722000	324.013912
8.679000	319.964513
8.628000	315.941186
8.559000	311.895758
8.408000	307.895196
8.039000	303.871439
7.962000	299.827950
7.907000	295.813871
7.862000	291.806123
7.822000	287.706472
7.786000	283.609547
7.753000	279.543354
7.722000	275.478370
7.692000	271.340258
7.664000	267.314641
7.637000	263.299380
7.610000	259.169813
7.584000	255.102829
7.558000	250.966718
7.533000	246.944169
7.508000	242.896703
7.483000	238.843284
7.458000	234.801403
7.433000	230.786525
7.407000	226.654125
7.381000	222.578855
7.355000	218.573325
7.328000	214.501248
7.300000	210.388520
7.271000	206.265807
7.241000	202.167921
7.210000	198.131876
7.177000	194.074840
7.142000	190.054329
7.104000	186.024249
7.062000	181.975437
7.015000	177.946684
6.960000	173.903529
6.892000	169.884368
6.796000	165.863936
6.583000	161.862947
5.468000	157.852404
5.365000	153.824284
5.296000	149.765878
5.244000	145.734095
5.202000	141.704934
5.166000	137.635327
5.134000	133.537013
5.105000	129.461079
5.078000	125.398161
5.052000	121.283691
5.027000	117.176180
5.003000	113.117623
4.979000	108.958134
4.956000	104.876652
4.934000	100.874831
0.000000	0.000000
& cycle # 1, chisq = 9166.492383, e = 27.140170
10.000000	381.321742
9.967000	377.305762
9.921000	373.266435
9.850000	369.243169
9.726000	365.242362
9.530000	361.224020
9.292000	357.212598
8.653000	353.194431
8.528000	349.167674
8.453000	345.153803
8.395000	341.128895
8.346000	337.065668
8.303000	332.997059
8.264000	328.917490
8.228000	324.843292
8.194000	320.739896
8.162000	316.663480
8.131000	312.528288
8.102000	308.507759
8.074000	304.502555
8.046000	300.395032
8.019000	296.356327
7.992000	292.259383
7.965000	288.120683
7.939000	284.109472
7.913000	280.085100
7.887000	276.059566
7.861000	272.045947
7.834000	267.906409
7.807000	263.813919
7.780000	259.787479
7.752000	255.701121
7.723000	251.583271
7.693000	247.462657
7.662000	243.367668
7.630000	239.327195
7.596000	235.256344
7.560000	231.214090
7.521000	227.170167
7.478000	223.141785
7.429000	219.119445
7.370000	215.068683
7.294000	211.056865
7.166000	207.054260
6.634000	203.042655
6.514000	199.029256
6.433000	195.003967
6.367000	190.957556
6.310000	186.914115
6.259000	182.890038
6.211000	178.803891
6.166000	174.768376
6.122000	170.679207
6.080000	166.673144
6.038000	162.584983
5.997000	158.533662
5.956000	154.452735
5.915000	150.386502
5.874000	146.385911
5.831000	142.308480
5.787000	138.291818
5.741000	134.270161
5.693000	130.268240
5.642000	126.253979
5.586000	122.193136
5.523000	118.155785
5.448000	114.111112
5.356000	110.085251
5.229000	106.065562
4.941000	102.058533
0.000000	0.000000
& cycle # 2, chisq = 9322.443831, e = 27.140170
10.000000	312.858440
9.346000	308.855147
9.112000	304.848014
8.958000	300.834611
8.737000	296.831628
8.206000	292.819711
8.103000	288.772507
8.031000	284.757015
7.972000	280.709879
7.921000	276.681136
7.875000	272.666215
7.832000	268.623776
7.791000	264.536452
7.752000	260.459671
7.715000	256.445296
7.679000	252.430653
7.643000	248.341418
7.608000	244.325730
7.573000	240.297575
7.538000	236.278204
7.502000	232.171403
7.466000	228.110815
7.429000	224.008544
7.392000	220.005793
7.353000	215.925396
7.313000	211.916031
7.270000	207.824592
7.225000	203.795682
7.177000	199.790162
7.124000	195.733016
7.065000	191.694947
6.997000	187.676908
6.915000	183.667878
6.809000	179.659664
6.646000	175.655275
6.284000	171.653171
5.885000	167.650924
5.722000	163.647993
5.625000	159.609005
5.554000	155.547916
5.497000	151.522289
5.449000	147.506779
5.407000	143.423072
5.370000	139.310941
5.337000	135.198608
5.307000	131.085502
5.280000	127.082988
5.254000	122.969225
5.230000	118.954240
5.207000	114.913951
5.185000	110.870013
5.164000	106.837038
5.144000	102.824727
0.000000	0.000000
& cycle # 3, chisq = 9198.125151, e = 27.140170
10.000000	485.826491
9.784000	481.815850
9.702000	477.777886
9.608000	473.757945
9.275000	469.723759
9.201000	465.678760
9.155000	461.589041
9.120000	457.581937
9.090000	453.505491
9.064000	449.489617
9.040000	445.391914
9.018000	441.317879
8.997000	437.158253
8.977000	432.962889
8.958000	428.776741
8.940000	424.640162
8.923000	420.589474
8.906000	416.407978
8.890000	412.361906
8.874000	408.218191
8.858000	403.987129
8.843000	399.950947
8.828000	395.857006
8.813000	391.714682
8.798000	387.533146
8.783000	383.321204
8.768000	379.087237
8.753000	374.839236
8.738000	370.584914
8.723000	366.331862
8.708000	362.087715
8.693000	357.860269
8.678000	353.657545
8.663000	349.487759
8.648000	345.359223
8.633000	341.280172
8.618000	337.258575
8.602000	333.040640
8.586000	328.904931
8.570000	324.858846
8.553000	320.665287
8.536000	316.586861
8.518000	312.400447
8.500000	308.355727
8.481000	304.246270
8.461000	300.104863
8.440000	295.967464
8.418000	291.872997
8.395000	287.862570
8.370000	283.822888
8.342000	279.696313
8.311000	275.613211
8.276000	271.599016
8.234000	267.576120
8.179000	263.524796
8.090000	259.503397
7.661000	255.489286
7.550000	251.446165
7.478000	247.390776
7.420000	243.355114
7.369000	239.293591
7.323000	235.266374
7.280000	231.244210
7.239000	227.238358
7.199000	223.230920
7.159000	219.181750
7.119000	215.138951
7.078000	211.045536
7.036000	206.951639
6.993000	202.919545
6.947000	198.852964
6.897000	194.798245
6.841000	190.777088
6.774000	186.732935
6.686000	182.716741
6.494000	178.715393
6.054000	174.688141
5.968000	170.649849
5.908000	166.612225
5.859000	162.536350
5.817000	158.480946
5.780000	154.468099
5.746000	150.402719
5.715000	146.369518
5.686000	142.310329
5.659000	138.285590
5.633000	134.195459
5.608000	130.077437
5.584000	125.967887
5.561000	121.899432
5.538000	117.715257
5.516000	113.612962
5.495000	109.610524
5.474000	105.525350
5.453000	101.357304
0.000000	0.000000
& cycle # 4, chisq = 9242.619035, e = 27.140170
10.000000	353.620797
9.912000	349.602178
9.797000	345.595847
9.191000	341.595362
8.499000	337.578475
8.367000	333.548344
8.288000	329.510152
8.227000	325.438813
8.176000	321.369727
8.131000	317.289624
8.090000	313.191330
8.052000	309.081442
8.017000	305.040210
7.984000	301.016288
7.952000	296.931764
7.921000	292.822617
7.891000	288.723339
7.862000	284.663956
7.833000	280.524834
7.805000	276.464939
7.777000	272.353305
7.750000	268.349695
7.723000	264.319399
7.696000	260.275807
7.669000	256.234066
7.642000	252.209975
7.614000	248.071507
7.586000	243.982528
7.558000	239.954411
7.529000	235.855906
7.500000	231.840198
7.470000	227.781949
7.439000	223.702211
7.407000	219.626731
7.374000	215.585177
7.339000	211.494469
7.302000	207.402132
7.263000	203.352377
7.221000	199.291859
7.176000	195.282828
7.126000	191.243199
7.069000	187.177271
7.003000	183.173601
6.921000	179.148109
6.811000	175.130858
6.623000	171.121118
6.031000	167.118107
5.717000	163.099010
5.590000	159.096390
5.504000	155.047154
5.438000	151.022592
5.384000	146.945911
5.339000	142.898726
5.300000	138.882169
5.264000	134.765082
5.231000	130.665211
5.200000	126.539745
5.171000	122.432285
5.144000	118.368191
5.119000	114.364612
5.095000	110.263980
5.073000	106.246445
5.052000	102.147828
0.000000	0.000000
& cycle # 5, chisq = 9184.670363, e = 27.140170
10.000000	416.987513
9.850000	412.917642
9.802000	408.867867
9.760000	404.850808
9.717000	400.824699
9.667000	396.780475
9.593000	392.750838
9.279000	388.731973
9.200000	384.668000
9.148000	380.608887
9.106000	376.596807
9.069000	372.593631
9.034000	368.486521
9.001000	364.414892
8.969000	360.360953
8.937000	356.273265
8.905000	352.216583
8.872000	348.133358
8.838000	344.106729
8.801000	340.015599
8.761000	336.014495
8.714000	331.947475
8.656000	327.936591
8.566000	323.923089
8.167000	319.920193
8.069000	315.867343
8.007000	311.807375
7.958000	307.776281
7.916000	303.770409
7.878000	299.737748
7.843000	295.714520
7.810000	291.688670
7.778000	287.610963
7.747000	283.538321
7.717000	279.519216
7.687000	275.456883
7.657000	271.382167
7.627000	267.325078
7.597000	263.316408
7.566000	259.259462
7.534000	255.201455
7.501000	251.196066
7.466000	247.188906
7.428000	243.159096
7.386000	239.128800
7.338000	235.097758
7.280000	231.075103
7.200000	227.063595
6.816000	223.060363
6.633000	219.020484
6.557000	215.014600
6.500000	210.936725
6.453000	206.892892
6.412000	202.882324
6.374000	198.778513
6.339000	194.683453
6.306000	190.562926
6.275000	186.484933
6.245000	182.374214
6.216000	178.276126
6.188000	174.231884
6.160000	170.128710
6.132000	165.990867
6.105000	161.987562
6.078000	157.987540
6.050000	153.858493
6.022000	149.765398
5.994000	145.727135
5.965000	141.626115
5.935000	137.500426
5.904000	133.396243
5.872000	129.364645
5.838000	125.342179
5.801000	121.296335
5.760000	117.230420
5.714000	113.191496
5.660000	109.155301
5.591000	105.134344
5.472000	101.125854
0.000000	0.000000
& cycle # 1, chisq = 10730.512770, e = 29.084095
10.000000	381.321742
9.885000	377.320238
9.774000	373.302314
9.287000	369.292645
9.084000	365.288058
8.864000	361.285271
8.346000	357.268846
8.250000	353.235603
8.185000	349.215179
8.133000	345.202293
8.088000	341.161986
8.048000	337.133760
8.011000	333.047005
7.977000	328.996097
7.945000	324.940595
7.914000	320.806851
7.885000	316.776467
7.857000	312.752212
7.829000	308.612159
7.802000	304.522484
7.776000	300.504326
7.750000	296.418401
7.724000	292.276856
7.699000	288.255353
7.674000	284.209740
7.649000	280.154979
7.624000	276.105744
7.599000	272.075438
7.573000	267.916347
7.547000	263.800877
7.521000	259.738058
7.495000	255.736244
7.468000	251.654427
7.440000	247.512519
7.412000	243.476715
7.383000	239.423537
7.353000	235.381361
7.322000	231.378575
7.289000	227.321542
7.254000	223.253229
7.217000	219.215762
7.177000	215.155509
7.134000	211.147491
7.086000	207.118060
7.031000	203.077814
6.966000	199.054435
6.885000	195.042778
6.772000	191.021416
6.556000	187.014301
5.921000	183.006945
5.708000	178.986217
5.605000	174.969975
5.533000	170.949221
5.476000	166.930695
5.428000	162.842375
5.388000	158.837923
5.353000	154.825938
5.321000	150.715673
5.292000	146.621912
5.265000	142.502094
5.240000	138.430899
5.216000	134.295686
5.193000	130.123186
5.171000	125.931943
5.150000	121.734013
5.130000	117.537724
5.111000	113.350630
5.093000	109.182047
5.076000	105.044816
5.060000	100.956179
0.000000	0.000000
& cycle # 2, chisq = 10555.774666, e = 29.084095
10.000000	312.858440
9.537000	308.856608
8.885000	304.851246
8.204000	300.850787
8.067000	296.814738
7.980000	292.786081
7.911000	288.736230
7.852000	284.719815
7.799000	280.719490
7.750000	276.717165
7.703000	272.633739
7.658000	268.541868
7.615000	264.511544
7.573000	260.501084
7.531000	256.447156
7.489000	252.372895
7.447000	248.303188
7.405000	244.270261
7.362000	240.218519
7.318000	236.191302
7.272000	232.137806
7.224000	228.094926
7.173000	224.021416
7.119000	219.982142
7.060000	215.929966
6.995000	211.928352
6.920000	207.884739
6.832000	203.850191
6.722000	199.824883
6.573000	195.819004
6.354000	191.804654
6.087000	187.794202
5.890000	183.783144
5.760000	179.769535
5.667000	175.727280
5.596000	171.701592
5.537000	167.671030
5.486000	163.640112
5.441000	159.586144
5.401000	155.511509
5.365000	151.408374
5.333000	147.388428
5.303000	143.297613
5.275000	139.207514
5.249000	135.187071
5.224000	131.129254
5.200000	127.060250
5.177000	122.996804
5.155000	118.947597
5.134000	114.916090
5.114000	110.903864
5.094000	106.698391
5.075000	102.499614
0.000000	0.000000
& cycle # 3, chisq = 10593.230675, e = 29.084095
10.000000	485.826491
9.435000	481.824619
9.344000	477.819343
9.291000	473.789305
9.251000	469.771500
9.217000	465.651755
9.188000	461.621057
9.162000	457.607357
9.138000	453.571580
9.115000	449.410589
9.094000	445.366145
9.074000	441.303900
9.055000	437.263512
9.036000	433.057109
9.018000	428.929686
9.001000	424.913987
8.984000	420.792955
8.967000	416.574902
8.951000	412.523446
8.935000	408.399561
8.919000	404.209898
8.903000	399.961552
8.888000	395.932295
8.873000	391.865166
8.858000	387.767544
8.843000	383.647097
8.828000	379.511546
8.813000	375.368431
8.798000	371.224896
8.783000	367.087561
8.768000	362.962484
8.753000	358.855221
8.738000	354.770956
8.723000	350.714672
8.708000	346.691329
8.692000	342.441780
8.676000	338.241841
8.660000	334.098077
8.644000	330.017127
8.628000	326.005488
8.611000	321.825897
8.594000	317.738025
8.576000	313.515863
8.558000	309.408145
8.539000	305.200929
8.520000	301.129524
8.500000	296.993805
8.479000	292.820162
8.457000	288.637133
8.434000	284.475628
8.410000	280.368656
8.385000	276.350285
8.358000	272.309788
8.328000	268.181547
8.295000	264.067700
8.258000	259.963983
8.216000	255.921441
8.166000	251.908228
8.101000	247.874358
8.002000	243.851459
6.849000	239.849752
6.582000	235.847273
6.478000	231.827557
6.404000	227.789398
6.345000	223.755372
6.295000	219.699864
6.251000	215.619324
6.212000	211.600008
6.176000	207.560435
6.142000	203.459518
6.110000	199.345852
6.080000	195.261228
6.052000	191.244361
6.025000	187.179801
5.999000	183.087174
5.974000	178.988910
5.950000	174.909393
5.927000	170.873476
5.904000	166.722121
5.882000	162.651129
5.860000	158.489223
5.839000	154.436750
5.818000	150.309639
5.797000	146.109419
5.777000	142.041367
5.757000	137.906500
5.737000	133.704084
5.718000	129.649061
5.699000	125.533780
5.680000	121.360486
5.662000	117.356804
5.644000	113.309134
5.626000	109.223249
5.608000	105.105739
5.590000	100.963559
0.000000	0.000000
& cycle # 4, chisq = 10725.619030, e = 29.084095
10.000000	353.620797
9.342000	349.615691
9.096000	345.607508
8.947000	341.606027
8.733000	337.600481
8.237000	333.583263
8.143000	329.529639
8.078000	325.525036
8.025000	321.498317
7.979000	317.441828
7.938000	313.400849
7.900000	309.323915
7.865000	305.313223
7.831000	301.205238
7.799000	297.165688
7.768000	293.107295
7.738000	289.059207
7.709000	285.050372
7.680000	280.967298
7.651000	276.831900
7.623000	272.810361
7.595000	268.779437
7.567000	264.755216
7.539000	260.751188
7.510000	256.638016
7.481000	252.571930
7.452000	248.566852
7.422000	244.504568
7.391000	240.412909
7.359000	236.323248
7.326000	232.267664
7.291000	228.161414
7.255000	224.156887
7.216000	220.074558
7.174000	215.981007
7.129000	211.953774
7.079000	207.929866
7.022000	203.927300
6.954000	199.923849
6.868000	195.917928
6.744000	191.911761
6.472000	187.907157
5.883000	183.905388
5.714000	179.875365
5.623000	175.844017
5.558000	171.811604
5.506000	167.788320
5.462000	163.738092
5.424000	159.674677
5.391000	155.653081
5.361000	151.555736
5.334000	147.486400
5.309000	143.388220
5.286000	139.338031
5.264000	135.217246
5.243000	131.063427
5.223000	126.910149
5.204000	122.786030
5.186000	118.714954
5.168000	114.477108
5.151000	110.311588
5.135000	106.234822
5.119000	101.993228
0.000000	0.000000
& cycle # 5, chisq = 10559.600518, e = 29.084095
10.000000	416.987513
9.787000	412.975506
9.668000	408.947375
9.282000	404.934124
9.165000	400.897264
9.092000	396.854953
9.031000	392.834534
8.973000	388.764878
8.915000	384.735233
8.852000	380.681077
8.777000	376.665654
8.658000	372.646180
8.244000	368.628810
8.159000	364.585493
8.103000	360.515787
8.059000	356.460882
8.021000	352.345644
7.988000	348.319569
7.958000	344.304567
7.930000	340.261231
7.904000	336.259435
7.879000	332.196606
7.855000	328.109160
7.832000	324.032482
7.810000	320.000003
7.788000	315.851319
7.767000	311.796072
7.746000	307.660719
7.726000	303.659005
7.706000	299.605735
7.686000	295.510372
7.666000	291.381988
7.646000	287.229538
7.626000	283.062172
7.606000	278.889510
7.586000	274.721788
7.566000	270.569849
7.546000	266.444947
7.526000	262.358428
7.506000	258.321320
7.485000	254.146803
7.464000	250.048817
7.443000	246.036584
7.421000	241.933696
7.398000	237.762087
7.375000	233.718026
7.351000	229.641304
7.326000	225.558088
7.300000	221.497496
7.273000	217.491691
7.244000	213.439904
7.213000	209.406549
7.179000	205.343897
7.141000	201.248687
7.098000	197.164712
7.048000	193.111646
6.986000	189.054558
6.900000	185.033842
6.712000	181.027000
5.620000	177.008627
5.522000	173.000865
5.460000	168.951150
5.412000	164.863070
5.372000	160.779714
5.337000	156.667114
5.306000	152.562994
5.278000	148.441755
5.253000	144.395011
5.230000	140.340467
5.208000	136.147699
5.188000	132.061156
5.169000	127.935564
5.151000	123.813067
5.134000	119.736834
5.117000	115.494740
5.101000	111.363589
5.085000	107.112072
5.070000	103.029936
0.000000	0.000000
& cycle # 1, chisq = 11370.394545, e = 28.966340
10.000000	381.321742
9.751000	377.312962
9.256000	373.294948
9.125000	369.288673
9.006000	365.274819
8.853000	361.262179
8.335000	357.253637
8.227000	353.252152
8.159000	349.220368
8.106000	345.197390
8.061000	341.165061
8.021000	337.100848
7.985000	333.059759
7.952000	329.047437
7.921000	325.026093
7.891000	320.920053
7.863000	316.913755
7.836000	312.904927
7.809000	308.764766
7.783000	304.664027
7.758000	300.625323
7.733000	296.503509
7.709000	292.479972
7.685000	288.404108
7.661000	284.289834
7.637000	280.151411
7.613000	276.002548
7.589000	271.855665
7.565000	267.721566
7.541000	263.609557
7.517000	259.527982
7.493000	255.484952
7.468000	251.323694
7.443000	247.224263
7.418000	243.198390
7.392000	239.102661
7.365000	234.961850
7.338000	230.948427
7.310000	226.931646
7.280000	222.800488
7.249000	218.724610
7.216000	214.605059
7.182000	210.601228
7.145000	206.528562
7.105000	202.469926
7.061000	198.428880
7.011000	194.372661
6.953000	190.344075
6.882000	186.306620
6.788000	182.306277
6.625000	178.291217
5.771000	174.286563
5.571000	170.272067
5.476000	166.223327
5.411000	162.210779
5.361000	158.179375
5.320000	154.146952
5.284000	150.031036
5.252000	145.916442
5.223000	141.816945
5.196000	137.676493
5.171000	133.547717
5.148000	129.474269
5.126000	125.301125
5.106000	121.241907
5.087000	117.121922
5.069000	112.954794
5.052000	108.760057
5.036000	104.563315
5.021000	100.395572
0.000000	0.000000
& cycle # 2, chisq = 11387.756682, e = 28.966340
10.000000	312.858440
9.268000	308.857714
8.928000	304.852002
8.232000	300.848686
8.070000	296.842869
7.975000	292.816148
7.902000	288.808266
7.839000	284.755330
7.783000	280.727469
7.731000	276.651844
7.683000	272.634626
7.637000	268.599030
7.592000	264.520248
7.548000	260.441538
7.505000	256.392446
7.462000	252.302384
7.420000	248.294898
7.377000	244.214958
7.334000	240.195539
7.290000	236.175521
7.244000	232.092280
7.197000	228.058440
7.148000	224.018913
7.096000	219.948842
7.041000	215.924127
6.981000	211.880964
6.915000	207.834994
6.842000	203.822701
6.758000	199.812459
6.657000	195.804422
6.532000	191.795049
6.369000	187.794627
6.164000	183.786198
5.953000	179.777115
5.786000	175.753672
5.661000	171.716486
5.567000	167.715332
5.489000	163.708201
5.422000	159.645203
5.365000	155.572690
5.316000	151.543171
5.272000	147.518053
5.231000	143.462309
5.192000	139.358015
5.156000	135.343656
5.122000	131.303120
5.090000	127.206732
5.061000	123.177053
5.034000	119.095415
5.009000	114.992405
4.986000	110.921141
4.964000	106.753882
4.944000	102.737383
0.000000	0.000000
& cycle # 3, chisq = 11431.163848, e = 28.966340
10.000000	485.826491
9.389000	481.805587
9.298000	477.790085
9.244000	473.706250
9.203000	469.624302
9.169000	465.575322
9.139000	461.500189
9.112000	457.429777
9.087000	453.323960
9.064000	449.268003
9.042000	445.149508
9.021000	441.012824
9.001000	436.898731
8.982000	432.843239
8.963000	428.653837
8.945000	424.569422
8.927000	420.380288
8.910000	416.334958
8.893000	412.210898
8.876000	408.016541
8.860000	404.013014
8.844000	399.963704
8.828000	395.877061
8.812000	391.761404
8.796000	387.624648
8.780000	383.474122
8.764000	379.316534
8.748000	375.158057
8.732000	371.004522
8.716000	366.861650
8.700000	362.735270
8.684000	358.631470
8.668000	354.556633
8.652000	350.517369
8.635000	346.272076
8.618000	342.082219
8.601000	337.955008
8.584000	333.896840
8.566000	329.681245
8.548000	325.554449
8.530000	321.520742
8.511000	317.367890
8.492000	313.326556
8.472000	309.197123
8.451000	305.003673
8.430000	300.961541
8.408000	296.894986
8.385000	292.832967
8.361000	288.804948
8.335000	284.685764
8.308000	280.675351
8.279000	276.665031
8.247000	272.586946
8.212000	268.530733
8.173000	264.493049
8.128000	260.440830
8.074000	256.376423
8.006000	252.342607
7.910000	248.324376
7.715000	244.321116
6.879000	240.310440
6.694000	236.290058
6.591000	232.284031
6.516000	228.265016
6.455000	224.235170
6.403000	220.222298
6.357000	216.188547
6.316000	212.178107
6.278000	208.094641
6.243000	204.018661
6.210000	199.904106
6.179000	195.805919
6.150000	191.772685
6.122000	187.697103
6.095000	183.596712
6.069000	179.486786
6.044000	175.382201
6.020000	171.298858
5.997000	167.254299
5.974000	163.083612
5.952000	158.980743
5.931000	154.966565
5.910000	150.863402
5.889000	146.678069
5.869000	142.621541
5.849000	138.500999
5.829000	134.319853
5.810000	130.293440
5.791000	126.214662
5.772000	122.083198
5.753000	117.898260
5.735000	113.883578
5.717000	109.820072
5.699000	105.708436
5.681000	101.550513
0.000000	0.000000
& cycle # 4, chisq = 11566.164513, e = 28.966340
10.000000	353.620797
9.671000	349.619751
9.126000	345.607238
8.939000	341.601727
8.438000	337.597782
8.219000	333.583792
8.134000	329.527023
8.072000	325.469962
8.021000	321.409128
7.977000	317.375804
7.937000	313.298011
7.900000	309.202788
7.866000	305.190937
7.833000	301.090948
7.802000	297.071150
7.772000	293.040055
7.743000	289.025732
7.714000	284.912421
7.686000	280.865627
7.658000	276.765261
7.630000	272.632258
7.602000	268.486489
7.574000	264.345448
7.546000	260.223911
7.518000	256.134614
7.490000	252.089599
7.461000	247.960393
7.432000	243.908148
7.402000	239.815521
7.371000	235.712778
7.339000	231.632069
7.306000	227.604463
7.271000	223.544759
7.234000	219.496964
7.194000	215.407324
7.151000	211.349755
7.104000	207.329086
7.051000	203.326481
6.988000	199.284668
6.910000	195.254829
6.804000	191.252454
6.607000	187.246429
5.948000	183.243855
5.746000	179.222600
5.650000	175.190083
5.585000	171.181990
5.534000	167.181882
5.491000	163.143979
5.454000	159.104822
5.421000	154.991637
5.392000	150.927220
5.366000	146.891637
5.342000	142.818283
5.320000	138.781585
5.299000	134.655446
5.279000	130.478896
5.260000	126.290511
5.242000	122.126493
5.225000	118.019635
5.209000	113.999095
5.193000	109.825341
5.178000	105.768901
5.163000	101.567221
0.000000	0.000000
& cycle # 5, chisq = 11392.963637, e = 28.966340
10.000000	416.987513
9.856000	412.936981
9.808000	408.880184
9.767000	404.852511
9.726000	400.761930
9.682000	396.695026
9.629000	392.687119
9.541000	388.670024
9.218000	384.634444
9.146000	380.620317
9.095000	376.543892
9.053000	372.458961
9.016000	368.387400
8.982000	364.329003
8.950000	360.294300
8.919000	356.240174
8.889000	352.230368
8.859000	348.188258
8.829000	344.169594
8.798000	340.099499
8.766000	336.041524
8.732000	331.941883
8.696000	327.889525
8.657000	323.889175
8.612000	319.844639
8.557000	315.802877
8.480000	311.800850
8.097000	307.788665
7.958000	303.767018
7.889000	299.746846
7.837000	295.685294
7.794000	291.646820
7.756000	287.584691
7.722000	283.579692
7.690000	279.509549
7.660000	275.444786
7.631000	271.301775
7.604000	267.271055
7.578000	263.248121
7.552000	259.105051
7.527000	255.027344
7.502000	250.877176
7.478000	246.842701
7.454000	242.775205
7.430000	238.689325
7.406000	234.598350
7.382000	230.514657
7.358000	226.450383
7.334000	222.418074
7.309000	218.266182
7.284000	214.179614
7.259000	210.175000
7.233000	206.114593
7.206000	202.028242
7.178000	197.947053
7.149000	193.901880
7.118000	189.793482
7.085000	185.674104
7.050000	181.600030
7.012000	177.531542
6.970000	173.479523
6.922000	169.435145
6.864000	165.375102
6.789000	161.366109
6.667000	157.348490
5.973000	153.343085
5.285000	149.339680
5.058000	145.306390
4.959000	141.305073
4.882000	137.255431
4.824000	133.246501
4.778000	129.223926
4.739000	125.142400
4.705000	121.075213
4.674000	116.972727
4.646000	112.963993
4.619000	108.839712
4.594000	104.800194
4.570000	100.722095
0.000000	0.000000
& cycle # 1, chisq = 8415.414813, e = 27.079848
10.000000	381.321742
9.956000	377.273045
9.892000	373.268446
9.503000	369.262492
9.242000	365.241740
9.028000	361.237269
8.441000	357.235755
8.329000	353.224020
8.256000	349.166327
8.199000	345.095076
8.151000	341.031333
8.109000	337.005007
8.071000	332.989257
8.036000	328.979308
8.003000	324.928101
7.972000	320.890104
7.942000	316.779161
7.914000	312.774921
7.887000	308.773511
7.860000	304.646401
7.834000	300.563115
7.809000	296.543563
7.784000	292.439115
7.760000	288.425269
7.736000	284.346491
7.712000	280.211380
7.689000	276.205142
7.666000	272.166587
7.643000	268.106170
7.620000	264.034038
7.597000	259.959410
7.574000	255.890222
7.551000	251.833143
7.528000	247.793916
7.505000	243.777938
7.481000	239.618284
7.457000	235.497476
7.433000	231.424022
7.409000	227.407412
7.384000	223.294552
7.359000	219.264825
7.333000	215.172104
7.306000	211.036543
7.279000	207.023919
7.251000	202.996815
7.222000	198.973245
7.192000	194.972729
7.160000	190.893383
7.126000	186.781747
7.090000	182.691205
7.052000	178.678356
7.010000	174.611790
6.964000	170.592223
6.912000	166.568863
6.851000	162.518374
6.776000	158.491676
6.671000	154.466668
6.454000	150.461761
4.979000	146.456086
4.877000	142.435318
4.809000	138.400548
4.753000	134.388621
4.704000	130.320236
4.662000	126.317664
4.624000	122.205471
4.590000	118.088735
4.559000	113.961789
4.531000	109.929523
4.504000	105.773603
4.479000	101.696391
0.000000	0.000000
& cycle # 2, chisq = 8412.082062, e = 27.079848
10.000000	312.858440
9.230000	308.855242
8.983000	304.846027
8.764000	300.834862
8.165000	296.824213
8.048000	292.783039
7.972000	288.753608
7.912000	284.722479
7.861000	280.719421
7.815000	276.672926
7.773000	272.628362
7.734000	268.584985
7.697000	264.510602
7.662000	260.466213
7.628000	256.385729
7.595000	252.305612
7.563000	248.255247
7.531000	244.127505
7.500000	240.067827
7.469000	235.961866
7.439000	231.959815
7.409000	227.947826
7.379000	223.945690
7.348000	219.841262
7.317000	215.787159
7.285000	211.670791
7.253000	207.635963
7.220000	203.570769
7.186000	199.495605
7.151000	195.436081
7.115000	191.423997
7.077000	187.391905
7.036000	183.297034
6.992000	179.210829
6.945000	175.198751
6.893000	171.176812
6.834000	167.142868
6.764000	163.097419
6.675000	159.066169
6.546000	155.059589
5.643000	151.059495
5.040000	147.035993
4.941000	143.014361
4.878000	139.010623
4.826000	134.986856
4.779000	130.913531
4.736000	126.848387
4.697000	122.843084
4.661000	118.823521
4.627000	114.700950
4.596000	110.645811
4.567000	106.594408
4.539000	102.455151
0.000000	0.000000
& cycle # 3, chisq = 8423.927945, e = 27.079848
10.000000	485.826491
9.994000	481.413567
9.987000	476.884734
9.979000	472.456324
9.970000	468.319951
9.959000	464.313090
9.943000	460.188591
9.911000	456.185734
9.780000	452.109277
9.749000	448.041079
9.727000	443.998827
9.709000	439.993588
9.693000	435.937099
9.678000	431.742647
9.664000	427.515558
9.651000	423.345148
9.639000	419.305869
9.627000	415.103202
9.615000	410.756144
9.604000	406.661493
9.593000	402.478148
9.582000	398.222264
9.571000	393.909861
9.560000	389.556429
9.549000	385.176628
9.538000	380.784122
9.527000	376.391587
9.516000	372.010832
9.505000	367.653000
9.494000	363.328767
9.483000	359.048486
9.472000	354.822231
9.461000	350.659746
9.450000	346.570302
9.439000	342.562524
9.427000	338.292676
9.415000	334.138083
9.403000	330.106103
9.390000	325.883365
9.377000	321.817426
9.363000	317.619295
9.349000	313.612710
9.334000	309.536410
9.318000	305.438762
9.301000	301.371104
9.282000	297.174861
9.262000	293.153830
9.239000	289.020122
9.213000	284.951673
9.182000	280.882737
9.143000	276.857068
9.086000	272.849557
8.743000	268.844627
8.494000	264.833765
8.310000	260.820701
7.718000	256.815102
7.582000	252.802075
7.499000	248.764209
7.434000	244.744564
7.378000	240.699959
7.328000	236.652609
7.282000	232.596766
7.239000	228.560607
7.198000	224.536923
7.158000	220.485493
7.119000	216.445594
7.080000	212.342126
7.042000	208.307903
7.004000	204.268731
6.966000	200.261122
6.927000	196.221172
6.887000	192.192622
6.845000	188.119278
6.801000	184.047248
6.755000	180.024813
6.705000	175.956301
6.650000	171.896875
6.587000	167.840264
6.511000	163.803014
6.410000	159.780603
6.211000	155.778795
5.533000	151.777555
5.366000	147.774173
5.244000	143.772820
5.128000	139.765895
5.024000	135.739306
4.943000	131.693243
4.874000	127.688843
4.805000	123.643045
4.731000	119.622341
4.651000	115.591859
4.569000	111.575355
4.484000	107.569082
4.391000	103.544487
0.000000	0.000000
& cycle # 4, chisq = 8459.219648, e = 27.079848
10.000000	353.620797
9.953000	349.586184
9.904000	345.547895
9.850000	341.515235
9.786000	337.498959
9.698000	333.470269
9.475000	329.468630
8.375000	325.463851
8.259000	321.449276
8.180000	317.433007
8.117000	313.417191
8.063000	309.393360
8.015000	305.355678
7.971000	301.270500
7.931000	297.249095
7.893000	293.176643
7.857000	289.110623
7.823000	285.098181
7.790000	281.052726
7.758000	276.995491
7.727000	272.948221
7.697000	268.934258
7.667000	264.839935
7.638000	260.821728
7.609000	256.759477
7.580000	252.666336
7.551000	248.552834
7.522000	244.427465
7.493000	240.298189
7.464000	236.174161
7.435000	232.066866
7.406000	227.990144
7.377000	223.959070
7.347000	219.852448
7.317000	215.823640
7.286000	211.752631
7.254000	207.655806
7.221000	203.548948
7.187000	199.449735
7.152000	195.380485
7.116000	191.369249
7.078000	187.344791
7.037000	183.260441
6.993000	179.182462
6.946000	175.169890
6.894000	171.130203
6.836000	167.113048
6.768000	163.066149
6.685000	159.062869
6.573000	155.050190
6.377000	151.048560
5.096000	147.043032
4.932000	143.037304
4.851000	139.035235
4.785000	135.003139
4.727000	130.997316
4.675000	126.956001
4.629000	122.918783
4.588000	118.898106
4.550000	114.807509
4.515000	110.745353
4.482000	106.675705
4.451000	102.652435
0.000000	0.000000
& cycle # 5, chisq = 8421.157146, e = 27.079848
10.000000	416.987513
9.893000	412.941312
9.844000	408.917391
9.801000	404.902506
9.757000	400.836679
9.707000	396.769572
9.639000	392.760978
9.319000	388.760767
9.221000	384.745161
9.163000	380.690978
9.117000	376.643508
9.077000	372.599120
9.040000	368.504041
9.005000	364.404043
8.971000	360.292736
8.938000	356.250816
8.905000	352.220275
8.871000	348.144636
8.836000	344.103476
8.799000	340.080416
8.758000	336.001348
8.712000	331.970643
8.656000	327.912261
8.578000	323.879775
8.196000	319.875362
8.058000	315.836525
7.990000	311.806335
7.939000	307.784355
7.896000	303.709623
7.859000	299.705143
7.825000	295.633817
7.794000	291.615905
7.765000	287.615332
7.737000	283.552002
7.710000	279.465863
7.684000	275.391427
7.659000	271.358576
7.634000	267.226697
7.610000	263.180725
7.586000	259.071944
7.562000	254.916787
7.539000	250.907671
7.516000	246.888426
7.493000	242.874931
7.469000	238.709157
7.445000	234.581028
7.421000	230.503779
7.397000	226.488963
7.372000	222.384530
7.347000	218.370605
7.321000	214.304695
7.294000	210.214179
7.266000	206.130723
7.237000	202.089491
7.206000	197.999194
7.173000	193.921280
7.138000	189.917331
7.099000	185.847510
7.056000	181.833696
7.006000	177.780745
6.946000	173.772448
6.865000	169.758429
6.717000	165.743499
5.476000	161.733561
5.323000	157.728990
5.246000	153.683929
5.193000	149.659827
5.151000	145.606770
5.115000	141.515996
5.083000	137.442966
5.053000	133.303334
5.025000	129.202713
4.998000	125.059497
4.972000	120.903472
4.947000	116.745735
4.923000	112.585054
4.900000	108.414919
4.878000	104.229621
4.857000	100.028510
0.000000	0.000000
& cycle # 1, chisq = 8662.832885, e = 27.547036
10.000000	381.321742
9.983000	377.252243
9.949000	373.245948
9.780000	369.181804
9.729000	365.109004
9.688000	361.065865
9.649000	357.042238
9.608000	353.002243
9.561000	348.975920
9.497000	344.963729
9.168000	340.958576
9.026000	336.955378
8.941000	332.914495
8.866000	328.903990
8.788000	324.879919
8.691000	320.854874
8.287000	316.853837
8.135000	312.846117
8.065000	308.796462
8.013000	304.723432
7.970000	300.664329
7.932000	296.565942
7.898000	292.504049
7.867000	288.490189
7.838000	284.485448
7.810000	280.411064
7.783000	276.311960
7.757000	272.229274
7.732000	268.198698
7.707000	264.084005
7.683000	260.071012
7.659000	256.011503
7.635000	251.920357
7.611000	247.813115
7.587000	243.706448
7.563000	239.618233
7.539000	235.567164
7.514000	231.406994
7.489000	227.327577
7.463000	223.190000
7.437000	219.176410
7.410000	215.154608
7.382000	211.154455
7.352000	207.074792
7.320000	202.973437
7.286000	198.916857
7.249000	194.875964
7.208000	190.873662
7.160000	186.832561
7.101000	182.786574
7.021000	178.775320
6.853000	174.774740
6.193000	170.764856
5.580000	166.759725
5.474000	162.739606
5.414000	158.677832
5.369000	154.611032
5.332000	150.531348
5.300000	146.398551
5.272000	142.263986
5.247000	138.118296
5.225000	134.085518
5.204000	129.880351
5.185000	125.766134
5.167000	121.594007
5.150000	117.410497
5.134000	113.262801
5.119000	109.196570
5.104000	104.967376
5.090000	100.882318
0.000000	0.000000
& cycle # 2, chisq = 8679.605753, e = 27.547036
10.000000	312.858440
9.308000	308.853716
9.018000	304.842506
8.788000	300.838655
8.188000	296.837381
8.072000	292.805866
7.995000	288.790166
7.933000	284.719772
7.880000	280.667734
7.833000	276.663915
7.789000	272.586923
7.748000	268.517600
7.709000	264.424724
7.672000	260.367914
7.636000	256.288213
7.601000	252.224741
7.567000	248.208483
7.533000	244.142181
7.499000	240.041181
7.465000	235.921823
7.431000	231.804108
7.397000	227.712004
7.363000	223.671053
7.328000	219.589297
7.292000	215.494018
7.255000	211.408803
7.217000	207.354911
7.177000	203.255426
7.136000	199.250540
7.092000	195.200782
7.045000	191.185882
6.993000	187.133251
6.935000	183.085172
6.869000	179.055345
6.790000	175.020276
6.687000	170.993805
6.530000	166.982697
6.009000	162.981879
5.439000	158.963470
5.290000	154.942749
5.195000	150.934979
5.120000	146.910251
5.061000	142.862656
5.015000	138.861036
4.977000	134.843606
4.944000	130.786561
4.914000	126.648521
4.887000	122.588430
4.862000	118.579527
4.838000	114.535791
4.815000	110.504376
4.792000	106.335785
4.770000	102.227006
0.000000	0.000000
& cycle # 3, chisq = 8684.130148, e = 27.547036
10.000000	485.826491
9.991000	481.690601
9.981000	477.631874
9.969000	473.429721
9.955000	469.321125
9.938000	465.313571
9.915000	461.260646
9.879000	457.213191
9.765000	453.211840
9.328000	449.173916
9.252000	445.132386
9.201000	441.087950
9.161000	437.085487
9.126000	432.959847
9.096000	428.949471
9.068000	424.811556
9.043000	420.803388
9.019000	416.690443
8.996000	412.519468
8.974000	408.332889
8.953000	404.168214
8.933000	400.058740
8.914000	396.034534
8.895000	391.903068
8.877000	387.900325
8.859000	383.822361
8.841000	379.681063
8.823000	375.488790
8.805000	371.257809
8.788000	367.236916
8.771000	363.201197
8.754000	359.159277
8.737000	355.119343
8.720000	351.089424
8.703000	347.077666
8.685000	342.859142
8.667000	338.681025
8.649000	334.554227
8.631000	330.489708
8.612000	326.278640
8.593000	322.160245
8.574000	318.144628
8.554000	314.038092
8.533000	309.868044
8.512000	305.851136
8.490000	301.814874
8.467000	297.791419
8.442000	293.655513
8.416000	289.627413
8.388000	285.612059
8.357000	281.565407
8.322000	277.501496
8.282000	273.497595
8.233000	269.478301
8.166000	265.437371
8.029000	261.431885
7.596000	257.430179
7.502000	253.414098
7.434000	249.394713
7.377000	245.341042
7.327000	241.305288
7.281000	237.241433
7.238000	233.194014
7.197000	229.167005
7.157000	225.128852
7.118000	221.126099
7.079000	217.091606
7.040000	213.059222
7.000000	208.967073
6.959000	204.868923
6.917000	200.825995
6.873000	196.808916
6.826000	192.804211
6.774000	188.749114
6.716000	184.728324
6.647000	180.700611
6.555000	176.677741
6.375000	172.675750
5.844000	168.670824
5.734000	164.668130
5.657000	160.627788
5.595000	156.604197
5.540000	152.536634
5.490000	148.491606
5.444000	144.486894
5.401000	140.481022
5.360000	136.417813
5.321000	132.354666
5.283000	128.263893
5.246000	124.225448
5.209000	120.196538
5.171000	116.105698
5.133000	112.053360
5.095000	107.983898
5.058000	103.925651
0.000000	0.000000
& cycle # 4, chisq = 8731.112619, e = 27.547036
10.000000	353.620797
9.953000	349.575384
9.902000	345.514446
9.842000	341.469463
9.759000	337.452119
9.279000	333.447544
8.921000	329.446728
8.320000	325.444355
8.213000	321.426009
8.140000	317.375593
8.082000	313.363465
8.032000	309.331106
7.987000	305.243935
7.946000	301.152623
7.908000	297.068961
7.872000	292.964704
7.838000	288.897185
7.805000	284.785843
7.773000	280.656702
7.742000	276.534446
7.712000	272.444369
7.683000	268.412274
7.654000	264.320964
7.625000	260.188727
7.597000	256.176092
7.569000	252.154121
7.541000	248.133398
7.513000	244.122973
7.484000	239.989720
7.455000	235.888450
7.426000	231.832703
7.396000	227.701347
7.366000	223.652507
7.335000	219.571945
7.303000	215.483686
7.270000	211.409462
7.236000	207.368792
7.200000	203.269847
7.163000	199.257724
7.123000	195.163484
7.081000	191.155021
7.035000	187.122247
6.984000	183.088428
6.926000	179.033588
6.859000	175.010134
6.777000	171.007541
6.664000	167.006773
6.460000	162.997134
5.494000	158.996550
5.282000	154.987148
5.172000	150.983071
5.091000	146.928157
5.032000	142.881069
4.987000	138.865678
4.950000	134.855291
4.917000	130.729779
4.888000	126.706122
4.861000	122.662704
4.835000	118.532963
4.810000	114.369796
4.786000	110.210807
4.763000	106.080223
4.741000	101.992838
0.000000	0.000000
& cycle # 5, chisq = 8673.969208, e = 27.547036
