  0.0019039945909629537  54.39352493906816
  1.173935110290419  117.6955146999518
  1.6695248063884671  6.704458524888523
  2.014587280920096  5.557544049888495
  2.750076928347569  7.760422464534493
  3.39604730985252  5.085121535144456
  3.8585997621497037  4.563108692139883
  4.9081379102871034  8.017684473611514
  5.76949713383478  4.764591337811113
  6.396935253804552  4.216315498022283
  7.815248231365322  7.224798691696567
  8.933851140906226  4.768350891984788
  9.73793466487024  4.878215602123993
  11.268504239889495  6.265803142614188
  12.535689932581404  4.495660209989861
  13.564169402880408  4.398361501006582
  15.60147123484146  5.2713133473414775
  17.194564276253764  5.023486216486264
  18.43757054636727  6.246701340277579
  20.536212807993437  6.907438888124396
  21.860193433878273  6.106866214277627
  22.7623044378427  6.061207959527458
  24.176184460842983  6.165442107331167
  25.127533813872233  6.255319513208645
  25.794115791507764  6.561286491457706
  27.001343142928608  7.193118613964128
  27.918527660759946  7.358712654164487
  28.67847341640993  8.386725782777027
  30.486744203563333  8.829214639128633
  32.38417379641721  8.73922205409564
  33.99732219748142  8.19076251605901
  37.053121780308516  8.470555132554361
  38.92804896203137  7.8968465961331376
  40.21839695714631  7.843322531297961
  42.254136550836215  8.223500411761085
  44.012202868294445  7.935861621539405
  45.5619379840274  8.207698224543226
  48.945806180504896  9.097830199287834
  51.66262359756848  9.098308198967516
  53.78744996836925  8.92281142314496
  58.22687249686107  9.37341341842622
  61.28521858154694  9.888068481685607
  63.579613665705125  9.732048604777246
  70.95152986553147  9.992729010152853
  76.16200709300408  9.571135312326248
  79.8447030101738  9.546396516109187
  89.7992726636098  8.919456160075397
  95.20430742107762  8.606260008265789
  97.45139963165035  8.707015129911115
  99.10754303454894  8.972977299278195
  99.3803690765009  9.335581608003157
  99.48416720127514  3.9296917843547
  99.60512622708984  9.233806557707938
  99.68116120456669  9.024977577805643
  99.73270428395125  11.644200371284722
  99.80654122409106  12.032943481022244
  99.84607340930606  14.380509650919706
  99.86923113007062  15.825439968838436
  99.90941860050184  18.28874926773185
  99.93402705209967  17.22586524715894
  99.94736062996495  26.661177462070118
  99.95791168552488  24.688760111261754
  99.96754175352892  22.990309340689347
  99.97568887796375  45.33858805941655
  99.9830318278631  26.017961083435697
  99.98807989676727  30.102966725872903
  99.99246189247401  0.5161941295186754
  99.99818637463588  26.667466191152087
  99.9999999  18.7102223603235