0.000000	0.000000
0.000000	0.000000
0.000000	4.174185
0.862962	4.174185
0.862962	4.991321
1.594106	4.991321
1.594106	5.092751
2.106064	5.092751
2.106064	5.164339
2.859082	5.164339
2.859082	5.231562
3.591298	5.231562
3.591298	5.281978
4.197385	5.281978
4.197385	5.333894
5.232547	5.333894
5.232547	5.388208
6.256520	5.388208
6.256520	5.429379
7.135252	5.429379
7.135252	5.471160
8.615212	5.471160
8.615212	5.516812
10.038295	5.516812
10.038295	5.559120
11.226665	5.559120
11.226665	5.618680
13.093653	5.618680
13.093653	5.706240
14.667390	5.706240
14.667390	5.800600
15.881602	5.800600
15.881602	5.928347
17.614162	5.928347
17.614162	6.083289
18.988436	6.083289
18.988436	6.206486
20.062316	6.206486
20.062316	6.329998
21.616541	6.329998
21.616541	6.463167
22.869632	6.463167
22.869632	6.585954
23.868598	6.585954
23.868598	6.745934
25.302762	6.745934
25.302762	6.935542
26.462499	6.935542
26.462499	7.082372
27.421719	7.082372
27.421719	7.209737
28.843730	7.209737
28.843730	7.305793
30.101450	7.305793
30.101450	7.361429
31.232827	7.361429
31.232827	7.409325
33.006024	7.409325
33.006024	7.452613
34.622955	7.452613
34.622955	7.484553
36.097177	7.484553
36.097177	7.515964
38.321640	7.515964
38.321640	7.545586
40.327124	7.545586
40.327124	7.567781
42.168812	7.567781
42.168812	7.589224
44.852734	7.589224
44.852734	7.609039
47.315003	7.609039
47.315003	7.623557
49.588785	7.623557
49.588785	7.636494
52.794663	7.636494
52.794663	7.647134
55.727533	7.647134
55.727533	7.653874
58.432606	7.653874
58.432606	7.658776
62.079067	7.658776
62.079067	7.662000
65.379321	7.662000
65.379321	7.663626
68.383861	7.663626
& cycle # 1, chisq = 10884.063378, e = 28.125688
0.000000	0.000000
0.000000	0.000000
0.000000	4.419109
0.862962	4.419109
0.862962	5.437171
1.594106	5.437171
1.594106	5.579866
2.106064	5.579866
2.106064	5.669279
2.859082	5.669279
2.859082	5.744429
3.591298	5.744429
3.591298	5.795389
4.197385	5.795389
4.197385	5.843309
5.232547	5.843309
5.232547	5.889376
6.256520	5.889376
6.256520	5.921342
7.135252	5.921342
7.135252	5.950506
8.615212	5.950506
8.615212	5.978762
10.038295	5.978762
10.038295	6.002583
11.226665	6.002583
11.226665	6.034657
13.093653	6.034657
13.093653	6.081197
14.667390	6.081197
14.667390	6.131435
15.881602	6.131435
15.881602	6.200359
17.614162	6.200359
17.614162	6.286228
18.988436	6.286228
18.988436	6.357689
20.062316	6.357689
20.062316	6.434362
21.616541	6.434362
21.616541	6.522909
22.869632	6.522909
22.869632	6.608438
23.868598	6.608438
23.868598	6.723096
25.302762	6.723096
25.302762	6.862664
26.462499	6.862664
26.462499	6.974547
27.421719	6.974547
27.421719	7.076699
28.843730	7.076699
28.843730	7.159585
30.101450	7.159585
30.101450	7.212092
31.232827	7.212092
31.232827	7.260875
33.006024	7.260875
33.006024	7.307292
34.622955	7.307292
34.622955	7.342746
36.097177	7.342746
36.097177	7.378484
38.321640	7.378484
38.321640	7.412847
40.327124	7.412847
40.327124	7.438999
42.168812	7.438999
42.168812	7.464561
44.852734	7.464561
44.852734	7.488385
47.315003	7.488385
47.315003	7.505947
49.588785	7.505947
49.588785	7.521652
52.794663	7.521652
52.794663	7.534594
55.727533	7.534594
55.727533	7.542799
58.432606	7.542799
58.432606	7.548769
62.079067	7.548769
62.079067	7.552693
65.379321	7.552693
65.379321	7.554672
68.383861	7.554672
& cycle # 2, chisq = 10969.810737, e = 28.125688
0.000000	0.000000
0.000000	0.000000
0.000000	4.307905
0.862962	4.307905
0.862962	5.195252
1.594106	5.195252
1.594106	5.291788
2.106064	5.291788
2.106064	5.356384
2.859082	5.356384
2.859082	5.415485
3.591298	5.415485
3.591298	5.458983
4.197385	5.458983
4.197385	5.503065
5.232547	5.503065
5.232547	5.548474
6.256520	5.548474
6.256520	5.582308
7.135252	5.582308
7.135252	5.615929
8.615212	5.615929
8.615212	5.651860
10.038295	5.651860
10.038295	5.684649
11.226665	5.684649
11.226665	5.730562
13.093653	5.730562
13.093653	5.798145
14.667390	5.798145
14.667390	5.871360
15.881602	5.871360
15.881602	5.971503
17.614162	5.971503
17.614162	6.095101
18.988436	6.095101
18.988436	6.196201
20.062316	6.196201
20.062316	6.301892
21.616541	6.301892
21.616541	6.420792
22.869632	6.420792
22.869632	6.533581
23.868598	6.533581
23.868598	6.683004
25.302762	6.683004
25.302762	6.862826
26.462499	6.862826
26.462499	7.004892
27.421719	7.004892
27.421719	7.131942
28.843730	7.131942
28.843730	7.232203
30.101450	7.232203
30.101450	7.293774
31.232827	7.293774
31.232827	7.349684
33.006024	7.349684
33.006024	7.402244
34.622955	7.402244
34.622955	7.442179
36.097177	7.442179
36.097177	7.482385
38.321640	7.482385
38.321640	7.521074
40.327124	7.521074
40.327124	7.550573
42.168812	7.550573
42.168812	7.579478
44.852734	7.579478
44.852734	7.606479
47.315003	7.606479
47.315003	7.626421
49.588785	7.626421
49.588785	7.644280
52.794663	7.644280
52.794663	7.659011
55.727533	7.659011
55.727533	7.668359
58.432606	7.668359
58.432606	7.675166
62.079067	7.675166
62.079067	7.679649
65.379321	7.679649
65.379321	7.681917
68.383861	7.681917
& cycle # 3, chisq = 10912.695052, e = 28.125688
0.000000	0.000000
0.000000	0.000000
0.000000	4.920553
0.862962	4.920553
0.862962	5.969781
1.594106	5.969781
1.594106	6.038339
2.106064	6.038339
2.106064	6.072631
2.859082	6.072631
2.859082	6.099473
3.591298	6.099473
3.591298	6.117288
4.197385	6.117288
4.197385	6.134109
5.232547	6.134109
5.232547	6.150560
6.256520	6.150560
6.256520	6.162306
7.135252	6.162306
7.135252	6.173515
8.615212	6.173515
8.615212	6.185049
10.038295	6.185049
10.038295	6.195341
11.226665	6.195341
11.226665	6.209741
13.093653	6.209741
13.093653	6.231212
14.667390	6.231212
14.667390	6.254988
15.881602	6.254988
15.881602	6.288691
17.614162	6.288691
17.614162	6.332646
18.988436	6.332646
18.988436	6.371671
20.062316	6.371671
20.062316	6.417167
21.616541	6.417167
21.616541	6.473810
22.869632	6.473810
22.869632	6.531353
23.868598	6.531353
23.868598	6.611412
25.302762	6.611412
25.302762	6.712981
26.462499	6.712981
26.462499	6.799177
27.421719	6.799177
27.421719	6.884881
28.843730	6.884881
28.843730	6.963107
30.101450	6.963107
30.101450	7.019964
31.232827	7.019964
31.232827	7.079690
33.006024	7.079690
33.006024	7.142450
34.622955	7.142450
34.622955	7.194619
36.097177	7.194619
36.097177	7.251321
38.321640	7.251321
38.321640	7.309678
40.327124	7.309678
40.327124	7.356850
42.168812	7.356850
42.168812	7.405288
44.852734	7.405288
44.852734	7.452193
47.315003	7.452193
47.315003	7.487747
49.588785	7.487747
49.588785	7.520104
52.794663	7.520104
52.794663	7.547056
55.727533	7.547056
55.727533	7.564266
58.432606	7.564266
58.432606	7.576857
62.079067	7.576857
62.079067	7.585197
65.379321	7.585197
65.379321	7.589458
68.383861	7.589458
& cycle # 4, chisq = 11112.734480, e = 28.125688
0.000000	0.000000
0.000000	0.000000
0.000000	4.227681
0.862962	4.227681
0.862962	5.099654
1.594106	5.099654
1.594106	5.200102
2.106064	5.200102
2.106064	5.269292
2.859082	5.269292
2.859082	5.333666
3.591298	5.333666
3.591298	5.381607
4.197385	5.381607
4.197385	5.430603
5.232547	5.430603
5.232547	5.481384
6.256520	5.481384
6.256520	5.519400
7.135252	5.519400
7.135252	5.557329
8.615212	5.557329
8.615212	5.597986
10.038295	5.597986
10.038295	5.635122
11.226665	5.635122
11.226665	5.687046
13.093653	5.687046
13.093653	5.763238
14.667390	5.763238
14.667390	5.845411
15.881602	5.845411
15.881602	5.957024
17.614162	5.957024
17.614162	6.093276
18.988436	6.093276
18.988436	6.202840
20.062316	6.202840
20.062316	6.314622
21.616541	6.314622
21.616541	6.437425
22.869632	6.437425
22.869632	6.552181
23.868598	6.552181
23.868598	6.703002
25.302762	6.703002
25.302762	6.883292
26.462499	6.883292
26.462499	7.024526
27.421719	7.024526
27.421719	7.149255
28.843730	7.149255
28.843730	7.245920
30.101450	7.245920
30.101450	7.303966
31.232827	7.303966
31.232827	7.355657
33.006024	7.355657
33.006024	7.403590
34.622955	7.403590
34.622955	7.439654
36.097177	7.439654
36.097177	7.475686
38.321640	7.475686
38.321640	7.510134
40.327124	7.510134
40.327124	7.536256
42.168812	7.536256
42.168812	7.561738
44.852734	7.561738
44.852734	7.585462
47.315003	7.585462
47.315003	7.602941
49.588785	7.602941
49.588785	7.618569
52.794663	7.618569
52.794663	7.631447
55.727533	7.631447
55.727533	7.639615
58.432606	7.639615
58.432606	7.645559
62.079067	7.645559
62.079067	7.649471
65.379321	7.649471
65.379321	7.651447
68.383861	7.651447
& cycle # 5, chisq = 10899.675102, e = 28.125688
0.000000	0.000000
0.000000	0.000000
0.000000	4.250599
1.023503	4.250599
1.023503	5.153896
1.808584	5.153896
1.808584	5.216895
2.349991	5.216895
2.349991	5.262405
3.173286	5.262405
3.173286	5.304428
3.976603	5.304428
3.976603	5.334459
4.635324	5.334459
4.635324	5.366711
5.784403	5.366711
5.784403	5.408517
6.862986	5.408517
6.862986	5.452660
7.713360	5.452660
7.713360	5.517355
9.040217	5.517355
9.040217	5.606674
10.171564	5.606674
10.171564	5.682866
11.061013	5.682866
11.061013	5.753702
12.537848	5.753702
12.537848	5.809154
13.910036	5.809154
13.910036	5.841796
15.092734	5.841796
15.092734	5.876800
17.073240	5.876800
17.073240	5.924446
18.784365	5.924446
18.784365	5.979365
20.130308	5.979365
20.130308	6.071250
22.034155	6.071250
22.034155	6.224291
23.396018	6.224291
23.396018	6.402085
24.367632	6.402085
24.367632	6.647011
25.681637	6.647011
25.681637	6.908964
26.694128	6.908964
26.694128	7.064123
27.536369	7.064123
27.536369	7.170659
28.859290	7.170659
28.859290	7.246745
30.046679	7.246745
30.046679	7.296061
31.117370	7.296061
31.117370	7.344843
32.851748	7.344843
32.851748	7.391624
34.424879	7.391624
34.424879	7.426230
35.852289	7.426230
35.852289	7.460529
38.066886	7.460529
38.066886	7.492857
40.050398	7.492857
40.050398	7.516750
41.863850	7.516750
41.863850	7.539980
44.575502	7.539980
44.575502	7.561515
47.049948	7.561515
47.049948	7.577193
49.325604	7.577193
49.325604	7.591347
52.611777	7.591347
52.611777	7.603103
55.603045	7.603103
55.603045	7.610526
58.352777	7.610526
58.352777	7.615968
62.140341	7.615968
62.140341	7.619547
65.552098	7.619547
65.552098	7.621324
68.645756	7.621324
& cycle # 1, chisq = 9206.029151, e = 29.997552
0.000000	0.000000
0.000000	0.000000
0.000000	4.301229
1.023503	4.301229
1.023503	5.120975
1.808584	5.120975
1.808584	5.182376
2.349991	5.182376
2.349991	5.227541
3.173286	5.227541
3.173286	5.269651
3.976603	5.269651
3.976603	5.300006
4.635324	5.300006
4.635324	5.332886
5.784403	5.332886
5.784403	5.375769
6.862986	5.375769
6.862986	5.421189
7.713360	5.421189
7.713360	5.487857
9.040217	5.487857
9.040217	5.579980
10.171564	5.579980
10.171564	5.658605
11.061013	5.658605
11.061013	5.731709
12.537848	5.731709
12.537848	5.788873
13.910036	5.788873
13.910036	5.822403
15.092734	5.822403
15.092734	5.858176
17.073240	5.858176
17.073240	5.906680
18.784365	5.906680
18.784365	5.962465
20.130308	5.962465
20.130308	6.055683
22.034155	6.055683
22.034155	6.210812
23.396018	6.210812
23.396018	6.390909
24.367632	6.390909
24.367632	6.638841
25.681637	6.638841
25.681637	6.903802
26.694128	6.903802
26.694128	7.060596
27.536369	7.060596
27.536369	7.168190
28.859290	7.168190
28.859290	7.245109
30.046679	7.245109
30.046679	7.295119
31.117370	7.295119
31.117370	7.344806
32.851748	7.344806
32.851748	7.392697
34.424879	7.392697
34.424879	7.428325
35.852289	7.428325
35.852289	7.463845
38.066886	7.463845
38.066886	7.497517
40.050398	7.497517
40.050398	7.522545
41.863850	7.522545
41.863850	7.547000
44.575502	7.547000
44.575502	7.569764
47.049948	7.569764
47.049948	7.586392
49.325604	7.586392
49.325604	7.601436
52.611777	7.601436
52.611777	7.613947
55.603045	7.613947
55.603045	7.621855
58.352777	7.621855
58.352777	7.627658
62.140341	7.627658
62.140341	7.631476
65.552098	7.631476
65.552098	7.633376
68.645756	7.633376
& cycle # 2, chisq = 9212.213129, e = 29.997552
0.000000	0.000000
0.000000	0.000000
0.000000	4.081003
1.023503	4.081003
1.023503	4.965509
1.808584	4.965509
1.808584	5.053578
2.349991	5.053578
2.349991	5.117270
3.173286	5.117270
3.173286	5.175277
3.976603	5.175277
3.976603	5.215867
4.635324	5.215867
4.635324	5.258285
5.784403	5.258285
5.784403	5.312000
6.862986	5.312000
6.862986	5.367875
7.713360	5.367875
7.713360	5.448904
9.040217	5.448904
9.040217	5.559643
10.171564	5.559643
10.171564	5.652883
11.061013	5.652883
11.061013	5.737629
12.537848	5.737629
12.537848	5.801178
13.910036	5.801178
13.910036	5.835931
15.092734	5.835931
15.092734	5.870447
17.073240	5.870447
17.073240	5.915461
18.784365	5.915461
18.784365	5.966557
20.130308	5.966557
20.130308	6.051742
22.034155	6.051742
22.034155	6.193745
23.396018	6.193745
23.396018	6.359272
24.367632	6.359272
24.367632	6.588816
25.681637	6.588816
25.681637	6.837279
26.694128	6.837279
26.694128	6.987987
27.536369	6.987987
27.536369	7.096215
28.859290	7.096215
28.859290	7.178372
30.046679	7.178372
30.046679	7.234741
31.117370	7.234741
31.117370	7.293098
32.851748	7.293098
32.851748	7.351483
34.424879	7.351483
34.424879	7.396509
35.852289	7.396509
35.852289	7.442931
38.066886	7.442931
38.066886	7.488314
40.050398	7.488314
40.050398	7.522996
41.863850	7.522996
41.863850	7.557678
44.575502	7.557678
44.575502	7.590572
47.049948	7.590572
47.049948	7.614942
49.325604	7.614942
49.325604	7.637195
52.611777	7.637195
52.611777	7.655811
55.603045	7.655811
55.603045	7.667623
58.352777	7.667623
58.352777	7.676318
62.140341	7.676318
62.140341	7.682064
65.552098	7.682064
65.552098	7.684945
68.645756	7.684945
& cycle # 3, chisq = 9287.321311, e = 29.997552
0.000000	0.000000
0.000000	0.000000
0.000000	4.292426
1.023503	4.292426
1.023503	5.261387
1.808584	5.261387
1.808584	5.351037
2.349991	5.351037
2.349991	5.411983
3.173286	5.411983
3.173286	5.464701
3.976603	5.464701
3.976603	5.499627
4.635324	5.499627
4.635324	5.533971
5.784403	5.533971
5.784403	5.575471
6.862986	5.575471
6.862986	5.617621
7.713360	5.617621
7.713360	5.678113
9.040217	5.678113
9.040217	5.760393
10.171564	5.760393
10.171564	5.829547
11.061013	5.829547
11.061013	5.892545
12.537848	5.892545
12.537848	5.940341
13.910036	5.940341
13.910036	5.967261
15.092734	5.967261
15.092734	5.995085
17.073240	5.995085
17.073240	6.032365
18.784365	6.032365
18.784365	6.075206
20.130308	6.075206
20.130308	6.147011
22.034155	6.147011
22.034155	6.267020
23.396018	6.267020
23.396018	6.407101
24.367632	6.407101
24.367632	6.601498
25.681637	6.601498
25.681637	6.811936
26.694128	6.811936
26.694128	6.939422
27.536369	6.939422
27.536369	7.030538
28.859290	7.030538
28.859290	7.099041
30.046679	7.099041
30.046679	7.145473
31.117370	7.145473
31.117370	7.192963
32.851748	7.192963
32.851748	7.239904
34.424879	7.239904
34.424879	7.275674
35.852289	7.275674
35.852289	7.312141
38.066886	7.312141
38.066886	7.347428
40.050398	7.347428
40.050398	7.374148
41.863850	7.374148
41.863850	7.400668
44.575502	7.400668
44.575502	7.425671
47.049948	7.425671
47.049948	7.444112
49.325604	7.444112
49.325604	7.460903
52.611777	7.460903
52.611777	7.474924
55.603045	7.474924
55.603045	7.483812
58.352777	7.483812
58.352777	7.490350
62.140341	7.490350
62.140341	7.494668
65.552098	7.494668
65.552098	7.496830
68.645756	7.496830
& cycle # 4, chisq = 9259.193456, e = 29.997552
0.000000	0.000000
0.000000	0.000000
0.000000	4.252253
1.023503	4.252253
1.023503	5.104496
1.808584	5.104496
1.808584	5.169112
2.349991	5.169112
2.349991	5.216428
3.173286	5.216428
3.173286	5.260352
3.976603	5.260352
3.976603	5.291842
4.635324	5.291842
4.635324	5.325732
5.784403	5.325732
5.784403	5.369698
6.862986	5.369698
6.862986	5.416119
7.713360	5.416119
7.713360	5.484118
9.040217	5.484118
9.040217	5.577915
10.171564	5.577915
10.171564	5.657809
11.061013	5.657809
11.061013	5.731866
12.537848	5.731866
12.537848	5.789479
13.910036	5.789479
13.910036	5.823021
15.092734	5.823021
15.092734	5.858570
17.073240	5.858570
17.073240	5.906634
18.784365	5.906634
18.784365	5.961885
20.130308	5.961885
20.130308	6.054249
22.034155	6.054249
22.034155	6.208077
23.396018	6.208077
23.396018	6.386859
24.367632	6.386859
24.367632	6.633394
25.681637	6.633394
25.681637	6.897600
26.694128	6.897600
26.694128	7.054774
27.536369	7.054774
27.536369	7.163667
28.859290	7.163667
28.859290	7.242503
30.046679	7.242503
30.046679	7.294336
31.117370	7.294336
31.117370	7.346264
32.851748	7.346264
32.851748	7.396695
34.424879	7.396695
34.424879	7.434489
35.852289	7.434489
35.852289	7.472431
38.066886	7.472431
38.066886	7.508634
40.050398	7.508634
40.050398	7.535704
41.863850	7.535704
41.863850	7.562287
44.575502	7.562287
44.575502	7.587136
47.049948	7.587136
47.049948	7.605343
49.325604	7.605343
49.325604	7.621850
52.611777	7.621850
52.611777	7.635597
55.603045	7.635597
55.603045	7.644293
58.352777	7.644293
58.352777	7.650678
62.140341	7.650678
62.140341	7.654885
65.552098	7.654885
65.552098	7.656981
68.645756	7.656981
& cycle # 5, chisq = 9225.974194, e = 29.997552
0.000000	0.000000
0.000000	0.000000
0.000000	3.938738
1.076859	3.938738
1.076859	5.164347
1.869696	5.164347
1.869696	5.231509
2.418297	5.231509
2.418297	5.278775
3.246382	5.278775
3.246382	5.321607
4.053331	5.321607
4.053331	5.352261
4.714303	5.352261
4.714303	5.386355
5.848799	5.386355
5.848799	5.432177
6.901647	5.432177
6.901647	5.480688
7.727750	5.480688
7.727750	5.548946
9.009972	5.548946
9.009972	5.636604
10.122974	5.636604
10.122974	5.705235
11.018648	5.705235
11.018648	5.765086
12.524288	5.765086
12.524288	5.812341
13.937274	5.812341
13.937274	5.842855
15.155184	5.842855
15.155184	5.878711
17.164753	5.878711
17.164753	5.929983
18.884392	5.929983
18.884392	5.990350
20.226030	5.990350
20.226030	6.091383
22.092623	6.091383
22.092623	6.258421
23.421808	6.258421
23.421808	6.449047
24.372385	6.449047
24.372385	6.701475
25.661808	6.701475
25.661808	6.958453
26.672782	6.958453
26.672782	7.105592
27.523249	7.105592
27.523249	7.206624
28.856994	7.206624
28.856994	7.280789
30.057723	7.280789
30.057723	7.330017
31.141892	7.330017
31.141892	7.378818
32.886298	7.378818
32.886298	7.425547
34.470591	7.425547
34.470591	7.460137
35.909667	7.460137
35.909667	7.494285
38.128643	7.494285
38.128643	7.526386
40.118979	7.526386
40.118979	7.550119
41.940447	7.550119
41.940447	7.573105
44.648600	7.573105
44.648600	7.594356
47.122799	7.594356
47.122799	7.609826
49.400311	7.609826
49.400311	7.623733
52.671848	7.623733
52.671848	7.635241
55.653214	7.635241
55.653214	7.642499
58.395941	7.642499
58.395941	7.647795
62.155872	7.647795
62.155872	7.651263
65.546247	7.651263
65.546247	7.652980
68.623074	7.652980
& cycle # 1, chisq = 8857.164311, e = 29.582571
0.000000	0.000000
0.000000	0.000000
0.000000	4.027697
1.076859	4.027697
1.076859	5.386700
1.869696	5.386700
1.869696	5.449073
2.418297	5.449073
2.418297	5.491182
3.246382	5.491182
3.246382	5.528412
4.053331	5.528412
4.053331	5.554411
4.714303	5.554411
4.714303	5.582641
5.848799	5.582641
5.848799	5.619978
6.901647	5.619978
6.901647	5.659166
7.727750	5.659166
7.727750	5.714009
9.009972	5.714009
9.009972	5.784113
10.122974	5.784113
10.122974	5.838703
11.018648	5.838703
11.018648	5.885926
12.524288	5.885926
12.524288	5.922767
13.937274	5.922767
13.937274	5.946216
15.155184	5.946216
15.155184	5.973510
17.164753	5.973510
17.164753	6.012443
18.884392	6.012443
18.884392	6.058341
20.226030	6.058341
20.226030	6.135411
22.092623	6.135411
22.092623	6.263421
23.421808	6.263421
23.421808	6.410425
24.372385	6.410425
24.372385	6.607032
25.661808	6.607032
25.661808	6.810614
26.672782	6.810614
26.672782	6.931045
27.523249	6.931045
27.523249	7.018607
28.856994	7.018607
28.856994	7.087569
30.057723	7.087569
30.057723	7.136243
31.141892	7.136243
31.141892	7.186936
32.886298	7.186936
32.886298	7.237802
34.470591	7.237802
34.470591	7.277243
35.909667	7.277243
35.909667	7.317944
38.128643	7.317944
38.128643	7.357823
40.118979	7.357823
40.118979	7.388446
41.940447	7.388446
41.940447	7.419072
44.648600	7.419072
44.648600	7.448132
47.122799	7.448132
47.122799	7.469705
49.400311	7.469705
49.400311	7.489347
52.671848	7.489347
52.671848	7.505731
55.653214	7.505731
55.653214	7.516118
58.395941	7.516118
58.395941	7.523730
62.155872	7.523730
62.155872	7.528741
65.546247	7.528741
65.546247	7.531248
68.623074	7.531248
& cycle # 2, chisq = 8919.537795, e = 29.582571
0.000000	0.000000
0.000000	0.000000
0.000000	3.688048
1.076859	3.688048
1.076859	4.934127
1.869696	4.934127
1.869696	5.023013
2.418297	5.023013
2.418297	5.087035
3.246382	5.087035
3.246382	5.145420
4.053331	5.145420
4.053331	5.187216
4.714303	5.187216
4.714303	5.233524
5.848799	5.233524
5.848799	5.295423
6.901647	5.295423
6.901647	5.360595
7.727750	5.360595
7.727750	5.451708
9.009972	5.451708
9.009972	5.567694
10.122974	5.567694
10.122974	5.657229
11.018648	5.657229
11.018648	5.733156
12.524288	5.733156
12.524288	5.789940
13.937274	5.789940
13.937274	5.823631
15.155184	5.823631
15.155184	5.860252
17.164753	5.860252
17.164753	5.910506
18.884392	5.910506
18.884392	5.968735
20.226030	5.968735
20.226030	6.065645
22.092623	6.065645
22.092623	6.225620
23.421808	6.225620
23.421808	6.408301
24.372385	6.408301
24.372385	6.650897
25.661808	6.650897
25.661808	6.899437
26.672782	6.899437
26.672782	7.043786
27.523249	7.043786
27.523249	7.145820
28.856994	7.145820
28.856994	7.223888
30.057723	7.223888
30.057723	7.277912
31.141892	7.277912
31.141892	7.333504
32.886298	7.333504
32.886298	7.388738
34.470591	7.388738
34.470591	7.431178
35.909667	7.431178
35.909667	7.474617
38.128643	7.474617
38.128643	7.516866
40.118979	7.516866
40.118979	7.549097
41.940447	7.549097
41.940447	7.581157
44.648600	7.581157
44.648600	7.611445
47.122799	7.611445
47.122799	7.633859
49.400311	7.633859
49.400311	7.654224
52.671848	7.654224
52.671848	7.671189
55.653214	7.671189
55.653214	7.681934
58.395941	7.681934
58.395941	7.689802
62.155872	7.689802
62.155872	7.694976
65.546247	7.694976
65.546247	7.697559
68.623074	7.697559
& cycle # 3, chisq = 8922.954212, e = 29.582571
0.000000	0.000000
0.000000	0.000000
0.000000	3.889215
1.076859	3.889215
1.076859	5.128770
1.869696	5.128770
1.869696	5.192756
2.418297	5.192756
2.418297	5.238793
3.246382	5.238793
3.246382	5.281310
4.053331	5.281310
4.053331	5.312314
4.714303	5.312314
4.714303	5.347388
5.848799	5.347388
5.848799	5.395017
6.901647	5.395017
6.901647	5.445694
7.727750	5.445694
7.727750	5.517174
9.009972	5.517174
9.009972	5.609098
10.122974	5.609098
10.122974	5.681121
11.018648	5.681121
11.018648	5.743888
12.524288	5.743888
12.524288	5.793253
13.937274	5.793253
13.937274	5.824859
15.155184	5.824859
15.155184	5.861643
17.164753	5.861643
17.164753	5.913906
18.884392	5.913906
18.884392	5.975211
20.226030	5.975211
20.226030	6.077541
22.092623	6.077541
22.092623	6.246320
23.421808	6.246320
23.421808	6.438443
24.372385	6.438443
24.372385	6.691957
25.661808	6.691957
25.661808	6.948614
26.672782	6.948614
26.672782	7.094111
27.523249	7.094111
27.523249	7.192382
28.856994	7.192382
28.856994	7.263184
30.057723	7.263184
30.057723	7.309527
31.141892	7.309527
31.141892	7.355059
32.886298	7.355059
32.886298	7.398340
34.470591	7.398340
34.470591	7.430159
35.909667	7.430159
35.909667	7.461379
38.128643	7.461379
38.128643	7.490563
40.118979	7.490563
40.118979	7.512029
41.940447	7.512029
41.940447	7.532732
44.648600	7.532732
44.648600	7.551807
47.122799	7.551807
47.122799	7.565656
49.400311	7.565656
49.400311	7.578085
52.671848	7.578085
52.671848	7.588360
55.653214	7.588360
55.653214	7.594835
58.395941	7.594835
58.395941	7.599558
62.155872	7.599558
62.155872	7.602648
65.546247	7.602648
65.546247	7.604177
68.623074	7.604177
& cycle # 4, chisq = 8845.011726, e = 29.582571
0.000000	0.000000
0.000000	0.000000
0.000000	3.767871
1.076859	3.767871
1.076859	4.993588
1.869696	4.993588
1.869696	5.065231
2.418297	5.065231
2.418297	5.117661
3.246382	5.117661
3.246382	5.166646
4.053331	5.166646
4.053331	5.202773
4.714303	5.202773
4.714303	5.244052
5.848799	5.244052
5.848799	5.300416
6.901647	5.300416
6.901647	5.360497
7.727750	5.360497
7.727750	5.445219
9.009972	5.445219
9.009972	5.553957
10.122974	5.553957
10.122974	5.638774
11.018648	5.638774
11.018648	5.711908
12.524288	5.711908
12.524288	5.768130
13.937274	5.768130
13.937274	5.802805
15.155184	5.802805
15.155184	5.841734
17.164753	5.841734
17.164753	5.895935
18.884392	5.895935
18.884392	5.958944
20.226030	5.958944
20.226030	6.063673
22.092623	6.063673
22.092623	6.235994
23.421808	6.235994
23.421808	6.431836
24.372385	6.431836
24.372385	6.689914
25.661808	6.689914
25.661808	6.950888
26.672782	6.950888
26.672782	7.098736
27.523249	7.098736
27.523249	7.198818
28.856994	7.198818
28.856994	7.271509
30.057723	7.271509
30.057723	7.319716
31.141892	7.319716
31.141892	7.367819
32.886298	7.367819
32.886298	7.414334
34.470591	7.414334
34.470591	7.449173
35.909667	7.449173
35.909667	7.484009
38.128643	7.484009
38.128643	7.517187
40.118979	7.517187
40.118979	7.542030
41.940447	7.542030
41.940447	7.566367
44.648600	7.566367
44.648600	7.589082
47.122799	7.589082
47.122799	7.605739
49.400311	7.605739
49.400311	7.620786
52.671848	7.620786
52.671848	7.633275
55.653214	7.633275
55.653214	7.641167
58.395941	7.641167
58.395941	7.646935
62.155872	7.646935
62.155872	7.650719
65.546247	7.650719
65.546247	7.652598
68.623074	7.652598
& cycle # 5, chisq = 8872.392000, e = 29.582571
0.000000	0.000000
0.000000	0.000000
0.000000	4.114640
1.035118	4.114640
1.035118	5.110849
1.883940	5.110849
1.883940	5.206074
2.481653	5.206074
2.481653	5.261680
3.348746	5.261680
3.348746	5.309908
4.179449	5.309908
4.179449	5.349190
4.847080	5.349190
4.847080	5.398691
5.904042	5.398691
5.904042	5.464311
6.861472	5.464311
6.861472	5.524158
7.629016	5.524158
7.629016	5.587029
8.839703	5.587029
8.839703	5.645336
9.989635	5.645336
9.989635	5.682775
10.980562	5.682775
10.980562	5.716743
12.624770	5.716743
12.624770	5.752821
14.154520	5.752821
14.154520	5.787759
15.438499	5.787759
15.438499	5.840444
17.368987	5.840444
17.368987	5.924802
18.926560	5.924802
18.926560	6.027946
20.092049	6.027946
20.092049	6.190290
21.605225	6.190290
21.605225	6.425198
22.701953	6.425198
22.701953	6.641809
23.535473	6.641809
23.535473	6.852628
24.735488	6.852628
24.735488	7.014988
25.779946	7.014988
25.779946	7.102023
26.705750	7.102023
26.705750	7.171636
28.134930	7.171636
28.134930	7.233438
29.437403	7.233438
29.437403	7.279263
30.620997	7.279263
30.620997	7.325362
32.459870	7.325362
32.459870	7.369824
34.141192	7.369824
34.141192	7.403444
35.676974	7.403444
35.676974	7.436558
37.970702	7.436558
37.970702	7.467789
40.043626	7.467789
40.043626	7.491268
41.950396	7.491268
41.950396	7.513828
44.702936	7.513828
44.702936	7.534545
47.233069	7.534545
47.233069	7.549645
49.572949	7.549645
49.572949	7.562889
52.842429	7.562889
52.842429	7.573585
55.837567	7.573585
55.837567	7.580243
58.601335	7.580243
58.601335	7.584969
62.292337	7.584969
62.292337	7.588001
65.631736	7.588001
65.631736	7.589497
68.668966	7.589497
& cycle # 1, chisq = 8958.308790, e = 27.436344
0.000000	0.000000
0.000000	0.000000
0.000000	4.278917
1.035118	4.278917
1.035118	5.498380
1.883940	5.498380
1.883940	5.639852
2.481653	5.639852
2.481653	5.714965
3.348746	5.714965
3.348746	5.770711
4.179449	5.770711
4.179449	5.809488
4.847080	5.809488
4.847080	5.853451
5.904042	5.853451
5.904042	5.907937
6.861472	5.907937
6.861472	5.955094
7.629016	5.955094
7.629016	6.002024
8.839703	6.002024
8.839703	6.042699
9.989635	6.042699
9.989635	6.066563
10.980562	6.066563
10.980562	6.085991
12.624770	6.085991
12.624770	6.104651
14.154520	6.104651
14.154520	6.121683
15.438499	6.121683
15.438499	6.146976
17.368987	6.146976
17.368987	6.187661
18.926560	6.187661
18.926560	6.238015
20.092049	6.238015
20.092049	6.318795
21.605225	6.318795
21.605225	6.438868
22.701953	6.438868
22.701953	6.554029
23.535473	6.554029
23.535473	6.673857
24.735488	6.673857
24.735488	6.777348
25.779946	6.777348
25.779946	6.843470
26.705750	6.843470
26.705750	6.906850
28.134930	6.906850
28.134930	6.971754
29.437403	6.971754
29.437403	7.025827
30.620997	7.025827
30.620997	7.086305
32.459870	7.086305
32.459870	7.150852
34.141192	7.150852
34.141192	7.204597
35.676974	7.204597
35.676974	7.262388
37.970702	7.262388
37.970702	7.321319
40.043626	7.321319
40.043626	7.368726
41.950396	7.368726
41.950396	7.416793
44.702936	7.416793
44.702936	7.462748
47.233069	7.462748
47.233069	7.497206
49.572949	7.497206
49.572949	7.527948
52.842429	7.527948
52.842429	7.553024
55.837567	7.553024
55.837567	7.568735
58.601335	7.568735
58.601335	7.579944
62.292337	7.579944
62.292337	7.587190
65.631736	7.587190
65.631736	7.590813
68.668966	7.590813
& cycle # 2, chisq = 9166.480082, e = 27.436344
0.000000	0.000000
0.000000	0.000000
0.000000	4.027813
1.035118	4.027813
1.035118	5.066206
1.883940	5.066206
1.883940	5.170264
2.481653	5.170264
2.481653	5.230752
3.348746	5.230752
3.348746	5.282834
4.179449	5.282834
4.179449	5.324918
4.847080	5.324918
4.847080	5.377612
5.904042	5.377612
5.904042	5.447095
6.861472	5.447095
6.861472	5.510135
7.629016	5.510135
7.629016	5.575916
8.839703	5.575916
8.839703	5.636333
9.989635	5.636333
9.989635	5.674575
10.980562	5.674575
10.980562	5.708622
12.624770	5.708622
12.624770	5.744133
14.154520	5.744133
14.154520	5.778147
15.438499	5.778147
15.438499	5.829263
17.368987	5.829263
17.368987	5.911116
18.926560	5.911116
18.926560	6.011347
20.092049	6.011347
20.092049	6.169523
21.605225	6.169523
21.605225	6.399278
22.701953	6.399278
22.701953	6.612345
23.535473	6.612345
23.535473	6.821758
24.735488	6.821758
24.735488	6.985879
25.779946	6.985879
25.779946	7.076430
26.705750	7.076430
26.705750	7.151195
28.134930	7.151195
28.134930	7.219287
29.437403	7.219287
29.437403	7.270818
30.620997	7.270818
30.620997	7.323610
32.459870	7.323610
32.459870	7.375424
34.141192	7.375424
34.141192	7.415263
35.676974	7.415263
35.676974	7.455106
37.970702	7.455106
37.970702	7.493205
40.043626	7.493205
40.043626	7.522195
41.950396	7.522195
41.950396	7.550325
44.702936	7.550325
44.702936	7.576350
47.233069	7.576350
47.233069	7.595420
49.572949	7.595420
49.572949	7.612200
52.842429	7.612200
52.842429	7.625776
55.837567	7.625776
55.837567	7.634238
58.601335	7.634238
58.601335	7.640247
62.292337	7.640247
62.292337	7.644109
65.631736	7.644109
65.631736	7.646018
68.668966	7.646018
& cycle # 3, chisq = 8983.557716, e = 27.436344
0.000000	0.000000
0.000000	0.000000
0.000000	4.310784
1.035118	4.310784
1.035118	5.456208
1.883940	5.456208
1.883940	5.559277
2.481653	5.559277
2.481653	5.613303
3.348746	5.613303
3.348746	5.656285
4.179449	5.656285
4.179449	5.689014
4.847080	5.689014
4.847080	5.728756
5.904042	5.728756
5.904042	5.780350
6.861472	5.780350
6.861472	5.826698
7.629016	5.826698
7.629016	5.874673
8.839703	5.874673
8.839703	5.918399
9.989635	5.918399
9.989635	5.945890
10.980562	5.945890
10.980562	5.970291
12.624770	5.970291
12.624770	5.995771
14.154520	5.995771
14.154520	6.020263
15.438499	6.020263
15.438499	6.057210
17.368987	6.057210
17.368987	6.116587
18.926560	6.116587
18.926560	6.189550
20.092049	6.189550
20.092049	6.305172
21.605225	6.305172
21.605225	6.474007
22.701953	6.474007
22.701953	6.631747
23.535473	6.631747
23.535473	6.788722
24.735488	6.788722
24.735488	6.914422
25.779946	6.914422
25.779946	6.986176
26.705750	6.986176
26.705750	7.047608
28.134930	7.047608
28.134930	7.105200
29.437403	7.105200
29.437403	7.149843
30.620997	7.149843
30.620997	7.196616
32.459870	7.196616
32.459870	7.243556
34.141192	7.243556
34.141192	7.280454
35.676974	7.280454
35.676974	7.318136
37.970702	7.318136
37.970702	7.354871
40.043626	7.354871
40.043626	7.383312
41.950396	7.383312
41.950396	7.411301
44.702936	7.411301
44.702936	7.437477
47.233069	7.437477
47.233069	7.456807
49.572949	7.456807
49.572949	7.473899
52.842429	7.473899
52.842429	7.487769
55.837567	7.487769
55.837567	7.496432
58.601335	7.496432
58.601335	7.502599
62.292337	7.502599
62.292337	7.506576
65.631736	7.506576
65.631736	7.508557
68.668966	7.508557
& cycle # 4, chisq = 9035.051410, e = 27.436344
0.000000	0.000000
0.000000	0.000000
0.000000	3.995467
1.035118	3.995467
1.035118	5.012418
1.883940	5.012418
1.883940	5.116907
2.481653	5.116907
2.481653	5.179165
3.348746	5.179165
3.348746	5.233778
4.179449	5.233778
4.179449	5.278510
4.847080	5.278510
4.847080	5.334909
5.904042	5.334909
5.904042	5.409530
6.861472	5.409530
6.861472	5.477356
7.629016	5.477356
7.629016	5.548194
8.839703	5.548194
8.839703	5.613228
9.989635	5.613228
9.989635	5.654275
10.980562	5.654275
10.980562	5.690570
12.624770	5.690570
12.624770	5.728075
14.154520	5.728075
14.154520	5.763721
15.438499	5.763721
15.438499	5.817033
17.368987	5.817033
17.368987	5.902141
18.926560	5.902141
18.926560	6.006099
20.092049	6.006099
20.092049	6.169729
21.605225	6.169729
21.605225	6.406659
22.701953	6.406659
22.701953	6.625434
23.535473	6.625434
23.535473	6.838947
24.735488	6.838947
24.735488	7.004277
25.779946	7.004277
25.779946	7.093784
26.705750	7.093784
26.705750	7.166258
28.134930	7.166258
28.134930	7.231321
29.437403	7.231321
29.437403	7.280040
30.620997	7.280040
30.620997	7.329506
32.459870	7.329506
32.459870	7.377651
34.141192	7.377651
34.141192	7.414380
35.676974	7.414380
35.676974	7.450854
37.970702	7.450854
37.970702	7.485513
40.043626	7.485513
40.043626	7.511741
41.950396	7.511741
41.950396	7.537080
44.702936	7.537080
44.702936	7.560444
47.233069	7.560444
47.233069	7.577523
49.572949	7.577523
49.572949	7.592530
52.842429	7.592530
52.842429	7.604661
55.837567	7.604661
55.837567	7.612217
58.601335	7.612217
58.601335	7.617582
62.292337	7.617582
62.292337	7.621027
65.631736	7.621027
65.631736	7.622727
68.668966	7.622727
& cycle # 5, chisq = 8974.009920, e = 27.436344
0.000000	0.000000
0.000000	0.000000
0.000000	3.980729
0.999684	3.980729
0.999684	5.073390
1.808031	5.073390
1.808031	5.185666
2.378640	5.185666
2.378640	5.251579
3.203359	5.251579
3.203359	5.307584
4.003563	5.307584
4.003563	5.347036
4.666978	5.347036
4.666978	5.387085
5.765335	5.387085
5.765335	5.433876
6.817753	5.433876
6.817753	5.478276
7.684494	5.478276
7.684494	5.535229
9.029261	5.535229
9.029261	5.605991
10.244933	5.605991
10.244933	5.665327
11.240615	5.665327
11.240615	5.723144
12.814105	5.723144
12.814105	5.776536
14.248138	5.776536
14.248138	5.818241
15.453594	5.818241
15.453594	5.873429
17.277949	5.873429
17.277949	5.956927
18.781458	5.956927
18.781458	6.056103
19.931057	6.056103
19.931057	6.209030
21.450900	6.209030
21.450900	6.428303
22.576254	6.428303
22.576254	6.634597
23.438424	6.634597
23.438424	6.844355
24.669629	6.844355
24.669629	7.014191
25.733936	7.014191
25.733936	7.107207
26.673700	7.107207
26.673700	7.179450
28.114330	7.179450
28.114330	7.241673
29.427685	7.241673
29.427685	7.287339
30.622035	7.287339
30.622035	7.333153
32.468633	7.333153
32.468633	7.377380
34.158570	7.377380
34.158570	7.410946
35.703428	7.410946
35.703428	7.444024
38.000565	7.444024
38.000565	7.475260
40.078721	7.475260
40.078721	7.498806
41.991664	7.498806
41.991664	7.521397
44.741855	7.521397
44.741855	7.542087
47.271816	7.542087
47.271816	7.557133
49.612751	7.557133
49.612751	7.570268
52.870212	7.570268
52.870212	7.580871
55.854719	7.580871
55.854719	7.587539
58.607742	7.587539
58.607742	7.592388
62.267410	7.592388
62.267410	7.595668
65.576100	7.595668
65.576100	7.597464
68.583262	7.597464
& cycle # 1, chisq = 9166.492383, e = 27.140170
0.000000	0.000000
0.000000	0.000000
0.000000	4.064630
0.999684	4.064630
0.999684	5.339156
1.808031	5.339156
1.808031	5.523430
2.378640	5.523430
2.378640	5.632011
3.203359	5.632011
3.203359	5.717212
4.003563	5.717212
4.003563	5.770329
4.666978	5.770329
4.666978	5.816455
5.765335	5.816455
5.765335	5.862900
6.817753	5.862900
6.817753	5.902546
7.684494	5.902546
7.684494	5.950201
9.029261	5.950201
9.029261	6.006847
10.244933	6.006847
10.244933	6.052421
11.240615	6.052421
11.240615	6.094269
12.814105	6.094269
12.814105	6.129434
14.248138	6.129434
14.248138	6.154017
15.453594	6.154017
15.453594	6.184623
17.277949	6.184623
17.277949	6.230405
18.781458	6.230405
18.781458	6.285146
19.931057	6.285146
19.931057	6.370793
21.450900	6.370793
21.450900	6.496206
22.576254	6.496206
22.576254	6.617816
23.438424	6.617816
23.438424	6.747777
24.669629	6.747777
24.669629	6.862199
25.733936	6.862199
25.733936	6.933758
26.673700	6.933758
26.673700	6.998336
28.114330	6.998336
28.114330	7.061235
29.427685	7.061235
29.427685	7.111975
30.622035	7.111975
30.622035	7.167096
32.468633	7.167096
32.468633	7.224337
34.158570	7.224337
34.158570	7.270817
35.703428	7.270817
35.703428	7.319441
38.000565	7.319441
38.000565	7.367797
40.078721	7.367797
40.078721	7.405885
41.991664	7.405885
41.991664	7.443693
44.741855	7.443693
44.741855	7.479206
47.271816	7.479206
47.271816	7.505496
49.612751	7.505496
49.612751	7.528699
52.870212	7.528699
52.870212	7.547559
55.854719	7.547559
55.854719	7.559474
58.607742	7.559474
58.607742	7.568161
62.267410	7.568161
62.267410	7.574051
65.576100	7.574051
65.576100	7.577277
68.583262	7.577277
& cycle # 2, chisq = 9322.443831, e = 27.140170
0.000000	0.000000
0.000000	0.000000
0.000000	4.055374
0.999684	4.055374
0.999684	5.238901
1.808031	5.238901
1.808031	5.355076
2.378640	5.355076
2.378640	5.418553
3.203359	5.418553
3.203359	5.470061
4.003563	5.470061
4.003563	5.504991
4.666978	5.504991
4.666978	5.539231
5.765335	5.539231
5.765335	5.578173
6.817753	5.578173
6.817753	5.614544
7.684494	5.614544
7.684494	5.660850
9.029261	5.660850
9.029261	5.718224
10.244933	5.718224
10.244933	5.766348
11.240615	5.766348
11.240615	5.813416
12.814105	5.813416
12.814105	5.857264
14.248138	5.857264
14.248138	5.891968
15.453594	5.891968
15.453594	5.938458
17.277949	5.938458
17.277949	6.009447
18.781458	6.009447
18.781458	6.094445
19.931057	6.094445
19.931057	6.226691
21.450900	6.226691
21.450900	6.418414
22.576254	6.418414
22.576254	6.601488
23.438424	6.601488
23.438424	6.792068
24.669629	6.792068
24.669629	6.952498
25.733936	6.952498
25.733936	7.045938
26.673700	7.045938
26.673700	7.123680
28.114330	7.123680
28.114330	7.194325
29.427685	7.194325
29.427685	7.248162
30.622035	7.248162
30.622035	7.303764
32.468633	7.303764
32.468633	7.358816
34.158570	7.358816
34.158570	7.401552
35.703428	7.401552
35.703428	7.444489
38.000565	7.444489
38.000565	7.485700
40.078721	7.485700
40.078721	7.517190
41.991664	7.517190
41.991664	7.547718
44.741855	7.547718
44.741855	7.575894
47.271816	7.575894
47.271816	7.596495
49.612751	7.596495
49.612751	7.614540
52.870212	7.614540
52.870212	7.629139
55.854719	7.629139
55.854719	7.638336
58.607742	7.638336
58.607742	7.645032
62.267410	7.645032
62.267410	7.649570
65.576100	7.649570
65.576100	7.652061
68.583262	7.652061
& cycle # 3, chisq = 9198.125151, e = 27.140170
0.000000	0.000000
0.000000	0.000000
0.000000	4.310655
0.999684	4.310655
0.999684	5.532601
1.808031	5.532601
1.808031	5.642534
2.378640	5.642534
2.378640	5.699245
3.203359	5.699245
3.203359	5.743364
4.003563	5.743364
4.003563	5.772187
4.666978	5.772187
4.666978	5.799452
5.765335	5.799452
5.765335	5.829595
6.817753	5.829595
6.817753	5.857275
7.684494	5.857275
7.684494	5.892230
9.029261	5.892230
9.029261	5.935382
10.244933	5.935382
10.244933	5.971533
11.240615	5.971533
11.240615	6.006913
12.814105	6.006913
12.814105	6.039959
14.248138	6.039959
14.248138	6.066233
15.453594	6.066233
15.453594	6.101596
17.277949	6.101596
17.277949	6.155800
18.781458	6.155800
18.781458	6.220914
19.931057	6.220914
19.931057	6.322603
21.450900	6.322603
21.450900	6.470707
22.576254	6.470707
22.576254	6.613015
23.438424	6.613015
23.438424	6.762645
24.669629	6.762645
24.669629	6.890703
25.733936	6.890703
25.733936	6.967243
26.673700	6.967243
26.673700	7.032813
28.114330	7.032813
28.114330	7.093883
29.427685	7.093883
29.427685	7.141376
30.622035	7.141376
30.622035	7.191346
32.468633	7.191346
32.468633	7.241743
34.158570	7.241743
34.158570	7.281596
35.703428	7.281596
35.703428	7.322350
38.000565	7.322350
38.000565	7.362115
40.078721	7.362115
40.078721	7.392957
41.991664	7.392957
41.991664	7.423228
44.741855	7.423228
44.741855	7.451445
47.271816	7.451445
47.271816	7.472240
49.612751	7.472240
49.612751	7.490567
52.870212	7.490567
52.870212	7.505482
55.854719	7.505482
55.854719	7.514946
58.607742	7.514946
58.607742	7.521911
62.267410	7.521911
62.267410	7.526717
65.576100	7.526717
65.576100	7.529440
68.583262	7.529440
& cycle # 4, chisq = 9242.619035, e = 27.140170
0.000000	0.000000
0.000000	0.000000
0.000000	4.020091
0.999684	4.020091
0.999684	5.170281
1.808031	5.170281
1.808031	5.286781
2.378640	5.286781
2.378640	5.352583
3.203359	5.352583
3.203359	5.406954
4.003563	5.406954
4.003563	5.444280
4.666978	5.444280
4.666978	5.481216
5.765335	5.481216
5.765335	5.523493
6.817753	5.523493
6.817753	5.563107
7.684494	5.563107
7.684494	5.613594
9.029261	5.613594
9.029261	5.676134
10.244933	5.676134
10.244933	5.728521
11.240615	5.728521
11.240615	5.779601
12.814105	5.779601
12.814105	5.826922
14.248138	5.826922
14.248138	5.864111
15.453594	5.864111
15.453594	5.913668
17.277949	5.913668
17.277949	5.989103
18.781458	5.989103
18.781458	6.079207
19.931057	6.079207
19.931057	6.219032
21.450900	6.219032
21.450900	6.421092
22.576254	6.421092
22.576254	6.613194
23.438424	6.613194
23.438424	6.811774
24.669629	6.811774
24.669629	6.976993
25.733936	6.976993
25.733936	7.071454
26.673700	7.071454
26.673700	7.148404
28.114330	7.148404
28.114330	7.217124
29.427685	7.217124
29.427685	7.268791
30.622035	7.268791
30.622035	7.321537
32.468633	7.321537
32.468633	7.373191
34.158570	7.373191
34.158570	7.412872
35.703428	7.412872
35.703428	7.452355
38.000565	7.452355
38.000565	7.489923
40.078721	7.489923
40.078721	7.518411
41.991664	7.518411
41.991664	7.545859
44.741855	7.545859
44.741855	7.571070
47.271816	7.571070
47.271816	7.589437
49.612751	7.589437
49.612751	7.605485
52.870212	7.605485
52.870212	7.618440
55.854719	7.618440
55.854719	7.626584
58.607742	7.626584
58.607742	7.632497
62.267410	7.632497
62.267410	7.636485
65.576100	7.636485
65.576100	7.638657
68.583262	7.638657
& cycle # 5, chisq = 9184.670363, e = 27.140170
0.000000	0.000000
0.000000	0.000000
0.000000	5.083851
0.890059	5.083851
0.890059	5.888509
1.678847	5.888509
1.678847	5.979519
2.226865	5.979519
2.226865	6.033739
3.046773	6.033739
3.046773	6.077547
3.845543	6.077547
3.845543	6.105456
4.504259	6.105456
4.504259	6.129895
5.646676	6.129895
5.646676	6.153313
6.753520	6.153313
6.753520	6.172696
7.661857	6.172696
7.661857	6.198048
9.110000	6.198048
9.110000	6.233071
10.374219	6.233071
10.374219	6.266649
11.360058	6.266649
11.360058	6.303977
12.903921	6.303977
12.903921	6.338224
14.268330	6.338224
14.268330	6.359279
15.409252	6.359279
15.409252	6.380964
17.232035	6.380964
17.232035	6.410883
18.762674	6.410883
18.762674	6.446319
19.943005	6.446319
19.943005	6.504967
21.561089	6.504967
21.561089	6.598390
22.728741	6.598390
22.728741	6.697991
23.590586	6.697991
23.590586	6.817936
24.812444	6.817936
24.812444	6.932070
25.827847	6.932070
25.827847	7.002309
26.707987	7.002309
26.707987	7.063455
28.094494	7.063455
28.094494	7.121585
29.349318	7.121585
29.349318	7.167604
30.484369	7.167604
30.484369	7.218134
32.295940	7.218134
32.295940	7.270803
33.943810	7.270803
33.943810	7.313068
35.442569	7.313068
35.442569	7.357637
37.736517	7.357637
37.736517	7.402022
39.797707	7.402022
39.797707	7.436549
41.686236	7.436549
41.686236	7.471062
44.474866	7.471062
44.474866	7.503545
47.025923	7.503545
47.025923	7.527338
49.375928	7.527338
49.375928	7.548525
52.726690	7.548525
52.726690	7.565936
55.777308	7.565936
55.777308	7.577079
58.576691	7.577079
58.576691	7.585666
62.372048	7.585666
62.372048	7.592057
65.774317	7.592057
65.774317	7.596088
68.842889	7.596088
& cycle # 1, chisq = 10730.512770, e = 29.084095
0.000000	0.000000
0.000000	0.000000
0.000000	4.631770
0.890059	4.631770
0.890059	5.283561
1.678847	5.283561
1.678847	5.351927
2.226865	5.351927
2.226865	5.398945
3.046773	5.398945
3.046773	5.441624
3.845543	5.441624
3.845543	5.471926
4.504259	5.471926
4.504259	5.501853
5.646676	5.501853
5.646676	5.534626
6.753520	5.534626
6.753520	5.564808
7.661857	5.564808
7.661857	5.606638
9.110000	5.606638
9.110000	5.666167
10.374219	5.666167
10.374219	5.724286
11.360058	5.724286
11.360058	5.790013
12.903921	5.790013
12.903921	5.851877
14.268330	5.851877
14.268330	5.891526
15.409252	5.891526
15.409252	5.934015
17.232035	5.934015
17.232035	5.993294
18.762674	5.993294
18.762674	6.063105
19.943005	6.063105
19.943005	6.177248
21.561089	6.177248
21.561089	6.356105
22.728741	6.356105
22.728741	6.542586
23.590586	6.542586
23.590586	6.759266
24.812444	6.759266
24.812444	6.953381
25.827847	6.953381
25.827847	7.061248
26.707987	7.061248
26.707987	7.143710
28.094494	7.143710
28.094494	7.213710
29.349318	7.213710
29.349318	7.264563
30.484369	7.264563
30.484369	7.316577
32.295940	7.316577
32.295940	7.367367
33.943810	7.367367
33.943810	7.405718
35.442569	7.405718
35.442569	7.444028
37.736517	7.444028
37.736517	7.480421
39.797707	7.480421
39.797707	7.507614
41.686236	7.507614
41.686236	7.533953
44.474866	7.533953
44.474866	7.558160
47.025923	7.558160
47.025923	7.575580
49.375928	7.575580
49.375928	7.590898
52.726690	7.590898
52.726690	7.603358
55.777308	7.603358
55.777308	7.611256
58.576691	7.611256
58.576691	7.617282
62.372048	7.617282
62.372048	7.621718
65.774317	7.621718
65.774317	7.624483
68.842889	7.624483
& cycle # 2, chisq = 10555.774666, e = 29.084095
0.000000	0.000000
0.000000	0.000000
0.000000	4.620871
0.890059	4.620871
0.890059	5.306166
1.678847	5.306166
1.678847	5.378593
2.226865	5.378593
2.226865	5.427654
3.046773	5.427654
3.046773	5.471662
3.845543	5.471662
3.845543	5.502521
4.504259	5.502521
4.504259	5.532541
5.646676	5.532541
5.646676	5.564869
6.753520	5.564869
6.753520	5.594250
7.661857	5.594250
7.661857	5.634663
9.110000	5.634663
9.110000	5.691916
10.374219	5.691916
10.374219	5.747622
11.360058	5.747622
11.360058	5.810359
12.903921	5.810359
12.903921	5.869000
14.268330	5.869000
14.268330	5.906155
15.409252	5.906155
15.409252	5.945529
17.232035	5.945529
17.232035	6.000270
18.762674	6.000270
18.762674	6.064811
19.943005	6.064811
19.943005	6.170660
21.561089	6.170660
21.561089	6.337241
22.728741	6.337241
22.728741	6.511970
23.590586	6.511970
23.590586	6.717009
24.812444	6.717009
24.812444	6.903872
25.827847	6.903872
25.827847	7.010926
26.707987	7.010926
26.707987	7.096242
28.094494	7.096242
28.094494	7.171516
29.349318	7.171516
29.349318	7.227898
30.484369	7.227898
30.484369	7.287091
32.295940	7.287091
32.295940	7.346344
33.943810	7.346344
33.943810	7.392174
35.442569	7.392174
35.442569	7.438986
37.736517	7.438986
37.736517	7.484365
39.797707	7.484365
39.797707	7.518889
41.686236	7.518889
41.686236	7.552831
44.474866	7.552831
44.474866	7.584404
47.025923	7.584404
47.025923	7.607352
49.375928	7.607352
49.375928	7.627703
52.726690	7.627703
52.726690	7.644405
55.777308	7.644405
55.777308	7.655107
58.576691	7.655107
58.576691	7.663392
62.372048	7.663392
62.372048	7.669621
65.774317	7.669621
65.774317	7.673616
68.842889	7.673616
& cycle # 3, chisq = 10593.230675, e = 29.084095
0.000000	0.000000
0.000000	0.000000
0.000000	5.068209
0.890059	5.068209
0.890059	5.777208
1.678847	5.777208
1.678847	5.832781
2.226865	5.832781
2.226865	5.866741
3.046773	5.866741
3.046773	5.895333
3.845543	5.895333
3.845543	5.914325
4.504259	5.914325
4.504259	5.931762
5.646676	5.931762
5.646676	5.949410
6.753520	5.949410
6.753520	5.964704
7.661857	5.964704
7.661857	5.985239
9.110000	5.985239
9.110000	6.014034
10.374219	6.014034
10.374219	6.041960
11.360058	6.041960
11.360058	6.073468
12.903921	6.073468
12.903921	6.103154
14.268330	6.103154
14.268330	6.122310
15.409252	6.122310
15.409252	6.143160
17.232035	6.143160
17.232035	6.172775
18.762674	6.172775
18.762674	6.208240
19.943005	6.208240
19.943005	6.267349
21.561089	6.267349
21.561089	6.362200
22.728741	6.362200
22.728741	6.464261
23.590586	6.464261
23.590586	6.588953
24.812444	6.588953
24.812444	6.710460
25.827847	6.710460
25.827847	6.788165
26.707987	6.788165
26.707987	6.859048
28.094494	6.859048
28.094494	6.929296
29.349318	6.929296
29.349318	6.986902
30.484369	6.986902
30.484369	7.052308
32.295940	7.052308
32.295940	7.122845
33.943810	7.122845
33.943810	7.181426
35.442569	7.181426
35.442569	7.245305
37.736517	7.245305
37.736517	7.310958
39.797707	7.310958
39.797707	7.363523
41.686236	7.363523
41.686236	7.417386
44.474866	7.417386
44.474866	7.469169
47.025923	7.469169
47.025923	7.507826
49.375928	7.507826
49.375928	7.542872
52.726690	7.542872
52.726690	7.572244
55.777308	7.572244
55.777308	7.591508
58.576691	7.591508
58.576691	7.606827
62.372048	7.606827
62.372048	7.618717
65.774317	7.618717
65.774317	7.626632
68.842889	7.626632
& cycle # 4, chisq = 10725.619030, e = 29.084095
0.000000	0.000000
0.000000	0.000000
0.000000	4.654791
0.890059	4.654791
0.890059	5.323733
1.678847	5.323733
1.678847	5.389307
2.226865	5.389307
2.226865	5.433737
3.046773	5.433737
3.046773	5.473885
3.845543	5.473885
3.845543	5.502335
4.504259	5.502335
4.504259	5.530414
5.646676	5.530414
5.646676	5.561160
6.753520	5.561160
6.753520	5.589484
7.661857	5.589484
7.661857	5.628766
9.110000	5.628766
9.110000	5.684723
10.374219	5.684723
10.374219	5.739437
11.360058	5.739437
11.360058	5.801486
12.903921	5.801486
12.903921	5.860212
14.268330	5.860212
14.268330	5.898232
15.409252	5.898232
15.409252	5.939444
17.232035	5.939444
17.232035	5.997306
18.762674	5.997306
18.762674	6.065635
19.943005	6.065635
19.943005	6.177556
21.561089	6.177556
21.561089	6.353249
22.728741	6.353249
22.728741	6.536828
23.590586	6.536828
23.590586	6.750833
24.812444	6.750833
24.812444	6.943587
25.827847	6.943587
25.827847	7.051682
26.707987	7.051682
26.707987	7.135300
28.094494	7.135300
28.094494	7.206995
29.349318	7.206995
29.349318	7.259447
30.484369	7.259447
30.484369	7.313387
32.295940	7.313387
32.295940	7.366311
33.943810	7.366311
33.943810	7.406453
35.442569	7.406453
35.442569	7.446715
37.736517	7.446715
37.736517	7.485101
39.797707	7.485101
39.797707	7.513873
41.686236	7.513873
41.686236	7.541815
44.474866	7.541815
44.474866	7.567548
47.025923	7.567548
47.025923	7.586098
49.375928	7.586098
49.375928	7.602434
52.726690	7.602434
52.726690	7.615742
55.777308	7.615742
55.777308	7.624194
58.576691	7.624194
58.576691	7.630658
62.372048	7.630658
62.372048	7.635436
65.774317	7.635436
65.774317	7.638429
68.842889	7.638429
& cycle # 5, chisq = 10559.600518, e = 29.084095
0.000000	0.000000
0.000000	0.000000
0.000000	4.562865
0.841343	4.562865
0.841343	5.266391
1.582886	5.266391
1.582886	5.336313
2.098574	5.336313
2.098574	5.384655
2.868498	5.384655
2.868498	5.429654
3.618410	5.429654
3.618410	5.462890
4.237331	5.462890
4.237331	5.496825
5.313081	5.496825
5.313081	5.531843
6.377121	5.531843
6.377121	5.558404
7.283589	5.558404
7.283589	5.588014
8.812380	5.588014
8.812380	5.626176
10.236125	5.626176
10.236125	5.666218
11.381116	5.666218
11.381116	5.724851
13.141355	5.724851
13.141355	5.807360
14.586034	5.807360
14.586034	5.884798
15.703576	5.884798
15.703576	5.970870
17.383981	5.970870
17.383981	6.059219
18.784740	6.059219
18.784740	6.131510
19.902591	6.131510
19.902591	6.228138
21.524326	6.228138
21.524326	6.369140
22.770434	6.369140
22.770434	6.520345
23.718756	6.520345
23.718756	6.718860
25.054951	6.718860
25.054951	6.933120
26.126482	6.933120
26.126482	7.072806
27.025991	7.072806
27.025991	7.178070
28.410838	7.178070
28.410838	7.255287
29.653919	7.255287
29.653919	7.304328
30.776808	7.304328
30.776808	7.351598
32.564969	7.351598
32.564969	7.396627
34.192085	7.396627
34.192085	7.430121
35.672417	7.430121
35.672417	7.463145
37.934202	7.463145
37.934202	7.494191
39.967331	7.494191
39.967331	7.517225
41.830674	7.517225
41.830674	7.539442
44.577703	7.539442
44.577703	7.559887
47.091758	7.559887
47.091758	7.574716
49.408853	7.574716
49.408853	7.587896
52.710180	7.587896
52.710180	7.598694
55.721700	7.598694
55.721700	7.605484
58.492504	7.605484
58.492504	7.610443
62.258173	7.610443
62.258173	7.613745
65.651745	7.613745
65.651745	7.615461
68.728555	7.615461
& cycle # 1, chisq = 11370.394545, e = 28.966340
0.000000	0.000000
0.000000	0.000000
0.000000	4.585940
0.841343	4.585940
0.841343	5.255258
1.582886	5.255258
1.582886	5.331838
2.098574	5.331838
2.098574	5.386948
2.868498	5.386948
2.868498	5.439004
3.618410	5.439004
3.618410	5.477721
4.237331	5.477721
4.237331	5.517342
5.313081	5.517342
5.313081	5.558182
6.377121	5.558182
6.377121	5.589027
7.283589	5.589027
7.283589	5.623182
8.812380	5.623182
8.812380	5.666881
10.236125	5.666881
10.236125	5.712435
11.381116	5.712435
11.381116	5.778668
13.141355	5.778668
13.141355	5.871019
14.586034	5.871019
14.586034	5.956533
15.703576	5.956533
15.703576	6.049405
17.383981	6.049405
17.383981	6.141321
18.784740	6.141321
18.784740	6.213418
19.902591	6.213418
19.902591	6.307263
21.524326	6.307263
21.524326	6.442817
22.770434	6.442817
22.770434	6.587560
23.718756	6.587560
23.718756	6.776984
25.054951	6.776984
25.054951	6.980702
26.126482	6.980702
26.126482	7.112884
27.025991	7.112884
27.025991	7.211910
28.410838	7.211910
28.410838	7.284216
29.653919	7.284216
29.653919	7.330131
30.776808	7.330131
30.776808	7.374600
32.564969	7.374600
32.564969	7.417269
34.192085	7.417269
34.192085	7.449282
35.672417	7.449282
35.672417	7.481139
37.934202	7.481139
37.934202	7.511369
39.967331	7.511369
39.967331	7.534000
41.830674	7.534000
41.830674	7.556000
44.577703	7.556000
44.577703	7.576376
47.091758	7.576376
47.091758	7.591232
49.408853	7.591232
49.408853	7.604481
52.710180	7.604481
52.710180	7.615361
55.721700	7.615361
55.721700	7.622217
58.492504	7.622217
58.492504	7.627235
62.258173	7.627235
62.258173	7.630588
65.651745	7.630588
65.651745	7.632338
68.728555	7.632338
& cycle # 2, chisq = 11387.756682, e = 28.966340
0.000000	0.000000
0.000000	0.000000
0.000000	4.495841
0.841343	4.495841
0.841343	5.214361
1.582886	5.214361
1.582886	5.303180
2.098574	5.303180
2.098574	5.365804
2.868498	5.365804
2.868498	5.423641
3.618410	5.423641
3.618410	5.465668
4.237331	5.465668
4.237331	5.507597
5.313081	5.507597
5.313081	5.549527
6.377121	5.549527
6.377121	5.579996
7.283589	5.579996
7.283589	5.612315
8.812380	5.612315
8.812380	5.652366
10.236125	5.652366
10.236125	5.693426
11.381116	5.693426
11.381116	5.752691
13.141355	5.752691
13.141355	5.835059
14.586034	5.835059
14.586034	5.911245
15.703576	5.911245
15.703576	5.994085
17.383981	5.994085
17.383981	6.076470
18.784740	6.076470
18.784740	6.141678
19.902591	6.141678
19.902591	6.227434
21.524326	6.227434
21.524326	6.352461
22.770434	6.352461
22.770434	6.487250
23.718756	6.487250
23.718756	6.665950
25.054951	6.665950
25.054951	6.861912
26.126482	6.861912
26.126482	6.993225
27.025991	6.993225
27.025991	7.096893
28.410838	7.096893
28.410838	7.177903
29.653919	7.177903
29.653919	7.232710
30.776808	7.232710
30.776808	7.288212
32.564969	7.288212
32.564969	7.343367
34.192085	7.343367
34.192085	7.386060
35.672417	7.386060
35.672417	7.429738
37.934202	7.429738
37.934202	7.472212
39.967331	7.472212
39.967331	7.504697
41.830674	7.504697
41.830674	7.536827
44.577703	7.536827
44.577703	7.566992
47.091758	7.566992
47.091758	7.589209
49.408853	7.589209
49.408853	7.609157
52.710180	7.609157
52.710180	7.625617
55.721700	7.625617
55.721700	7.636028
58.492504	7.636028
58.492504	7.643679
62.258173	7.643679
62.258173	7.648821
65.651745	7.648821
65.651745	7.651536
68.728555	7.651536
& cycle # 3, chisq = 11431.163848, e = 28.966340
0.000000	0.000000
0.000000	0.000000
0.000000	5.099473
0.841343	5.099473
0.841343	5.861424
1.582886	5.861424
1.582886	5.920562
2.098574	5.920562
2.098574	5.956655
2.868498	5.956655
2.868498	5.987536
3.618410	5.987536
3.618410	6.008782
4.237331	6.008782
4.237331	6.029095
5.313081	6.029095
5.313081	6.048635
6.377121	6.048635
6.377121	6.062237
7.283589	6.062237
7.283589	6.076029
8.812380	6.076029
8.812380	6.092601
10.236125	6.092601
10.236125	6.109397
11.381116	6.109397
11.381116	6.133694
13.141355	6.133694
13.141355	6.167842
14.586034	6.167842
14.586034	6.200096
15.703576	6.200096
15.703576	6.236588
17.383981	6.236588
17.383981	6.275333
18.784740	6.275333
18.784740	6.308506
19.902591	6.308506
19.902591	6.354665
21.524326	6.354665
21.524326	6.424210
22.770434	6.424210
22.770434	6.501263
23.718756	6.501263
23.718756	6.607055
25.054951	6.607055
25.054951	6.729177
26.126482	6.729177
26.126482	6.817929
27.025991	6.817929
27.025991	6.897085
28.410838	6.897085
28.410838	6.968401
29.653919	6.968401
29.653919	7.023017
30.776808	7.023017
30.776808	7.083596
32.564969	7.083596
32.564969	7.148554
34.192085	7.148554
34.192085	7.202464
35.672417	7.202464
35.672417	7.261216
37.934202	7.261216
37.934202	7.321662
39.967331	7.321662
39.967331	7.370223
41.830674	7.370223
41.830674	7.420201
44.577703	7.420201
44.577703	7.468593
47.091758	7.468593
47.091758	7.505057
49.408853	7.505057
49.408853	7.538302
52.710180	7.538302
52.710180	7.566021
55.721700	7.566021
55.721700	7.583699
58.492504	7.583699
58.492504	7.596794
62.258173	7.596794
62.258173	7.605693
65.651745	7.605693
65.651745	7.610477
68.728555	7.610477
& cycle # 4, chisq = 11566.164513, e = 28.966340
0.000000	0.000000
0.000000	0.000000
0.000000	4.669943
0.841343	4.669943
0.841343	5.361769
1.582886	5.361769
1.582886	5.429038
2.098574	5.429038
2.098574	5.475217
2.868498	5.475217
2.868498	5.517855
3.618410	5.517855
3.618410	5.549078
4.237331	5.549078
4.237331	5.580651
5.313081	5.580651
5.313081	5.612852
6.377121	5.612852
6.377121	5.636913
7.283589	5.636913
7.283589	5.663308
8.812380	5.663308
8.812380	5.696940
10.236125	5.696940
10.236125	5.732042
11.381116	5.732042
11.381116	5.783373
13.141355	5.783373
13.141355	5.855680
14.586034	5.855680
14.586034	5.923753
15.703576	5.923753
15.703576	5.999928
17.383981	5.999928
17.383981	6.079048
18.784740	6.079048
18.784740	6.144761
19.902591	6.144761
19.902591	6.233631
21.524326	6.233631
21.524326	6.364314
22.770434	6.364314
22.770434	6.505415
23.718756	6.505415
23.718756	6.692297
25.054951	6.692297
25.054951	6.896624
26.126482	6.896624
26.126482	7.032675
27.025991	7.032675
27.025991	7.138733
28.410838	7.138733
28.410838	7.219984
29.653919	7.219984
29.653919	7.273702
30.776808	7.273702
30.776808	7.326937
32.564969	7.326937
32.564969	7.378742
34.192085	7.378742
34.192085	7.418011
35.672417	7.418011
35.672417	7.457378
37.934202	7.457378
37.934202	7.494935
39.967331	7.494935
39.967331	7.523160
41.830674	7.523160
41.830674	7.550668
44.577703	7.550668
44.577703	7.576188
47.091758	7.576188
47.091758	7.594813
49.408853	7.594813
49.408853	7.611432
52.710180	7.611432
52.710180	7.625083
55.721700	7.625083
55.721700	7.633684
58.492504	7.633684
58.492504	7.639977
62.258173	7.639977
62.258173	7.644179
65.651745	7.644179
65.651745	7.646370
68.728555	7.646370
& cycle # 5, chisq = 11392.963637, e = 28.966340
0.000000	0.000000
0.000000	0.000000
0.000000	2.951223
1.144854	2.951223
1.144854	4.784305
1.865968	4.784305
1.865968	4.919665
2.375251	4.919665
2.375251	5.010117
3.110549	5.010117
3.110549	5.093558
3.824052	5.093558
3.824052	5.156247
4.416825	5.156247
4.416825	5.220360
5.407342	5.220360
5.407342	5.287243
6.386098	5.287243
6.386098	5.338252
7.229360	5.338252
7.229360	5.389116
8.623053	5.389116
8.623053	5.441882
9.972727	5.441882
9.972727	5.486842
11.117736	5.486842
11.117736	5.543446
12.920143	5.543446
12.920143	5.619150
14.490525	5.619150
14.490525	5.697388
15.737983	5.697388
15.737983	5.805012
17.512222	5.805012
17.512222	5.949208
18.911601	5.949208
18.911601	6.087377
19.975598	6.087377
19.975598	6.253904
21.420195	6.253904
21.420195	6.450327
22.543428	6.450327
22.543428	6.621785
23.432548	6.621785
23.432548	6.807801
24.712518	6.807801
24.712518	6.981148
25.804573	6.981148
25.804573	7.087971
26.754483	7.087971
26.754483	7.169364
28.194411	7.169364
28.194411	7.232604
29.501748	7.232604
29.501748	7.275228
30.689748	7.275228
30.689748	7.316528
32.524392	7.316528
32.524392	7.355946
34.203664	7.355946
34.203664	7.385741
35.739015	7.385741
35.739015	7.415042
38.019969	7.415042
38.019969	7.442697
40.083920	7.442697
40.083920	7.463567
41.984067	7.463567
41.984067	7.483629
44.713628	7.483629
44.713628	7.502072
47.225174	7.502072
47.225174	7.515560
49.549708	7.515560
49.549708	7.527400
52.783028	7.527400
52.783028	7.536986
55.748082	7.536986
55.748082	7.542996
58.486293	7.542996
58.486293	7.547290
62.129342	7.547290
62.129342	7.550075
65.430103	7.550075
65.430103	7.551473
68.436486	7.551473
& cycle # 1, chisq = 8415.414813, e = 27.079848
0.000000	0.000000
0.000000	0.000000
0.000000	2.880305
1.144854	2.880305
1.144854	4.698468
1.865968	4.698468
1.865968	4.838919
2.375251	4.838919
2.375251	4.933683
3.110549	4.933683
3.110549	5.021691
3.824052	5.021691
3.824052	5.088206
4.416825	5.088206
4.416825	5.156629
5.407342	5.156629
5.407342	5.228439
6.386098	5.228439
6.386098	5.283568
7.229360	5.283568
7.229360	5.338963
8.623053	5.338963
8.623053	5.396881
9.972727	5.396881
9.972727	5.446512
11.117736	5.446512
11.117736	5.509115
12.920143	5.509115
12.920143	5.592734
14.490525	5.592734
14.490525	5.678839
15.737983	5.678839
15.737983	5.796546
17.512222	5.796546
17.512222	5.952871
18.911601	5.952871
18.911601	6.100987
19.975598	6.100987
19.975598	6.277163
21.420195	6.277163
21.420195	6.482440
22.543428	6.482440
22.543428	6.659976
23.432548	6.659976
23.432548	6.851324
24.712518	6.851324
24.712518	7.028484
25.804573	7.028484
25.804573	7.136697
26.754483	7.136697
26.754483	7.218183
28.194411	7.218183
28.194411	7.280730
29.501748	7.280730
29.501748	7.322508
30.689748	7.322508
30.689748	7.362796
32.524392	7.362796
32.524392	7.401141
34.203664	7.401141
34.203664	7.430069
35.739015	7.430069
35.739015	7.458479
38.019969	7.458479
38.019969	7.485265
40.083920	7.485265
40.083920	7.505465
41.984067	7.505465
41.984067	7.524872
44.713628	7.524872
44.713628	7.542705
47.225174	7.542705
47.225174	7.555744
49.549708	7.555744
49.549708	7.567186
52.783028	7.567186
52.783028	7.576450
55.748082	7.576450
55.748082	7.582257
58.486293	7.582257
58.486293	7.586405
62.129342	7.586405
62.129342	7.589094
65.430103	7.589094
65.430103	7.590443
68.436486	7.590443
& cycle # 2, chisq = 8412.082062, e = 27.079848
0.000000	0.000000
0.000000	0.000000
0.000000	2.893710
1.144854	2.893710
1.144854	4.746322
1.865968	4.746322
1.865968	4.886985
2.375251	4.886985
2.375251	4.979452
3.110549	4.979452
3.110549	5.064036
3.824052	5.064036
3.824052	5.127289
4.416825	5.127289
4.416825	5.191858
5.407342	5.191858
5.407342	5.259225
6.386098	5.259225
6.386098	5.310691
7.229360	5.310691
7.229360	5.362180
8.623053	5.362180
8.623053	5.415822
9.972727	5.415822
9.972727	5.461709
11.117736	5.461709
11.117736	5.519639
12.920143	5.519639
12.920143	5.597246
14.490525	5.597246
14.490525	5.677526
15.737983	5.677526
15.737983	5.788007
17.512222	5.788007
17.512222	5.936065
18.911601	5.936065
18.911601	6.077965
19.975598	6.077965
19.975598	6.249065
21.420195	6.249065
21.420195	6.451050
22.543428	6.451050
22.543428	6.627592
23.432548	6.627592
23.432548	6.819518
24.712518	6.819518
24.712518	6.998968
25.804573	6.998968
25.804573	7.110191
26.754483	7.110191
26.754483	7.195717
28.194411	7.195717
28.194411	7.262952
29.501748	7.262952
29.501748	7.308799
30.689748	7.308799
30.689748	7.353671
32.524392	7.353671
32.524392	7.396893
34.203664	7.396893
34.203664	7.429857
35.739015	7.429857
35.739015	7.462549
38.019969	7.462549
38.019969	7.493643
40.083920	7.493643
40.083920	7.517272
41.984067	7.517272
41.984067	7.540116
44.713628	7.540116
44.713628	7.561207
47.225174	7.561207
47.225174	7.576681
49.549708	7.576681
49.549708	7.590289
52.783028	7.590289
52.783028	7.601321
55.748082	7.601321
55.748082	7.608241
58.486293	7.608241
58.486293	7.613189
62.129342	7.613189
62.129342	7.616401
65.430103	7.616401
65.430103	7.618015
68.436486	7.618015
& cycle # 3, chisq = 8423.927945, e = 27.079848
0.000000	0.000000
0.000000	0.000000
0.000000	2.830379
1.144854	2.830379
1.144854	4.725845
1.865968	4.725845
1.865968	4.903774
2.375251	4.903774
2.375251	5.022055
3.110549	5.022055
3.110549	5.127818
3.824052	5.127818
3.824052	5.204474
4.416825	5.204474
4.416825	5.280103
5.407342	5.280103
5.407342	5.356291
6.386098	5.356291
6.386098	5.412315
7.229360	5.412315
7.229360	5.465864
8.623053	5.465864
8.623053	5.518814
9.972727	5.518814
9.972727	5.562002
11.117736	5.562002
11.117736	5.614761
12.920143	5.614761
12.920143	5.683999
14.490525	5.683999
14.490525	5.754692
15.737983	5.754692
15.737983	5.851190
17.512222	5.851190
17.512222	5.979795
18.911601	5.979795
18.911601	6.102506
19.975598	6.102506
19.975598	6.249983
21.420195	6.249983
21.420195	6.423938
22.543428	6.423938
22.543428	6.576366
23.432548	6.576366
23.432548	6.743188
24.712518	6.743188
24.712518	6.901030
25.804573	6.901030
25.804573	7.000875
26.754483	7.000875
26.754483	7.080109
28.194411	7.080109
28.194411	7.144837
29.501748	7.144837
29.501748	7.190632
30.689748	7.190632
30.689748	7.236852
32.524392	7.236852
32.524392	7.282633
34.203664	7.282633
34.203664	7.318496
35.739015	7.318496
35.739015	7.354962
38.019969	7.354962
38.019969	7.390446
40.083920	7.390446
40.083920	7.417963
41.984067	7.417963
41.984067	7.445004
44.713628	7.445004
44.713628	7.470284
47.225174	7.470284
47.225174	7.489000
49.549708	7.489000
49.549708	7.505551
52.783028	7.505551
52.783028	7.519017
55.748082	7.519017
55.748082	7.527488
58.486293	7.527488
58.486293	7.533561
62.129342	7.533561
62.129342	7.537522
65.430103	7.537522
65.430103	7.539532
68.436486	7.539532
& cycle # 4, chisq = 8459.219648, e = 27.079848
0.000000	0.000000
0.000000	0.000000
0.000000	2.848961
1.144854	2.848961
1.144854	4.684905
1.865968	4.684905
1.865968	4.833340
2.375251	4.833340
2.375251	4.933000
3.110549	4.933000
3.110549	5.024890
3.824052	5.024890
3.824052	5.093823
4.416825	5.093823
4.416825	5.164212
5.407342	5.164212
5.407342	5.237547
6.386098	5.237547
6.386098	5.293408
7.229360	5.293408
7.229360	5.349029
8.623053	5.349029
8.623053	5.406608
9.972727	5.406608
9.972727	5.455529
11.117736	5.455529
11.117736	5.516902
12.920143	5.516902
12.920143	5.598643
14.490525	5.598643
14.490525	5.682707
15.737983	5.682707
15.737983	5.797631
17.512222	5.797631
17.512222	5.950416
18.911601	5.950416
18.911601	6.095436
19.975598	6.095436
19.975598	6.268368
21.420195	6.268368
21.420195	6.470460
22.543428	6.470460
22.543428	6.645784
23.432548	6.645784
23.432548	6.835421
24.712518	6.835421
24.712518	7.011877
25.804573	7.011877
25.804573	7.120537
26.754483	7.120537
26.754483	7.203375
28.194411	7.203375
28.194411	7.267915
29.501748	7.267915
29.501748	7.311627
30.689748	7.311627
30.689748	7.354240
32.524392	7.354240
32.524392	7.395177
34.203664	7.395177
34.203664	7.426331
35.739015	7.426331
35.739015	7.457173
38.019969	7.457173
38.019969	7.486462
40.083920	7.486462
40.083920	7.508691
41.984067	7.508691
41.984067	7.530158
44.713628	7.530158
44.713628	7.549963
47.225174	7.549963
47.225174	7.564485
49.549708	7.564485
49.549708	7.577251
52.783028	7.577251
52.783028	7.587598
55.748082	7.587598
55.748082	7.594087
58.486293	7.594087
58.486293	7.598725
62.129342	7.598725
62.129342	7.601735
65.430103	7.601735
65.430103	7.603247
68.436486	7.603247
& cycle # 5, chisq = 8421.157146, e = 27.079848
0.000000	0.000000
0.000000	0.000000
0.000000	4.089258
1.079801	4.089258
1.079801	5.024622
1.969856	5.024622
1.969856	5.112670
2.594082	5.112670
2.594082	5.167261
3.477862	5.167261
3.477862	5.228063
4.275264	5.228063
4.275264	5.286964
4.883041	5.286964
4.883041	5.357792
5.821581	5.357792
5.821581	5.433949
6.689176	5.433949
6.689176	5.486971
7.417423	5.486971
7.417423	5.535040
8.627338	5.535040
8.627338	5.580700
9.814159	5.580700
9.814159	5.613580
10.845977	5.613580
10.845977	5.646325
12.562430	5.646325
12.562430	5.682901
14.151963	5.682901
14.151963	5.719427
15.476845	5.719427
15.476845	5.775698
17.452783	5.775698
17.452783	5.867396
19.024609	5.867396
19.024609	5.980872
20.185375	5.980872
20.185375	6.160477
21.676008	6.160477
21.676008	6.419027
22.746758	6.419027
22.746758	6.651376
23.560531	6.651376
23.560531	6.868586
24.741897	6.868586
24.741897	7.029691
25.777186	7.029691
25.777186	7.115226
26.697578	7.115226
26.697578	7.185023
28.122723	7.185023
28.122723	7.247873
29.421437	7.247873
29.421437	7.294560
30.601296	7.294560
30.601296	7.341435
32.437693	7.341435
32.437693	7.386510
34.116174	7.386510
34.116174	7.420464
35.648914	7.420464
35.648914	7.453825
37.941871	7.453825
37.941871	7.485203
40.013297	7.485203
40.013297	7.508703
41.918179	7.508703
41.918179	7.531206
44.672149	7.531206
44.672149	7.551758
47.202649	7.551758
47.202649	7.566615
49.541905	7.566615
49.541905	7.579539
52.813634	7.579539
52.813634	7.589919
55.806984	7.589919
55.806984	7.596405
58.564553	7.596405
58.564553	7.601143
62.243719	7.601143
62.243719	7.604429
65.561494	7.604429
65.561494	7.606346
68.569096	7.606346
& cycle # 1, chisq = 8662.832885, e = 27.547036
0.000000	0.000000
0.000000	0.000000
0.000000	4.216350
1.079801	4.216350
1.079801	5.197254
1.969856	5.197254
1.969856	5.277399
2.594082	5.277399
2.594082	5.323042
3.477862	5.323042
3.477862	5.372100
4.275264	5.372100
4.275264	5.419100
4.883041	5.419100
4.883041	5.475410
5.821581	5.475410
5.821581	5.535887
6.689176	5.535887
6.689176	5.578044
7.417423	5.578044
7.417423	5.616483
8.627338	5.616483
8.627338	5.653438
9.814159	5.653438
9.814159	5.680593
10.845977	5.680593
10.845977	5.708478
12.562430	5.708478
12.562430	5.740685
14.151963	5.740685
14.151963	5.773625
15.476845	5.773625
15.476845	5.825028
17.452783	5.825028
17.452783	5.909468
19.024609	5.909468
19.024609	6.014643
20.185375	6.014643
20.185375	6.182282
21.676008	6.182282
21.676008	6.425684
22.746758	6.425684
22.746758	6.647029
23.560531	6.647029
23.560531	6.858015
24.741897	6.858015
24.741897	7.019683
25.777186	7.019683
25.777186	7.109712
26.697578	7.109712
26.697578	7.186362
28.122723	7.186362
28.122723	7.257238
29.421437	7.257238
29.421437	7.310784
30.601296	7.310784
30.601296	7.365202
32.437693	7.365202
32.437693	7.418020
34.116174	7.418020
34.116174	7.458088
35.648914	7.458088
35.648914	7.497639
37.941871	7.497639
37.941871	7.534948
40.013297	7.534948
40.013297	7.562937
41.918179	7.562937
41.918179	7.589758
44.672149	7.589758
44.672149	7.614258
47.202649	7.614258
47.202649	7.631965
49.541905	7.631965
49.541905	7.647358
52.813634	7.647358
52.813634	7.659707
55.806984	7.659707
55.806984	7.667407
58.564553	7.667407
58.564553	7.673013
62.243719	7.673013
62.243719	7.676879
65.561494	7.676879
65.561494	7.679111
68.569096	7.679111
& cycle # 2, chisq = 8679.605753, e = 27.547036
0.000000	0.000000
0.000000	0.000000
0.000000	3.968971
1.079801	3.968971
1.079801	4.936512
1.969856	4.936512
1.969856	5.033426
2.594082	5.033426
2.594082	5.094596
3.477862	5.094596
3.477862	5.163437
4.275264	5.163437
4.275264	5.230376
4.883041	5.230376
4.883041	5.310933
5.821581	5.310933
5.821581	5.397459
6.689176	5.397459
6.689176	5.457500
7.417423	5.457500
7.417423	5.511556
8.627338	5.511556
8.627338	5.562323
9.814159	5.562323
9.814159	5.598245
10.845977	5.598245
10.845977	5.633088
12.562430	5.633088
12.562430	5.670892
14.151963	5.670892
14.151963	5.707898
15.476845	5.707898
15.476845	5.764402
17.452783	5.764402
17.452783	5.856144
19.024609	5.856144
19.024609	5.969496
20.185375	5.969496
20.185375	6.148801
21.676008	6.148801
21.676008	6.406932
22.746758	6.406932
22.746758	6.639061
23.560531	6.639061
23.560531	6.856498
24.741897	6.856498
24.741897	7.018568
25.777186	7.018568
25.777186	7.105508
26.697578	7.105508
26.697578	7.177472
28.122723	7.177472
28.122723	7.243233
29.421437	7.243233
29.421437	7.292801
30.601296	7.292801
30.601296	7.343318
32.437693	7.343318
32.437693	7.392644
34.116174	7.392644
34.116174	7.430380
35.648914	7.430380
35.648914	7.468006
37.941871	7.468006
37.941871	7.503882
40.013297	7.503882
40.013297	7.531083
41.918179	7.531083
41.918179	7.557393
44.672149	7.557393
44.672149	7.581613
47.202649	7.581613
47.202649	7.599229
49.541905	7.599229
49.541905	7.614623
52.813634	7.614623
52.813634	7.627039
55.806984	7.627039
55.806984	7.634837
58.564553	7.634837
58.564553	7.640580
62.243719	7.640580
62.243719	7.644615
65.561494	7.644615
65.561494	7.647019
68.569096	7.647019
& cycle # 3, chisq = 8684.130148, e = 27.547036
0.000000	0.000000
0.000000	0.000000
0.000000	4.141424
1.079801	4.141424
1.079801	5.229375
1.969856	5.229375
1.969856	5.335827
2.594082	5.335827
2.594082	5.395860
3.477862	5.395860
3.477862	5.458610
4.275264	5.458610
4.275264	5.517394
4.883041	5.517394
4.883041	5.586331
5.821581	5.586331
5.821581	5.658421
6.689176	5.658421
6.689176	5.706868
7.417423	5.706868
7.417423	5.749168
8.627338	5.749168
8.627338	5.788111
9.814159	5.788111
9.814159	5.815344
10.845977	5.815344
10.845977	5.841541
12.562430	5.841541
12.562430	5.869822
14.151963	5.869822
14.151963	5.897501
15.476845	5.897501
15.476845	5.939907
17.452783	5.939907
17.452783	6.009055
19.024609	6.009055
19.024609	6.094882
20.185375	6.094882
20.185375	6.231408
21.676008	6.231408
21.676008	6.429385
22.746758	6.429385
22.746758	6.609287
23.560531	6.609287
23.560531	6.780834
24.741897	6.780834
24.741897	6.912754
25.777186	6.912754
25.777186	6.987018
26.697578	6.987018
26.697578	7.051472
28.122723	7.051472
28.122723	7.112499
29.421437	7.112499
29.421437	7.159846
30.601296	7.159846
30.601296	7.209405
32.437693	7.209405
32.437693	7.259075
34.116174	7.259075
34.116174	7.298050
35.648914	7.298050
35.648914	7.337842
37.941871	7.337842
37.941871	7.376611
40.013297	7.376611
40.013297	7.406575
41.918179	7.406575
41.918179	7.436018
44.672149	7.436018
44.672149	7.463469
47.202649	7.463469
47.202649	7.483639
49.541905	7.483639
49.541905	7.501423
52.813634	7.501423
52.813634	7.515904
55.806984	7.515904
55.806984	7.525123
58.564553	7.525123
58.564553	7.532056
62.243719	7.532056
62.243719	7.537099
65.561494	7.537099
65.561494	7.540270
68.569096	7.540270
& cycle # 4, chisq = 8731.112619, e = 27.547036
0.000000	0.000000
0.000000	0.000000
0.000000	3.955364
1.079801	3.955364
1.079801	4.913100
1.969856	4.913100
1.969856	5.010334
2.594082	5.010334
2.594082	5.072522
3.477862	5.072522
3.477862	5.142994
4.275264	5.142994
4.275264	5.211737
4.883041	5.211737
4.883041	5.294647
5.821581	5.294647
5.821581	5.383902
6.689176	5.383902
6.689176	5.445996
7.417423	5.445996
7.417423	5.502017
8.627338	5.502017
8.627338	5.554668
9.814159	5.554668
9.814159	5.591895
10.845977	5.591895
10.845977	5.627926
12.562430	5.627926
12.562430	5.666899
14.151963	5.666899
14.151963	5.704941
15.476845	5.704941
15.476845	5.762902
17.452783	5.762902
17.452783	5.856851
19.024609	5.856851
19.024609	5.972741
20.185375	5.972741
20.185375	6.155706
21.676008	6.155706
21.676008	6.418450
22.746758	6.418450
22.746758	6.653883
23.560531	6.653883
23.560531	6.873066
24.741897	6.873066
24.741897	7.034670
25.777186	7.034670
25.777186	7.119882
26.697578	7.119882
26.697578	7.189224
28.122723	7.189224
28.122723	7.251810
29.421437	7.251810
29.421437	7.298539
30.601296	7.298539
30.601296	7.345769
32.437693	7.345769
32.437693	7.391526
34.116174	7.391526
34.116174	7.426272
35.648914	7.426272
35.648914	7.460684
37.941871	7.460684
37.941871	7.493299
40.013297	7.493299
40.013297	7.517897
41.918179	7.517897
41.918179	7.541588
44.672149	7.541588
44.672149	7.563323
47.202649	7.563323
47.202649	7.579089
49.541905	7.579089
49.541905	7.592837
52.813634	7.592837
52.813634	7.603900
55.806984	7.603900
55.806984	7.610829
58.564553	7.610829
58.564553	7.615906
62.243719	7.615906
62.243719	7.619445
65.561494	7.619445
65.561494	7.621525
68.569096	7.621525
& cycle # 5, chisq = 8673.969208, e = 27.547036
