  0.01750804904515105  0.016473112137356118
  10.77733012136926  0.056189327337293926
  4.557160375738144  0.04971471177741304
  3.1729978417036877  0.024554567749419897
  6.763143593201312  0.038003901403443764
  5.939975446770412  0.034507042898934734
  4.253368711871282  0.02719968430930524
  9.650954608570174  0.057433302113837556
  7.920568473746982  0.051561274999280135
  5.769563332463203  0.032188660414390786
  13.041997750607756  0.06728891616127865
  10.286034789828822  0.060911675735227974
  7.393893785611997  0.03959707826359303
  14.074245438323565  0.07170034784399994
  11.652317376460088  0.061588920010886665
  9.457311009911523  0.058159533594376464
  18.733866452693196  0.09552417815770314
  14.649175598985847  0.09022050989227257
  11.429977187892606  0.0591572772156539
  19.297918081896803  0.09875232482357979
  12.174571210886661  0.06303502033231421
  8.29529861930526  0.04857380653533705
  13.001234827105568  0.07144322972944514
  8.74806641309043  0.047870805502526585
  6.129507936865662  0.03427511389361572
  11.10097464438395  0.06047377881608717
  8.433906061425718  0.045573813158688886
  6.988028025250344  0.03713067363292713
  16.627827504690533  0.08934475012383677
  17.44768106436973  0.08871993280358499
  14.833593255459345  0.08247806509649783
  28.09939125994598  0.1432688919671462
  17.240761717231845  0.08753356432888262
  11.86530470780326  0.06206535762176507
  18.71950099997542  0.09430262154327936
  16.166175816245143  0.08231681806178935
  14.250480827008435  0.07319467408900392
  31.116123242919222  0.15767722914710694
  24.982304472100907  0.12657222837674117
  19.538692225798496  0.09949511735214908
  40.82239924939757  0.20532907482688267
  28.122807439618278  0.14208792516730892
  21.09794946532837  0.10709836939908556
  67.78793962751051  0.34043936183685036
  47.91257878579133  0.24434544761966723
  33.86397264058179  0.17008488441572642
  91.53654876066857  0.45972373470711353
  49.70161894033143  0.2498266762354653
  20.66297920089508  0.10531083943790992
  15.228950786612826  0.0778166689259611
  2.5087527800557643  0.017732539025989386
  0.9544683939585346  0.017527383155684022
  1.1122702587860285  0.013606309148756244
  0.699174315478686  0.017233827808251983
  0.4739607801862368  0.014938993321205806
  0.6789624169350084  0.019533380588271358
  0.36351544321155566  0.0160525312692764
  0.2129452010232394  0.010199207545470185
  0.3695410725693284  0.011372179677712575
  0.22628529489781504  0.016964162967543835
  0.12260798235485479  0.013255043596116253
  0.09702149317981845  0.009545196557794459
  0.08855261654786177  0.014672440771400381
  0.07491631271388884  0.013416468867648771
  0.0675215820381638  0.01458970445132969
  0.04641916441202952  0.01570301252825399
  0.040294334928041846  0.018043449810632477
  0.05263907519684867  0.01417151936558719
  0.016677065142383755  0.014865353243475836