30.000000	307.261078
29.889000	303.251194
29.772000	299.231708
29.646000	295.184072
29.508000	291.129308
29.355000	287.126720
29.175000	283.077846
28.953000	279.041189
28.650000	275.027979
28.104000	271.021415
25.413000	267.017413
24.453000	263.009515
23.958000	259.009145
23.592000	254.990349
23.286000	250.957028
23.019000	246.927630
22.776000	242.900500
22.548000	238.867623
22.332000	234.832062
22.125000	230.804215
21.921000	226.748065
21.720000	222.708384
21.522000	218.697846
21.324000	214.687271
21.123000	210.678753
20.916000	206.663725
20.703000	202.657677
20.481000	198.634951
20.247000	194.633475
19.992000	190.603813
19.716000	186.602902
19.407000	182.598224
19.041000	178.587672
18.591000	174.577009
17.952000	170.575541
16.641000	166.575452
13.218000	162.574039
11.067000	158.571050
9.678000	154.563578
8.673000	150.563398
7.908000	146.556813
7.302000	142.538736
6.807000	138.519088
6.393000	134.499793
6.033000	130.466924
5.718000	126.438081
5.436000	122.427762
5.178000	118.393415
4.941000	114.353460
4.719000	110.300689
4.512000	106.272582
4.317000	102.249040
0.000000	0.000000
& cycle # 1, chisq = 89057.079924, e = 35.704559
30.000000	387.021126
29.964000	383.008743
29.925000	378.710773
29.886000	374.467703
29.847000	370.287999
29.808000	366.184866
29.769000	362.159170
29.727000	357.914213
29.685000	353.774811
29.643000	349.749730
29.598000	345.565575
29.553000	341.514910
29.505000	337.347628
29.457000	333.347489
29.406000	329.284915
29.352000	325.191624
29.295000	321.099680
29.235000	317.047485
29.169000	312.895688
29.100000	308.892091
29.022000	304.761367
28.938000	300.758901
28.842000	296.729581
28.728000	292.650299
28.590000	288.616520
28.407000	284.582752
28.116000	280.554884
25.566000	276.552423
24.540000	272.549097
24.126000	268.534553
23.826000	264.495349
23.580000	260.461804
23.364000	256.430175
23.169000	252.411292
22.986000	248.343400
22.815000	244.338441
22.650000	240.334242
22.488000	236.294637
22.329000	232.247154
22.173000	228.233361
22.017000	224.226662
21.858000	220.193326
21.696000	216.160168
21.531000	212.146797
21.360000	208.118709
21.180000	204.075837
20.988000	200.034758
20.781000	196.002812
20.556000	191.998670
20.301000	187.982486
19.998000	183.975910
19.617000	179.973589
19.053000	175.963970
17.430000	171.962176
13.866000	167.954579
12.882000	163.943329
12.042000	159.943118
11.187000	155.939676
10.161000	151.934094
8.748000	147.927268
7.368000	143.916005
6.549000	139.908316
6.009000	135.907573
5.595000	131.879769
5.247000	127.852288
4.941000	123.847877
4.653000	119.812440
4.377000	115.800480
4.098000	111.770953
3.804000	107.749082
3.471000	103.717384
0.000000	0.000000
& cycle # 2, chisq = 88846.959468, e = 35.704559
30.000000	413.916562
29.937000	409.910484
29.877000	405.773753
29.820000	401.586880
29.766000	397.419912
29.715000	393.324092
29.664000	389.104272
29.616000	385.040817
29.568000	380.901435
29.520000	376.703372
29.472000	372.469139
29.424000	368.218912
29.376000	363.966610
29.328000	359.723213
29.280000	355.501669
29.232000	351.317853
29.184000	347.187546
29.136000	343.123098
29.085000	338.885982
29.034000	334.739953
28.983000	330.693117
28.929000	326.527421
28.875000	322.496272
28.818000	318.397520
28.758000	314.262751
28.695000	310.121861
28.629000	306.005772
28.560000	301.949689
28.485000	297.833657
28.404000	293.732444
28.317000	289.714655
28.218000	285.606075
28.107000	281.556910
27.978000	277.552888
27.819000	273.552807
27.606000	269.548534
27.255000	265.544634
24.699000	261.542642
23.673000	257.541861
23.232000	253.540141
22.914000	249.514553
22.653000	245.503537
22.425000	241.491264
22.218000	237.447514
22.026000	233.409019
21.843000	229.358212
21.669000	225.351074
21.498000	221.284164
21.333000	217.276568
21.168000	213.242205
21.003000	209.228527
20.835000	205.188364
20.664000	201.140650
20.490000	197.124024
20.307000	193.072404
20.115000	189.068330
19.908000	185.052301
19.683000	181.044447
19.428000	177.015751
19.122000	172.987753
18.729000	168.984195
18.066000	164.974057
11.160000	160.973669
9.399000	156.963953
8.724000	152.959423
8.232000	148.948980
7.830000	144.936867
7.479000	140.915769
7.164000	136.876294
6.873000	132.841169
6.603000	128.821083
6.348000	124.806337
6.102000	120.779185
5.865000	116.748440
5.634000	112.701958
5.409000	108.697260
5.187000	104.686785
4.965000	100.632139
0.000000	0.000000
& cycle # 3, chisq = 88975.488403, e = 35.704559
30.000000	315.344317
29.958000	311.083012
29.913000	306.911129
29.865000	302.871042
29.811000	298.802412
29.748000	294.630639
29.676000	290.541743
29.589000	286.458478
29.478000	282.384743
29.319000	278.330376
28.995000	274.323076
25.026000	270.321570
24.306000	266.306795
23.910000	262.299723
23.607000	258.298444
23.346000	254.262926
23.115000	250.251037
22.902000	246.224481
22.701000	242.202302
22.509000	238.191735
22.323000	234.163109
22.140000	230.097622
21.960000	226.054724
21.780000	222.005884
21.600000	217.962255
21.420000	213.938652
21.237000	209.910900
21.048000	205.868848
20.853000	201.845562
20.649000	197.793465
20.436000	193.758230
20.208000	189.725255
19.959000	185.687889
19.686000	181.664577
19.377000	177.657791
19.002000	173.637119
18.519000	169.617221
17.715000	165.608450
10.191000	161.608212
9.030000	157.596432
8.640000	153.578346
8.370000	149.527680
8.160000	145.493468
7.983000	141.444439
7.830000	137.444293
7.692000	133.412737
7.566000	129.358393
7.449000	125.263147
7.341000	121.200023
7.239000	117.118433
7.143000	113.065747
7.050000	108.947723
6.963000	104.925147
6.879000	100.884933
0.000000	0.000000
& cycle # 4, chisq = 89427.254750, e = 35.704559
30.000000	363.639771
29.943000	359.435342
29.877000	355.312559
29.796000	351.190111
29.691000	347.103165
29.538000	343.088958
29.193000	339.076827
26.217000	335.058144
25.779000	331.057613
25.485000	327.056914
25.251000	323.043312
25.050000	319.017873
24.870000	314.985962
24.705000	310.938939
24.552000	306.898431
24.408000	302.872048
24.270000	298.838422
24.138000	294.835023
24.009000	290.792944
23.883000	286.732387
23.760000	282.681258
23.640000	278.669505
23.520000	274.618872
23.400000	270.541047
23.280000	266.442062
23.163000	262.432198
23.046000	258.422349
22.926000	254.329384
22.806000	250.276444
22.683000	246.177908
22.560000	242.141305
22.434000	238.072145
22.305000	233.981230
22.176000	229.981186
22.041000	225.913447
21.903000	221.897068
21.759000	217.862785
21.609000	213.824052
21.453000	209.798559
21.288000	205.749782
21.114000	201.737486
20.925000	197.684211
20.721000	193.636121
20.499000	189.590818
20.253000	185.569002
19.971000	181.549397
19.644000	177.548831
19.239000	173.524090
18.699000	169.521537
17.820000	165.520521
10.533000	161.518584
9.042000	157.513373
8.559000	153.505260
8.241000	149.497411
7.998000	145.487728
7.797000	141.475154
7.623000	137.421045
7.470000	133.355685
7.335000	129.354160
7.209000	125.259869
7.095000	121.250230
6.987000	117.174578
6.885000	113.066008
6.789000	108.958523
6.699000	104.889552
6.612000	100.753496
0.000000	0.000000
& cycle # 5, chisq = 89050.069728, e = 35.704559
30.000000	307.261078
29.907000	303.152896
29.802000	299.126822
29.676000	295.044466
29.523000	291.024214
29.322000	286.998404
29.025000	282.970159
28.440000	278.964995
26.565000	274.960602
25.506000	270.955577
24.942000	266.938582
24.531000	262.927748
24.195000	258.927576
23.901000	254.901572
23.637000	250.874671
23.391000	246.831892
23.160000	242.788482
22.941000	238.752984
22.728000	234.697340
22.521000	230.663038
22.320000	226.660357
22.119000	222.602755
21.918000	218.544594
21.717000	214.513717
21.516000	210.508866
21.312000	206.492109
21.102000	202.463035
20.883000	198.409517
20.658000	194.391738
20.424000	190.386401
20.172000	186.340689
19.902000	182.331713
19.608000	178.306520
19.278000	174.282468
18.894000	170.268754
18.429000	166.247137
17.796000	162.242143
16.644000	158.237709
11.010000	154.236224
8.973000	150.231132
8.247000	146.229704
7.767000	142.212700
7.398000	138.204047
7.092000	134.182104
6.825000	130.144921
6.588000	126.099066
6.375000	122.096379
6.177000	118.085172
5.991000	114.052818
5.817000	110.043245
5.649000	105.975725
5.490000	101.973006
0.000000	0.000000
& cycle # 1, chisq = 88758.821453, e = 34.946911
30.000000	387.021126
29.946000	382.882490
29.892000	378.676188
29.841000	374.658694
29.790000	370.625878
29.739000	366.586747
29.688000	362.562054
29.634000	358.340711
29.580000	354.171599
29.526000	350.066156
29.472000	346.043719
29.415000	341.906220
29.358000	337.888696
29.298000	333.795342
29.235000	329.659670
29.169000	325.522344
29.100000	321.420240
29.028000	317.382490
28.950000	313.287429
28.866000	309.208819
28.773000	305.095755
28.671000	301.048758
28.554000	296.966104
28.419000	292.958767
28.251000	288.915795
28.029000	284.904358
27.675000	280.881739
26.640000	276.877861
25.035000	272.876273
24.471000	268.868182
24.102000	264.841919
23.814000	260.805156
23.571000	256.784051
23.355000	252.772665
23.157000	248.738606
22.974000	244.730721
22.800000	240.720643
22.632000	236.704087
22.467000	232.639093
22.308000	228.626371
22.149000	224.555204
21.993000	220.549600
21.834000	216.492012
21.675000	212.476901
21.513000	208.442087
21.348000	204.419304
21.177000	200.389593
20.997000	196.342449
20.808000	192.319317
20.607000	188.293837
20.391000	184.290944
20.148000	180.248583
19.872000	176.238102
19.545000	172.206584
19.125000	168.195909
18.501000	164.181877
16.506000	160.181089
12.171000	156.179221
9.702000	152.176144
8.586000	148.161361
7.989000	144.141485
7.578000	140.118247
7.263000	136.092938
7.002000	132.067251
6.777000	128.043104
6.579000	124.032966
6.399000	120.011219
6.231000	115.952063
6.075000	111.921025
5.928000	107.891445
5.787000	103.830584
0.000000	0.000000
& cycle # 2, chisq = 88524.327632, e = 34.946911
30.000000	413.916562
29.943000	409.889746
29.889000	405.781653
29.838000	401.664586
29.790000	397.611077
29.742000	393.399215
29.697000	389.329866
29.652000	385.168995
29.607000	380.932967
29.565000	376.923045
29.523000	372.873368
29.481000	368.801382
29.439000	364.723139
29.397000	360.650571
29.355000	356.592615
29.313000	352.558204
29.271000	348.558109
29.226000	344.324111
29.181000	340.157331
29.136000	336.068529
29.091000	332.065031
29.043000	327.894856
28.995000	323.834902
28.944000	319.651229
28.893000	315.611854
28.839000	311.501817
28.782000	307.356135
28.722000	303.208149
28.659000	299.090716
28.593000	295.039253
28.521000	290.928088
28.443000	286.838505
28.356000	282.713182
28.260000	278.666193
28.149000	274.603455
28.017000	270.573714
27.849000	266.567439
27.606000	262.563272
27.048000	258.559608
23.946000	254.547402
23.454000	250.536857
23.124000	246.495317
22.863000	242.466598
22.638000	238.451999
22.434000	234.399618
22.248000	230.382429
22.071000	226.325444
21.903000	222.320045
21.738000	218.275442
21.576000	214.218524
21.417000	210.183680
21.258000	206.145216
21.096000	202.082057
20.931000	198.036212
20.763000	194.031894
20.589000	190.029222
20.406000	186.028010
20.208000	182.008101
19.989000	177.975466
19.743000	173.953977
19.452000	169.924450
19.071000	165.920749
18.432000	161.912463
15.276000	157.907065
10.443000	153.906051
8.784000	149.904683
8.178000	145.892798
7.758000	141.883586
7.425000	137.866995
7.146000	133.861184
6.900000	129.848677
6.678000	125.803403
6.477000	121.783308
6.288000	117.718192
6.111000	113.669446
5.943000	109.602116
5.784000	105.557560
5.631000	101.511860
0.000000	0.000000
& cycle # 3, chisq = 88594.326255, e = 34.946911
30.000000	315.344317
29.958000	311.101505
29.913000	306.927617
29.865000	302.865053
29.811000	298.751460
29.751000	294.697299
29.682000	290.643501
29.601000	286.637069
29.499000	282.576848
29.361000	278.543423
29.130000	274.540126
27.189000	270.538915
24.591000	266.538758
24.114000	262.521440
23.790000	258.493642
23.529000	254.486839
23.301000	250.475771
23.094000	246.433520
22.902000	242.386170
22.719000	238.320374
22.545000	234.299031
22.377000	230.287317
22.212000	226.250591
22.050000	222.238856
21.888000	218.221898
21.723000	214.148260
21.558000	210.102473
21.390000	206.033486
21.219000	201.987412
21.042000	197.945964
20.859000	193.942895
20.667000	189.933156
20.463000	185.906531
20.241000	181.857666
19.998000	177.857443
19.722000	173.818343
19.401000	169.803959
18.990000	165.781425
18.390000	161.768939
14.352000	157.767950
9.639000	153.767794
8.523000	149.759966
8.133000	145.741608
7.863000	141.725698
7.647000	137.672150
7.467000	133.642705
7.311000	129.641332
7.170000	125.615485
7.041000	121.591368
6.921000	117.549335
6.810000	113.546761
6.705000	109.524305
6.603000	105.400446
6.507000	101.332961
0.000000	0.000000
& cycle # 4, chisq = 88675.232019, e = 34.946911
30.000000	363.639771
29.940000	359.629530
29.868000	355.620104
29.775000	351.527507
29.649000	347.511355
29.436000	343.497144
27.237000	339.493447
26.424000	335.486682
26.055000	331.455009
25.788000	327.431292
25.569000	323.428462
25.377000	319.388056
25.206000	315.377481
25.047000	311.332856
24.897000	307.262776
24.756000	303.219845
24.621000	299.161745
24.492000	295.134052
24.366000	291.084721
24.243000	287.042020
24.123000	283.022880
24.003000	278.936086
23.886000	274.896467
23.769000	270.819906
23.652000	266.727650
23.535000	262.637960
23.418000	258.561510
23.301000	254.502896
23.184000	250.466756
23.067000	246.463286
22.947000	242.408040
22.824000	238.323972
22.698000	234.230200
22.569000	230.137501
22.437000	226.051660
22.302000	221.982763
22.164000	217.951857
22.020000	213.904527
21.870000	209.874868
21.711000	205.807574
21.546000	201.795242
21.372000	197.792530
21.183000	193.731795
20.979000	189.699386
20.757000	185.692570
20.511000	181.667851
20.232000	177.643706
19.905000	173.632084
19.512000	169.627047
18.993000	165.623353
18.201000	161.612790
10.905000	157.612173
9.171000	153.604976
8.706000	149.600764
8.397000	145.591380
8.160000	141.553720
7.965000	137.524368
7.797000	133.498067
7.647000	129.422499
7.512000	125.329404
7.389000	121.230083
7.278000	117.221693
7.173000	113.158266
7.074000	109.081973
6.981000	105.030446
6.891000	100.897568
0.000000	0.000000
& cycle # 5, chisq = 88998.081437, e = 34.946911
30.000000	307.261078
29.889000	303.243211
29.766000	299.189036
29.628000	295.127916
29.469000	291.061142
29.280000	287.023097
29.040000	282.985467
28.701000	278.964020
28.077000	274.958376
26.244000	270.957557
25.131000	266.941085
24.555000	262.916551
24.141000	258.903977
23.805000	254.903912
23.511000	250.870112
23.247000	246.863833
23.004000	242.855608
22.773000	238.817498
22.551000	234.776981
22.338000	230.760013
22.131000	226.753696
21.924000	222.707564
21.717000	218.657525
21.510000	214.607141
21.303000	210.583745
21.090000	206.534259
20.871000	202.503050
20.646000	198.494387
20.412000	194.491570
20.160000	190.445371
19.890000	186.431567
19.596000	182.401483
19.266000	178.379232
18.882000	174.368219
18.417000	170.353980
17.784000	166.340954
16.683000	162.340716
13.503000	158.337801
9.663000	154.335481
8.553000	150.329979
7.947000	146.315114
7.515000	142.301394
7.176000	138.288729
6.888000	134.245280
6.639000	130.212939
6.417000	126.175572
6.213000	122.114878
6.027000	118.110034
5.853000	114.088915
5.688000	110.043867
5.532000	106.035413
5.382000	102.022080
0.000000	0.000000
& cycle # 1, chisq = 89678.838219, e = 35.320715
30.000000	387.021126
29.943000	382.967771
29.886000	378.856029
29.829000	374.707816
29.772000	370.551702
29.715000	366.399975
29.658000	362.281774
29.601000	358.215190
29.544000	354.208682
29.484000	350.075228
29.424000	346.049578
29.361000	341.949908
29.295000	337.800728
29.226000	333.636559
29.154000	329.499393
29.079000	325.423793
28.998000	321.287438
28.911000	317.153714
28.818000	313.097301
28.716000	309.070098
28.602000	305.057375
28.470000	301.020336
28.311000	296.963596
28.113000	292.958070
27.837000	288.953204
27.363000	284.947664
26.160000	280.946662
25.107000	276.931189
24.576000	272.910156
24.210000	268.909400
23.916000	264.879550
23.667000	260.865429
23.445000	256.864259
23.241000	252.850340
23.049000	248.787482
22.869000	244.769944
22.695000	240.741896
22.527000	236.741751
22.362000	232.719379
22.200000	228.706606
22.038000	224.675328
21.876000	220.666417
21.711000	216.627170
21.543000	212.569746
21.372000	208.521013
21.195000	204.463223
21.012000	200.454253
20.817000	196.403972
20.610000	192.350516
20.388000	188.316197
20.142000	184.286170
19.863000	180.264070
19.539000	176.252516
19.131000	172.246629
18.561000	168.245300
17.409000	164.242911
13.395000	160.239120
10.455000	156.235159
8.940000	152.227891
8.229000	148.213903
7.773000	144.191901
7.431000	140.154996
7.155000	136.111681
6.921000	132.100411
6.714000	128.053349
6.528000	123.992331
6.360000	119.992146
6.201000	115.929548
6.051000	111.849982
5.910000	107.797671
5.775000	103.736051
0.000000	0.000000
& cycle # 2, chisq = 89374.397211, e = 35.320715
30.000000	413.916562
29.934000	409.821665
29.874000	405.749079
29.817000	401.607520
29.763000	397.469052
29.712000	393.389189
29.661000	389.175940
29.613000	385.110428
29.565000	380.962002
29.517000	376.749357
29.469000	372.496105
29.424000	368.490394
29.379000	364.479386
29.334000	360.472791
29.286000	356.216498
29.238000	351.994298
29.190000	347.822934
29.142000	343.715951
29.094000	339.682637
29.043000	335.485553
28.992000	331.387655
28.938000	327.168093
28.884000	323.083883
28.827000	318.931094
28.767000	314.742845
28.704000	310.550305
28.638000	306.385052
28.569000	302.282621
28.497000	298.282466
28.419000	294.274729
28.332000	290.195022
28.236000	286.147719
28.128000	282.134179
27.999000	278.049512
27.843000	274.044714
27.633000	270.005314
27.294000	265.998971
25.062000	261.997619
23.868000	257.986947
23.418000	253.964582
23.100000	249.959448
22.842000	245.956081
22.614000	241.901652
22.410000	237.876031
22.221000	233.829808
22.044000	229.815299
21.873000	225.782479
21.708000	221.776165
21.546000	217.750283
21.387000	213.739996
21.228000	209.719897
21.066000	205.664596
20.901000	201.608760
20.733000	197.572010
20.559000	193.514014
20.379000	189.499182
20.187000	185.484434
19.977000	181.440681
19.746000	177.405005
19.485000	173.399658
19.164000	169.372370
18.732000	165.363087
17.853000	161.359308
10.290000	157.357323
9.198000	153.351612
8.550000	149.338362
8.055000	145.312845
7.641000	141.283427
7.284000	137.267703
6.963000	133.249992
6.669000	129.221949
6.399000	125.216635
6.144000	121.208124
5.901000	117.172713
5.670000	113.148298
5.445000	109.097799
5.229000	105.093447
5.016000	101.037737
0.000000	0.000000
& cycle # 3, chisq = 89505.458477, e = 35.320715
30.000000	315.344317
29.955000	311.248495
29.907000	307.197499
29.853000	303.000714
29.796000	298.969191
29.733000	294.944182
29.661000	290.858692
29.577000	286.723604
29.478000	282.610587
29.358000	278.593280
29.199000	274.593280
28.947000	270.580493
25.575000	266.578824
24.444000	262.568870
23.973000	258.557791
23.628000	254.532991
23.340000	250.505112
23.088000	246.484709
22.857000	242.430327
22.641000	238.384402
22.437000	234.358630
22.242000	230.339717
22.053000	226.332299
21.867000	222.332292
21.681000	218.298730
21.495000	214.239411
21.309000	210.185708
21.120000	206.127227
20.928000	202.104416
20.730000	198.065204
20.526000	194.029471
20.313000	190.005218
20.085000	185.969241
19.839000	181.923615
19.572000	177.884831
19.272000	173.870579
18.918000	169.851456
18.480000	165.834796
17.835000	161.832108
10.317000	157.831592
8.868000	153.827987
8.397000	149.801180
8.079000	145.800526
7.827000	141.798329
7.614000	137.785905
7.428000	133.760706
7.260000	129.699996
7.107000	125.662746
6.966000	121.660010
6.831000	117.568832
6.705000	113.519102
6.585000	109.461407
6.471000	105.439705
6.360000	101.383695
0.000000	0.000000
& cycle # 4, chisq = 89569.486041, e = 35.320715
30.000000	363.639771
29.937000	359.555162
29.859000	355.438708
29.757000	351.336481
29.610000	347.330610
29.301000	343.327758
26.970000	339.314315
26.454000	335.288373
26.136000	331.256236
25.890000	327.219739
25.683000	323.209634
25.497000	319.148553
25.329000	315.109897
25.173000	311.067810
25.026000	307.036297
24.885000	302.988245
24.750000	298.955231
24.618000	294.874781
24.489000	290.778560
24.363000	286.700758
24.240000	282.666741
24.117000	278.590304
23.997000	274.578305
23.877000	270.541787
23.757000	266.498319
23.637000	262.468901
23.514000	258.370786
23.391000	254.313693
23.268000	250.300100
23.142000	246.238177
23.013000	242.144434
22.884000	238.135659
22.749000	234.049203
22.611000	229.993807
22.470000	225.974071
22.323000	221.914187
22.170000	217.841376
22.011000	213.795570
21.843000	209.740718
21.666000	205.701953
21.480000	201.695211
21.279000	197.642713
21.063000	193.634404
20.823000	189.586230
20.559000	185.557800
20.262000	181.549790
19.911000	177.519394
19.491000	173.502148
18.939000	169.483833
18.108000	165.475998
10.860000	161.474943
9.432000	157.471731
8.967000	153.451988
8.655000	149.416678
8.415000	145.403348
8.217000	141.377335
8.046000	137.336340
7.893000	133.259254
7.755000	129.185121
7.629000	125.111078
7.512000	121.006382
7.404000	116.933996
7.302000	112.836996
7.206000	108.760136
7.116000	104.744449
7.029000	100.683179
0.000000	0.000000
& cycle # 5, chisq = 90254.392977, e = 35.320715
30.000000	307.261078
29.889000	303.221352
29.763000	299.216154
29.613000	295.176744
29.427000	291.129964
29.178000	287.091009
28.788000	283.080605
27.783000	279.075132
26.034000	275.063788
25.338000	271.063374
24.894000	267.046750
24.552000	263.038507
24.264000	259.024067
24.009000	255.004881
23.778000	250.981095
23.562000	246.935762
23.358000	242.903160
23.163000	238.861284
22.977000	234.856319
22.794000	230.819802
22.614000	226.790679
22.437000	222.779781
22.260000	218.730760
22.083000	214.679102
21.906000	210.666927
21.726000	206.645987
21.543000	202.618325
21.357000	198.601318
21.165000	194.578835
20.964000	190.539441
20.754000	186.502352
20.535000	182.482095
20.301000	178.442400
20.049000	174.433307
19.773000	170.407461
19.470000	166.404836
19.119000	162.386829
18.705000	158.360175
18.186000	154.359442
17.463000	150.348640
16.044000	146.344570
9.672000	142.343767
7.803000	138.341667
7.287000	134.328459
6.945000	130.305776
6.681000	126.274935
6.462000	122.221575
6.273000	118.187260
6.105000	114.163300
5.952000	110.113693
5.811000	106.047156
5.679000	101.956827
0.000000	0.000000
& cycle # 1, chisq = 85077.251250, e = 33.732054
30.000000	387.021126
29.949000	382.875217
29.901000	378.842299
29.853000	374.696121
29.805000	370.466597
29.760000	366.436762
29.715000	362.358100
29.670000	358.252344
29.625000	354.134925
29.580000	350.014345
29.535000	345.901255
29.490000	341.811202
29.445000	337.759519
29.400000	333.756693
29.352000	329.548043
29.304000	325.409876
29.256000	321.352794
29.205000	317.144592
29.154000	313.053681
29.100000	308.857557
29.046000	304.804482
28.989000	300.685611
28.929000	296.534535
28.866000	292.389686
28.800000	288.289089
28.731000	284.265528
28.656000	280.190529
28.575000	276.132180
28.485000	272.036566
28.386000	268.021861
28.272000	263.993135
28.137000	259.968474
27.966000	255.917531
27.729000	251.912368
27.285000	247.911852
24.270000	243.904763
23.574000	239.889728
23.169000	235.875683
22.860000	231.860967
22.596000	227.826025
22.362000	223.798409
22.149000	219.790586
21.948000	215.777780
21.753000	211.721212
21.567000	207.720491
21.384000	203.687469
21.204000	199.682852
21.021000	195.630877
20.838000	191.626277
20.652000	187.616185
20.460000	183.575713
20.259000	179.520575
20.046000	175.468760
19.821000	171.461573
19.578000	167.457983
19.305000	163.446118
18.987000	159.445394
18.600000	155.429536
18.060000	151.417221
16.995000	147.414880
10.488000	143.413040
8.571000	139.406908
7.719000	135.403825
7.149000	131.382683
6.705000	127.355050
6.336000	123.340257
6.009000	119.329492
5.712000	115.327357
5.430000	111.310334
5.157000	107.290140
4.887000	103.276417
0.000000	0.000000
& cycle # 2, chisq = 84999.783823, e = 33.732054
30.000000	413.916562
29.910000	409.770519
29.841000	405.727818
29.781000	401.643685
29.727000	397.540068
29.676000	393.329506
29.628000	389.102215
29.583000	384.926831
29.541000	380.863391
29.499000	376.662022
29.460000	372.657979
29.421000	368.572179
29.382000	364.418485
29.343000	360.209532
29.304000	355.958782
29.265000	351.681331
29.226000	347.393121
29.187000	343.109334
29.148000	338.843096
29.109000	334.605208
29.070000	330.404836
29.031000	326.250624
28.992000	322.151544
28.953000	318.117094
28.911000	313.855540
28.869000	309.691006
28.827000	305.632526
28.782000	301.409429
28.737000	297.321556
28.689000	293.115092
28.641000	289.072314
28.590000	284.962030
28.536000	280.824676
28.479000	276.703243
28.419000	272.640511
28.353000	268.495239
28.281000	264.350233
28.203000	260.289159
28.116000	256.268115
28.014000	252.207298
27.891000	248.177336
27.729000	244.125999
27.477000	240.105431
24.057000	236.103867
23.076000	232.093194
22.674000	228.086510
22.371000	224.047917
22.119000	220.040168
21.891000	216.001259
21.681000	211.998049
21.480000	207.945317
21.288000	203.930819
21.099000	199.922395
20.910000	195.915178
20.718000	191.871643
20.523000	187.827752
20.322000	183.797178
20.109000	179.752298
19.881000	175.701157
19.635000	171.655452
19.362000	167.637423
19.041000	163.605240
18.654000	159.599329
18.123000	155.595114
17.205000	151.594496
14.649000	147.591859
13.245000	143.590856
11.676000	139.587578
7.665000	135.587307
6.378000	131.578297
5.865000	127.572914
5.514000	123.533933
5.238000	119.515248
5.004000	115.469045
4.797000	111.424796
4.608000	107.370405
4.434000	103.339947
0.000000	0.000000
& cycle # 3, chisq = 84544.086087, e = 33.732054
30.000000	315.344317
29.949000	311.307133
29.895000	307.245772
29.838000	303.194007
29.775000	299.008048
29.709000	294.938971
29.637000	290.876784
29.556000	286.758521
29.466000	282.717867
29.361000	278.689872
29.232000	274.649218
29.058000	270.603637
28.764000	266.596852
25.092000	262.594281
24.375000	258.572228
24.021000	254.543240
23.757000	250.522419
23.535000	246.502610
23.337000	242.469158
23.157000	238.454679
22.989000	234.444403
22.827000	230.390802
22.671000	226.360828
22.518000	222.315428
22.368000	218.281094
22.218000	214.211735
22.068000	210.153463
21.918000	206.150691
21.762000	202.076457
21.603000	198.032691
21.438000	193.973753
21.267000	189.956860
21.084000	185.924093
20.886000	181.898210
20.670000	177.898072
20.427000	173.895582
20.139000	169.891188
19.773000	165.877277
19.242000	161.865807
17.757000	157.863405
14.148000	153.858149
13.344000	149.844087
12.684000	145.826916
12.069000	141.822349
11.418000	137.808502
10.584000	133.805789
6.414000	129.805341
4.977000	125.796179
4.509000	121.788508
4.188000	117.749660
3.933000	113.706901
3.717000	109.647510
3.528000	105.624860
3.357000	101.619177
0.000000	0.000000
& cycle # 4, chisq = 84484.407299, e = 33.732054
30.000000	363.639771
29.943000	359.626196
29.874000	355.608922
29.784000	351.518319
29.658000	347.477658
29.427000	343.451292
27.069000	339.446010
26.514000	335.433668
26.202000	331.430618
25.965000	327.413121
25.767000	323.389182
25.593000	319.375248
25.434000	315.320836
25.287000	311.251731
25.149000	307.176905
25.020000	303.172162
24.894000	299.095261
24.774000	295.069007
24.657000	291.018139
24.543000	286.968572
24.432000	282.949207
24.321000	278.874257
24.213000	274.869295
24.105000	270.832130
23.997000	266.768704
23.889000	262.688462
23.781000	258.606240
23.673000	254.539747
23.565000	250.504604
23.454000	246.400330
23.343000	242.344071
23.232000	238.338474
23.118000	234.283537
23.001000	230.196633
22.881000	226.100610
22.758000	222.017483
22.632000	217.962105
22.503000	213.941655
22.368000	209.873656
22.230000	205.868039
22.083000	201.787299
21.930000	197.759841
21.768000	193.739391
21.594000	189.680869
21.408000	185.624129
21.207000	181.579177
20.985000	177.533699
20.739000	173.519932
20.460000	169.488931
20.133000	165.469866
19.734000	161.464553
19.212000	157.446275
18.420000	153.444314
10.842000	149.444277
9.138000	145.439475
8.685000	141.429281
8.382000	137.407017
8.151000	133.400655
7.959000	129.379022
7.791000	125.303722
7.644000	121.267721
7.512000	117.235451
7.392000	113.217553
7.281000	109.197227
7.176000	105.124388
7.077000	101.041624
0.000000	0.000000
& cycle # 5, chisq = 86735.543563, e = 33.732054
30.000000	307.261078
29.844000	303.215259
29.685000	299.206848
29.511000	295.190393
29.304000	291.139380
29.028000	287.137746
28.404000	283.137358
24.429000	279.132013
23.976000	275.107952
23.670000	271.075877
23.424000	267.069668
23.211000	263.061490
23.019000	259.035462
22.842000	255.027525
22.674000	251.009617
22.512000	246.964816
22.356000	242.930721
22.203000	238.873975
22.053000	234.846020
21.903000	230.810842
21.753000	226.795480
21.600000	222.736095
21.447000	218.734643
21.288000	214.677038
21.123000	210.624020
20.949000	206.559453
20.766000	202.526183
20.571000	198.509229
20.358000	194.496655
20.115000	190.456796
19.830000	186.422100
19.479000	182.410896
18.969000	178.403026
17.544000	174.401106
12.768000	170.398379
11.712000	166.388443
10.857000	162.384054
10.023000	158.373389
9.120000	154.361654
8.130000	150.351772
7.221000	146.347511
6.549000	142.345684
6.069000	138.334829
5.709000	134.324346
5.421000	130.310738
5.181000	126.287324
4.974000	122.231332
4.791000	118.163392
4.629000	114.149934
4.482000	110.136954
4.347000	106.125294
4.221000	102.099158
0.000000	0.000000
& cycle # 1, chisq = 88191.396039, e = 36.423734
30.000000	387.021126
29.958000	382.909579
29.916000	378.820560
29.874000	374.758693
29.832000	370.740451
29.787000	366.496670
29.742000	362.319515
29.697000	358.222230
29.652000	354.219605
29.604000	350.060727
29.556000	346.018789
29.505000	341.861654
29.454000	337.858945
29.400000	333.796970
29.343000	329.706220
29.283000	325.618824
29.220000	321.574848
29.151000	317.444291
29.076000	313.304085
28.995000	309.224758
28.905000	305.154236
28.803000	301.112416
28.683000	297.077976
28.536000	293.075468
28.335000	289.052274
27.990000	285.035218
24.969000	281.029249
24.294000	277.027270
23.922000	273.012726
23.640000	268.967643
23.403000	264.931745
23.193000	260.882025
23.004000	256.877857
22.827000	252.872142
22.656000	248.816421
22.491000	244.755627
22.332000	240.725706
22.176000	236.696009
22.020000	232.640183
21.864000	228.600713
21.705000	224.524657
21.546000	220.505191
21.384000	216.495345
21.216000	212.474872
21.039000	208.438764
20.850000	204.376874
20.649000	200.337732
20.430000	196.291543
20.184000	192.252228
19.899000	188.242433
19.551000	184.213366
19.074000	180.201368
18.204000	176.198351
14.091000	172.193293
12.642000	168.187524
11.481000	164.183917
10.314000	160.182238
9.120000	156.174580
8.133000	152.172675
7.431000	148.157352
6.921000	144.147408
6.522000	140.145717
6.189000	136.143135
5.898000	132.127676
5.637000	128.113076
5.394000	124.091800
5.163000	120.046914
4.941000	116.016176
4.722000	112.006466
4.500000	107.982831
4.269000	103.938800
0.000000	0.000000
& cycle # 2, chisq = 88471.016573, e = 36.423734
30.000000	413.916562
29.943000	409.880025
29.889000	405.850678
29.835000	401.645722
29.784000	397.544700
29.733000	393.331755
29.685000	389.289220
29.637000	385.195219
29.589000	381.062682
29.541000	376.904371
29.493000	372.739389
29.445000	368.587785
29.397000	364.463956
29.349000	360.377238
29.301000	356.336996
29.250000	352.109031
29.199000	347.963934
29.148000	343.915147
29.094000	339.742325
29.040000	335.692677
28.983000	331.558532
28.923000	327.373417
28.863000	323.371039
28.797000	319.188694
28.728000	315.065092
28.656000	311.030500
28.578000	306.967117
28.494000	302.950348
28.401000	298.933689
28.296000	294.916546
28.173000	290.855612
28.026000	286.843424
27.834000	282.822882
27.546000	278.820673
26.673000	274.820271
24.039000	270.807800
23.553000	266.800769
23.223000	262.784095
22.962000	258.778289
22.737000	254.768742
22.533000	250.721176
22.347000	246.698234
22.173000	242.677872
22.005000	238.613142
21.843000	234.568361
21.684000	230.503520
21.528000	226.442467
21.375000	222.421210
21.222000	218.409110
21.066000	214.374958
20.907000	210.352403
20.742000	206.288977
20.571000	202.220319
20.394000	198.210720
20.202000	194.156746
19.992000	190.108824
19.758000	186.065139
19.488000	182.038262
19.149000	178.037998
18.651000	174.028137
15.558000	170.027211
10.857000	166.025226
9.975000	162.017858
9.327000	158.008341
8.757000	153.988355
8.211000	149.975220
7.665000	145.954470
7.110000	141.942571
6.543000	137.925256
5.988000	133.910040
5.478000	129.891242
5.034000	125.877746
4.659000	121.873080
4.344000	117.870040
4.074000	113.841083
3.840000	109.792867
3.636000	105.748896
3.456000	101.744501
0.000000	0.000000
& cycle # 3, chisq = 88791.121345, e = 36.423734
30.000000	315.344317
29.949000	311.241906
29.892000	307.035112
29.832000	303.001966
29.763000	298.831984
29.688000	294.806195
29.601000	290.743780
29.499000	286.696794
29.373000	282.626529
29.211000	278.614188
28.971000	274.593436
28.455000	270.586714
24.954000	266.585071
24.201000	262.578820
23.730000	258.575103
23.358000	254.548501
23.043000	250.539836
22.761000	246.522048
22.500000	242.500977
22.257000	238.496921
22.023000	234.451384
21.798000	230.448753
21.576000	226.403504
21.360000	222.388742
21.144000	218.355340
20.928000	214.354984
20.709000	210.336394
20.487000	206.313109
20.259000	202.300005
20.019000	198.260934
19.770000	194.259252
19.506000	190.247549
19.218000	186.245554
18.894000	182.210744
18.525000	178.189519
18.063000	174.174251
17.415000	170.173784
10.578000	166.172850
9.123000	162.156507
8.679000	158.146049
8.373000	154.112020
8.136000	150.104022
7.935000	146.059890
7.758000	141.987169
7.602000	137.969343
7.458000	133.883551
7.326000	129.818681
7.203000	125.764496
7.086000	121.677436
6.975000	117.594420
6.870000	113.546405
6.768000	109.440223
6.672000	105.421968
6.579000	101.394426
0.000000	0.000000
& cycle # 4, chisq = 89224.198656, e = 36.423734
30.000000	363.639771
29.931000	359.497193
29.847000	355.495704
29.730000	351.422522
29.541000	347.406372
28.590000	343.404736
26.901000	339.390471
26.478000	335.379906
26.181000	331.372209
25.938000	327.325443
25.728000	323.292004
25.539000	319.277368
25.365000	315.269098
25.200000	311.214850
25.044000	307.195281
24.894000	303.187332
24.747000	299.134220
24.603000	295.056148
24.462000	290.985872
24.324000	286.957899
24.186000	282.905112
24.048000	278.834098
23.910000	274.751050
23.772000	270.672850
23.634000	266.624172
23.493000	262.537954
23.352000	258.508853
23.208000	254.451518
23.061000	250.375254
22.911000	246.303501
22.758000	242.263377
22.599000	238.192983
22.437000	234.171021
22.269000	230.128266
22.095000	226.094351
21.912000	222.043437
21.720000	218.002680
21.519000	213.975138
21.306000	209.927635
21.078000	205.877288
20.832000	201.830950
20.568000	197.803219
20.280000	193.785600
19.956000	189.764218
19.590000	185.740300
19.158000	181.725654
18.621000	177.714250
17.847000	173.703909
10.881000	169.701263
9.669000	165.698564
9.228000	161.685773
8.931000	157.673948
8.697000	153.644746
8.502000	149.626840
8.334000	145.617321
8.184000	141.576710
8.049000	137.561209
7.923000	133.486886
7.806000	129.413924
7.698000	125.395723
7.596000	121.362870
7.500000	117.350561
7.407000	113.262579
7.320000	109.262020
7.236000	105.241769
7.155000	101.221914
0.000000	0.000000
& cycle # 5, chisq = 89919.538077, e = 36.423734
30.000000	307.261078
29.868000	303.218173
29.730000	299.170453
29.583000	295.112102
29.424000	291.055355
29.250000	287.052962
29.049000	283.012571
28.809000	278.975808
28.503000	274.972406
28.053000	270.969351
27.117000	266.964980
25.209000	262.960150
24.297000	258.946088
23.757000	254.943297
23.349000	250.911422
23.013000	246.884695
22.719000	242.856378
22.452000	238.828501
22.206000	234.802859
21.972000	230.750704
21.747000	226.704907
21.531000	222.690616
21.321000	218.690148
21.111000	214.658610
20.901000	210.643203
20.688000	206.592960
20.475000	202.587910
20.256000	198.587063
20.025000	194.551580
19.782000	190.506515
19.527000	186.505232
19.245000	182.475283
18.927000	178.444681
18.561000	174.431765
18.093000	170.423163
17.400000	166.412477
12.111000	162.412328
9.606000	158.411889
8.820000	154.405828
8.277000	150.397378
7.845000	146.371986
7.476000	142.350322
7.152000	138.340142
6.855000	134.317730
6.582000	130.300746
6.327000	126.293565
6.084000	122.277753
5.853000	118.262717
5.631000	114.238103
5.415000	110.199185
5.205000	106.146168
5.001000	102.087103
0.000000	0.000000
& cycle # 1, chisq = 88903.675085, e = 35.855059
30.000000	387.021126
29.958000	382.916697
29.916000	378.866729
29.871000	374.591456
29.826000	370.400061
29.781000	366.302560
29.736000	362.300550
29.688000	358.150543
29.640000	354.136028
29.589000	350.021507
29.535000	345.836314
29.478000	341.620958
29.418000	337.419466
29.355000	333.267394
29.289000	329.196757
29.217000	325.083012
29.139000	321.013439
29.052000	316.931276
28.953000	312.834385
28.839000	308.801158
28.698000	304.740319
28.512000	300.709401
28.212000	296.689588
25.566000	292.687959
24.717000	288.687073
24.339000	284.673311
24.063000	280.650762
23.838000	276.634334
23.643000	272.633416
23.466000	268.623479
23.301000	264.580206
23.145000	260.500157
22.998000	256.454933
22.857000	252.431296
22.719000	248.392569
22.584000	244.368038
22.449000	240.286129
22.317000	236.258086
22.185000	232.222347
22.053000	228.214097
21.918000	224.175787
21.780000	220.133283
21.639000	216.104424
21.492000	212.027877
21.342000	208.026146
21.183000	203.998912
21.012000	199.949112
20.829000	195.946294
20.628000	191.935090
20.400000	187.891284
20.133000	183.885329
19.797000	179.878229
19.317000	175.861930
18.039000	171.859308
13.398000	167.854643
12.378000	163.844612
11.505000	159.837445
10.587000	155.835100
9.450000	151.829842
8.115000	147.825833
7.140000	143.824298
6.528000	139.800224
6.096000	135.781122
5.757000	131.742069
5.475000	127.732618
5.226000	123.689448
5.004000	119.678070
4.797000	115.644148
4.602000	111.624371
4.416000	107.617602
4.233000	103.573483
0.000000	0.000000
& cycle # 2, chisq = 88240.411794, e = 35.855059
30.000000	413.916562
29.940000	409.852880
29.883000	405.715951
29.829000	401.576485
29.778000	397.500641
29.727000	393.279013
29.679000	389.199887
29.631000	385.041970
29.583000	380.819060
29.538000	376.814460
29.493000	372.783783
29.448000	368.745221
29.403000	364.712451
29.358000	360.694911
29.310000	356.436496
29.262000	352.219466
29.214000	348.059648
29.166000	343.971273
29.118000	339.964471
29.067000	335.803924
29.016000	331.749451
28.962000	327.580999
28.908000	323.551708
28.851000	319.461008
28.791000	315.343551
28.728000	311.231528
28.662000	307.155790
28.593000	303.149718
28.518000	299.094880
28.437000	295.068532
28.347000	291.015063
28.245000	286.927164
28.128000	282.858299
27.990000	278.856288
27.813000	274.844021
27.555000	270.810311
26.964000	266.804398
23.901000	262.790199
23.385000	258.771771
23.046000	254.741722
22.779000	250.730578
22.548000	246.699227
22.341000	242.648169
22.152000	238.616664
21.975000	234.609923
21.804000	230.571666
21.639000	226.541049
21.477000	222.476967
21.318000	218.425446
21.159000	214.365202
21.000000	210.340453
20.838000	206.300292
20.673000	202.264444
20.502000	198.199881
20.325000	194.177050
20.136000	190.145139
19.932000	186.119231
19.707000	182.070730
19.452000	178.031831
19.143000	174.006142
18.735000	170.005163
17.967000	165.996893
10.965000	161.993449
9.813000	157.985094
9.090000	153.973134
8.496000	149.972762
7.959000	145.953143
7.452000	141.945842
6.966000	137.932363
6.498000	133.927751
6.048000	129.918118
5.625000	125.911837
5.229000	121.894930
4.869000	117.892254
4.539000	113.868641
4.242000	109.844155
3.972000	105.811877
3.729000	101.793326
0.000000	0.000000
& cycle # 3, chisq = 88759.434204, e = 35.855059
30.000000	315.344317
29.703000	311.324130
29.355000	307.302432
27.693000	303.291692
26.937000	299.278267
25.008000	295.277010
24.366000	291.272238
24.066000	287.253559
23.844000	283.234429
23.658000	279.182628
23.496000	275.181619
23.346000	271.108671
23.208000	267.064783
23.079000	263.050416
22.956000	259.043964
22.836000	255.001687
22.719000	250.963023
22.605000	246.956748
22.491000	242.897052
22.377000	238.801997
22.263000	234.695383
22.149000	230.606804
22.035000	226.567159
21.918000	222.499585
21.798000	218.430584
21.675000	214.382170
21.549000	210.377333
21.417000	206.357709
21.276000	202.295443
21.126000	198.272356
20.961000	194.225692
20.778000	190.198693
20.568000	186.160668
20.316000	182.150279
19.974000	178.122943
19.362000	174.115006
14.064000	170.110801
12.786000	166.108900
12.027000	162.097325
11.331000	158.093271
10.533000	154.088705
9.255000	150.083298
7.278000	146.075183
6.540000	142.055576
6.153000	138.017208
5.886000	133.981539
5.679000	129.936111
5.508000	125.902228
5.361000	121.869305
5.232000	117.848444
5.115000	113.780844
5.010000	109.775194
4.911000	105.683142
4.818000	101.553450
0.000000	0.000000
& cycle # 4, chisq = 87827.915518, e = 35.855059
30.000000	363.639771
29.937000	359.613051
29.862000	355.556141
29.769000	351.478553
29.649000	347.478059
29.466000	343.427736
29.028000	339.422054
26.295000	335.420774
25.812000	331.395114
25.494000	327.356233
25.245000	323.331196
25.032000	319.288159
24.843000	315.258781
24.672000	311.253365
24.513000	307.236056
24.363000	303.218611
24.219000	299.179350
24.081000	295.151005
23.946000	291.068043
23.817000	287.050300
23.691000	283.039773
23.565000	278.967720
23.442000	274.948515
23.319000	270.892806
23.196000	266.806341
23.076000	262.801301
22.956000	258.796697
22.833000	254.713817
22.710000	250.669378
22.584000	246.573833
22.458000	242.528492
22.329000	238.443819
22.200000	234.430506
22.068000	230.418383
21.930000	226.345300
21.789000	222.319474
21.642000	218.264560
21.489000	214.195241
21.330000	210.141747
21.162000	206.078674
20.985000	202.057730
20.796000	198.043390
20.592000	194.007365
20.370000	189.974089
20.124000	185.971414
19.842000	181.933095
19.518000	177.918574
19.119000	173.905367
18.597000	169.894236
17.772000	165.885369
10.488000	161.885165
8.880000	157.879287
8.418000	153.848733
8.118000	149.842008
7.887000	145.832312
7.695000	141.795418
7.530000	137.736133
7.386000	133.702685
7.257000	129.682973
7.137000	125.589678
7.026000	121.489017
6.924000	117.441684
6.828000	113.375995
6.738000	109.329867
6.651000	105.198354
6.570000	101.156410
0.000000	0.000000
& cycle # 5, chisq = 88335.987461, e = 35.855059
30.000000	307.261078
29.877000	303.200549
29.751000	299.129210
29.619000	295.066969
29.478000	291.052055
29.319000	287.021842
29.130000	282.966741
28.887000	278.940229
28.500000	274.933318
24.939000	270.930464
24.177000	266.913620
23.769000	262.880155
23.463000	258.873347
23.205000	254.849777
22.977000	250.806818
22.770000	246.798923
22.575000	242.776723
22.389000	238.733724
22.212000	234.725886
22.038000	230.685017
21.867000	226.665496
21.696000	222.623407
21.525000	218.572556
21.354000	214.543106
21.180000	210.516254
21.000000	206.474937
20.814000	202.449090
20.619000	198.397579
20.415000	194.380244
20.193000	190.331689
19.950000	186.310140
19.680000	182.306876
19.365000	178.289779
18.972000	174.289571
18.429000	170.276481
17.310000	166.275375
12.765000	162.271558
10.800000	158.265082
9.462000	154.255351
8.475000	150.241117
7.752000	146.230371
7.206000	142.217994
6.774000	138.210356
6.420000	134.188148
6.117000	130.152218
5.853000	126.103207
5.619000	122.058836
5.406000	118.003805
5.211000	113.947309
5.031000	109.893519
4.863000	105.855584
4.704000	101.815349
0.000000	0.000000
& cycle # 1, chisq = 88132.307784, e = 35.700409
30.000000	387.021126
29.958000	382.790334
29.916000	378.559935
29.874000	374.335854
29.832000	370.136132
29.790000	365.974051
29.748000	361.853054
29.706000	357.784720
29.664000	353.783652
29.619000	349.580040
29.574000	345.466040
29.529000	341.448236
29.481000	337.280788
29.433000	333.246358
29.382000	329.110781
29.328000	324.902653
29.274000	320.873497
29.217000	316.822695
29.157000	312.790558
29.091000	308.629847
29.022000	304.579461
28.947000	300.515958
28.863000	296.380230
28.770000	292.299739
28.665000	288.278197
28.539000	284.198501
28.383000	280.168915
28.167000	276.136987
27.780000	272.126657
25.053000	268.120578
24.348000	264.120270
23.961000	260.116738
23.670000	256.111658
23.424000	252.095611
23.205000	248.055776
23.007000	244.050219
22.821000	240.041950
22.641000	235.992862
22.467000	231.948801
22.299000	227.948171
22.131000	223.899396
21.963000	219.860827
21.792000	215.805022
21.618000	211.756796
21.441000	207.743466
21.255000	203.690183
21.060000	199.684314
20.850000	195.681125
20.619000	191.646633
20.361000	187.631645
20.055000	183.614779
19.671000	179.611384
19.107000	175.607411
17.301000	171.607369
13.611000	167.597080
12.588000	163.593452
11.703000	159.590293
10.791000	155.579726
9.717000	151.575488
8.445000	147.572715
7.389000	143.560030
6.687000	139.555118
6.183000	135.537505
5.784000	131.522222
5.445000	127.507813
5.142000	123.494856
4.860000	119.468261
4.587000	115.438394
4.317000	111.427270
4.035000	107.410287
3.726000	103.408557
0.000000	0.000000
& cycle # 2, chisq = 88900.054459, e = 35.700409
30.000000	413.916562
29.949000	409.852750
29.901000	405.852378
29.853000	401.696756
29.808000	397.688299
29.763000	393.583221
29.718000	389.396157
29.673000	385.150923
29.628000	380.865819
29.586000	376.839987
29.544000	372.798859
29.502000	368.756617
29.460000	364.728320
29.418000	360.725763
29.373000	356.474751
29.328000	352.270199
29.283000	348.121730
29.238000	344.041238
29.193000	340.040604
29.145000	335.871666
29.097000	331.811119
29.046000	327.620447
28.995000	323.562423
28.941000	319.418223
28.884000	315.224182
28.827000	311.223645
28.764000	307.030918
28.698000	302.894636
28.629000	298.846977
28.554000	294.766782
28.473000	290.733578
28.383000	286.697574
28.281000	282.658546
28.161000	278.577958
28.017000	274.561626
27.825000	270.514120
27.525000	266.495740
24.600000	262.495610
23.616000	258.479277
23.196000	254.468499
22.890000	250.430401
22.638000	246.421764
22.416000	242.394352
22.215000	238.362406
22.029000	234.359277
21.849000	230.292504
21.678000	226.281707
21.510000	222.220666
21.345000	218.152789
21.183000	214.136036
21.018000	210.070592
20.853000	206.057311
20.685000	202.039509
20.511000	197.981956
20.331000	193.952547
20.139000	189.900578
19.935000	185.893413
19.713000	181.878619
19.464000	177.851682
19.170000	173.830174
18.801000	169.813201
18.258000	165.809548
12.375000	161.809342
10.278000	157.807740
9.303000	153.798018
8.547000	149.797084
7.899000	145.785108
7.326000	141.762988
6.819000	137.741455
6.372000	133.713111
5.976000	129.699436
5.625000	125.670487
5.310000	121.642637
5.028000	117.618287
4.773000	113.616309
4.539000	109.608546
4.323000	105.577602
4.122000	101.542247
0.000000	0.000000
& cycle # 3, chisq = 88282.179702, e = 35.700409
30.000000	315.344317
29.958000	311.316500
29.910000	307.080035
29.859000	302.969993
29.802000	298.827722
29.739000	294.747317
29.667000	290.665071
29.583000	286.604557
29.481000	282.539272
29.349000	278.470452
29.160000	274.437086
28.779000	270.436012
24.933000	266.427871
24.312000	262.421977
23.904000	258.396480
23.580000	254.368367
23.298000	250.323937
23.046000	246.291170
22.812000	242.245137
22.590000	238.200018
22.377000	234.143767
22.173000	230.121414
21.972000	226.084955
21.774000	222.081616
21.576000	218.059750
21.378000	214.034724
21.177000	209.997325
20.970000	205.942007
20.757000	201.885937
20.538000	197.840584
20.310000	193.816603
20.067000	189.800415
19.806000	185.787122
19.521000	181.754665
19.200000	177.750177
18.822000	173.725307
18.354000	169.723225
17.667000	165.710213
10.440000	161.707766
9.195000	157.705868
8.724000	153.687025
8.397000	149.647292
8.142000	145.607508
7.929000	141.595236
7.740000	137.529777
7.572000	133.483643
7.419000	129.425521
7.278000	125.374256
7.146000	121.323076
7.020000	117.230333
6.900000	113.127517
6.786000	109.042688
6.678000	105.007006
6.573000	100.937506
0.000000	0.000000
& cycle # 4, chisq = 88804.831713, e = 35.700409
30.000000	363.639771
29.943000	359.453591
29.877000	355.359167
29.796000	351.277510
29.691000	347.246376
29.532000	343.189275
29.148000	339.184626
26.250000	335.180243
25.821000	331.159029
25.530000	327.157447
25.296000	323.131072
25.095000	319.099286
24.915000	315.071600
24.750000	311.041486
24.597000	307.023506
24.453000	303.020331
24.315000	299.012361
24.180000	294.948588
24.051000	290.941836
23.925000	286.920240
23.802000	282.907905
23.679000	278.833520
23.559000	274.820328
23.439000	270.783373
23.319000	266.729260
23.199000	262.663485
23.079000	258.597110
22.959000	254.548243
22.839000	250.537076
22.716000	246.480506
22.590000	242.389800
22.464000	238.365951
22.335000	234.319168
22.203000	230.267242
22.068000	226.236594
21.927000	222.167907
21.783000	218.167495
21.633000	214.160510
21.474000	210.086550
21.309000	206.059721
21.135000	202.059658
20.946000	198.010834
20.742000	193.959869
20.523000	189.951325
20.280000	185.935309
20.004000	181.932336
19.683000	177.907874
19.296000	173.897590
18.789000	169.897200
18.012000	165.891407
10.908000	161.890789
9.060000	157.873695
8.586000	153.855167
8.274000	149.832759
8.037000	145.831904
7.839000	141.792129
7.668000	137.729749
7.518000	133.674965
7.383000	129.604077
7.260000	125.537153
7.146000	121.458779
7.041000	117.433318
6.942000	113.392713
6.849000	109.371030
6.759000	105.263431
6.675000	101.234782
0.000000	0.000000
& cycle # 5, chisq = 88239.080149, e = 35.700409
30.000000	307.261078
29.889000	303.254082
29.772000	299.185045
29.649000	295.157615
29.514000	291.112182
29.361000	287.065818
29.178000	283.006782
28.941000	278.992998
28.554000	274.980190
25.071000	270.974970
24.351000	266.969251
23.952000	262.937607
23.652000	258.919328
23.397000	254.875892
23.172000	250.842226
22.968000	246.830857
22.776000	242.807610
22.593000	238.794362
22.416000	234.765224
22.245000	230.758750
22.074000	226.687839
21.906000	222.675930
21.735000	218.609592
21.564000	214.573307
21.390000	210.520916
21.213000	206.503080
21.027000	202.444809
20.832000	198.390089
20.628000	194.366167
20.409000	190.324881
20.169000	186.293584
19.899000	182.261851
19.590000	178.238050
19.212000	174.216229
18.708000	170.203891
17.868000	166.198303
14.595000	162.191702
12.606000	158.189221
10.734000	154.187892
9.036000	150.184410
7.971000	146.175570
7.323000	142.159697
6.870000	138.132772
6.522000	134.102353
6.237000	130.085447
5.991000	126.039538
5.775000	121.984224
5.583000	117.983465
5.406000	113.968420
5.241000	109.928087
5.088000	105.920258
4.941000	101.849346
0.000000	0.000000
& cycle # 1, chisq = 88164.682033, e = 35.310327
30.000000	387.021126
29.946000	382.987346
29.892000	378.900991
29.838000	374.780208
29.784000	370.654868
29.730000	366.535091
29.676000	362.445608
29.622000	358.407974
29.565000	354.211546
29.508000	350.096745
29.451000	346.085029
29.391000	341.989110
29.328000	337.834803
29.262000	333.652429
29.193000	329.483169
29.121000	325.368379
29.046000	321.339099
28.965000	317.278384
28.878000	313.257682
28.782000	309.232960
28.674000	305.197336
28.551000	301.190296
28.404000	297.173322
28.218000	293.149557
27.960000	289.149128
27.495000	285.136217
25.839000	281.132770
24.843000	277.113300
24.375000	273.102829
24.039000	269.065769
23.769000	265.034572
23.535000	260.993066
23.325000	256.963858
23.133000	252.951579
22.953000	248.933794
22.779000	244.864698
22.611000	240.800018
22.449000	236.770027
22.290000	232.727205
22.134000	228.711980
21.978000	224.692777
21.819000	220.625800
21.660000	216.603507
21.498000	212.563379
21.333000	208.538125
21.162000	204.508278
20.982000	200.460103
20.793000	196.431130
20.592000	192.393792
20.376000	188.373467
20.136000	184.350015
19.863000	180.323856
19.545000	176.299492
19.146000	172.292564
18.588000	168.277556
17.502000	164.273236
13.926000	160.271181
11.400000	156.270527
9.108000	152.262962
8.178000	148.255388
7.656000	144.229541
7.290000	140.205014
7.002000	136.186132
6.759000	132.132030
6.549000	128.076768
6.363000	124.057635
6.192000	120.018491
6.033000	115.961525
5.886000	111.950794
5.745000	107.886006
5.610000	103.822474
0.000000	0.000000
& cycle # 2, chisq = 88141.640737, e = 35.310327
30.000000	413.916562
29.931000	409.829747
29.868000	405.678798
29.811000	401.616924
29.757000	397.528506
29.706000	393.475420
29.655000	389.269669
29.607000	385.193002
29.559000	381.016769
29.511000	376.761562
29.466000	372.722703
29.421000	368.654023
29.376000	364.568321
29.331000	360.476331
29.286000	356.390376
29.241000	352.325184
29.196000	348.295766
29.148000	344.051280
29.100000	339.872800
29.052000	335.768458
29.004000	331.746170
28.953000	327.572797
28.902000	323.514739
28.848000	319.355790
28.794000	315.347322
28.737000	311.284382
28.677000	307.196851
28.614000	303.117053
28.548000	299.081700
28.476000	294.964719
28.398000	290.841968
28.314000	286.784460
28.221000	282.733830
28.116000	278.693013
27.993000	274.643356
27.843000	270.613852
27.645000	266.589770
27.330000	262.570398
24.762000	258.568044
23.649000	254.561509
23.211000	250.529497
22.899000	246.501952
22.641000	242.457473
22.416000	238.415702
22.215000	234.412598
22.026000	230.365307
21.846000	226.311705
21.675000	222.308985
21.507000	218.252073
21.342000	214.185562
21.180000	210.168498
21.015000	206.101788
20.850000	202.087165
20.682000	198.069450
20.508000	194.015730
20.328000	189.996508
20.136000	185.964139
19.929000	181.933418
19.704000	177.925369
19.449000	173.908012
19.140000	169.877650
18.735000	165.855520
18.015000	161.853043
11.151000	157.852172
9.201000	153.849283
8.532000	149.829738
8.061000	145.824406
7.680000	141.820773
7.353000	137.783914
7.065000	133.773999
6.801000	129.745113
6.558000	125.714360
6.330000	121.683599
6.114000	117.675587
5.907000	113.656516
5.706000	109.604316
5.511000	105.577631
5.319000	101.542805
0.000000	0.000000
& cycle # 3, chisq = 88239.174202, e = 35.310327
30.000000	315.344317
29.955000	311.324487
29.904000	307.127835
29.850000	303.065750
29.790000	298.990873
29.724000	294.987287
29.646000	290.852492
29.556000	286.796086
29.445000	282.701675
29.301000	278.649107
29.088000	274.642830
28.533000	270.635181
24.624000	266.618974
24.117000	262.591691
23.763000	258.564966
23.475000	254.551464
23.223000	250.527195
22.995000	246.481548
22.785000	242.471713
22.584000	238.426684
22.392000	234.386073
22.206000	230.328795
22.026000	226.317034
21.846000	222.266881
21.669000	218.264058
21.492000	214.249213
21.312000	210.184487
21.129000	206.122128
20.943000	202.101795
20.751000	198.071131
20.553000	194.047614
20.346000	190.031279
20.124000	185.998204
19.884000	181.960107
19.623000	177.926127
19.329000	173.896574
18.981000	169.867663
18.552000	165.856004
17.919000	161.855388
10.725000	157.855237
8.886000	153.839314
8.406000	149.832371
8.079000	145.800903
7.821000	141.777171
7.602000	137.722140
7.413000	133.702332
7.242000	129.646706
7.086000	125.613776
6.942000	121.612629
6.804000	117.522043
6.675000	113.470653
6.552000	109.413130
6.435000	105.394534
6.321000	101.346723
0.000000	0.000000
& cycle # 4, chisq = 88376.920355, e = 35.310327
30.000000	363.639771
29.937000	359.536413
29.859000	355.480351
29.754000	351.446556
29.586000	347.409299
28.905000	343.406995
26.919000	339.394418
26.526000	335.357805
26.250000	331.312606
26.028000	327.309518
25.833000	323.243394
25.659000	319.223631
25.497000	315.173013
25.347000	311.168243
25.203000	307.118604
25.065000	303.083628
24.930000	299.016540
24.798000	294.937904
24.669000	290.864720
24.543000	286.821102
24.417000	282.738689
24.291000	278.641096
24.168000	274.639672
24.042000	270.544873
23.916000	266.461082
23.790000	262.403074
23.664000	258.391513
23.535000	254.350892
23.403000	250.294297
23.268000	246.226680
23.130000	242.154487
22.989000	238.095093
22.845000	234.074657
22.695000	230.035400
22.539000	225.992782
22.377000	221.952958
22.209000	217.932844
22.032000	213.902085
21.843000	209.843608
21.642000	205.785032
21.429000	201.740256
21.201000	197.708415
20.952000	193.675147
20.679000	189.638528
20.379000	185.608840
20.040000	181.598465
19.650000	177.574879
19.188000	173.567194
18.606000	169.550429
17.766000	165.541627
10.782000	161.541110
9.504000	157.535200
9.063000	153.530371
8.763000	149.489247
8.529000	145.462765
8.334000	141.414010
8.166000	137.365828
8.016000	133.298289
7.881000	129.263804
7.755000	125.164454
7.641000	121.161604
7.533000	117.099810
7.431000	113.017790
7.335000	108.958558
7.242000	104.828885
7.155000	100.793198
0.000000	0.000000
& cycle # 5, chisq = 89832.410584, e = 35.310327
30.000000	307.261078
29.706000	303.253842
29.460000	299.230696
29.187000	295.212318
28.755000	291.209614
26.259000	287.207257
24.300000	283.186509
23.940000	279.146440
23.685000	275.110123
23.475000	271.071290
23.292000	267.045767
23.127000	263.026259
22.974000	259.002669
22.830000	255.000541
22.689000	250.919156
22.554000	246.886227
22.422000	242.844025
22.293000	238.823529
22.164000	234.767694
22.035000	230.715402
21.906000	226.700684
21.774000	222.655527
21.639000	218.600745
21.501000	214.560559
21.357000	210.488394
21.207000	206.444620
21.048000	202.417990
20.877000	198.404356
20.688000	194.349286
20.478000	190.324821
20.232000	186.302459
19.923000	182.288803
19.485000	178.283421
18.060000	174.282604
13.290000	170.274916
12.441000	166.266798
11.727000	162.266086
10.989000	158.252652
10.053000	154.250278
8.364000	150.246798
6.966000	146.239566
6.402000	142.221278
6.057000	138.185190
5.808000	134.174292
5.607000	130.109595
5.439000	126.070049
5.292000	121.990702
5.163000	117.946548
5.046000	113.880334
4.938000	109.780643
4.839000	105.723556
4.746000	101.643362
0.000000	0.000000
& cycle # 1, chisq = 87408.885416, e = 36.133525
30.000000	387.021126
29.949000	382.860278
29.898000	378.767504
29.847000	374.755525
29.793000	370.624895
29.739000	366.622317
29.682000	362.556538
29.622000	358.475919
29.559000	354.416191
29.490000	350.246008
29.418000	346.222420
29.337000	342.096707
29.247000	337.997877
29.145000	333.966496
29.022000	329.925338
28.863000	325.886291
28.620000	321.878557
25.581000	317.877551
24.858000	313.854613
24.543000	309.811329
24.315000	305.783723
24.126000	301.723208
23.964000	297.708130
23.817000	293.644836
23.682000	289.587939
23.556000	285.549222
23.436000	281.497105
23.322000	277.475273
23.211000	273.411008
23.103000	269.333713
22.998000	265.276070
22.896000	261.270240
22.794000	257.224018
22.692000	253.156162
22.590000	249.081035
22.488000	245.010722
22.386000	240.958441
22.284000	236.941057
22.179000	232.863679
22.071000	228.756067
21.960000	224.648938
21.846000	220.569529
21.729000	216.540050
21.606000	212.484066
21.477000	208.440924
21.339000	204.376723
21.192000	200.373480
21.027000	196.303609
20.841000	192.246876
20.625000	188.203703
20.358000	184.164924
19.980000	180.153709
19.041000	176.150167
13.755000	172.145530
12.903000	168.136678
12.240000	164.129836
11.580000	160.122263
10.779000	156.114218
9.261000	152.113631
7.176000	148.109157
6.570000	144.088897
6.225000	140.068183
5.976000	136.062093
5.778000	132.053847
5.610000	128.022591
5.463000	123.990618
5.331000	119.939570
5.211000	115.881804
5.100000	111.802467
4.998000	107.780234
4.902000	103.761177
0.000000	0.000000
& cycle # 2, chisq = 87364.451308, e = 36.133525
30.000000	413.916562
29.952000	409.898142
29.904000	405.761357
29.856000	401.519459
29.811000	397.474635
29.766000	393.375694
29.721000	389.234817
29.676000	385.073739
29.631000	380.909260
29.586000	376.750261
29.541000	372.606637
29.496000	368.493364
29.451000	364.425983
29.406000	360.415459
29.358000	356.207457
29.310000	352.078461
29.262000	348.038248
29.211000	343.855853
29.160000	339.798744
29.106000	335.647047
29.052000	331.646781
28.995000	327.591664
28.935000	323.515207
28.872000	319.455808
28.806000	315.451696
28.734000	311.371638
28.656000	307.281137
28.572000	303.249362
28.479000	299.229766
28.371000	295.126496
28.245000	291.043058
28.092000	286.992217
27.891000	282.990232
27.573000	278.985275
25.773000	274.985007
24.180000	270.977317
23.715000	266.953132
23.391000	262.936101
23.130000	258.924579
22.905000	254.911640
22.701000	250.884228
22.512000	246.853282
22.335000	242.831283
22.167000	238.826867
22.002000	234.769152
21.840000	230.709084
21.681000	226.674294
21.522000	222.607791
21.363000	218.542317
21.204000	214.526669
21.039000	210.459561
20.871000	206.448888
20.697000	202.444314
20.514000	198.421761
20.319000	194.405309
20.106000	190.391985
19.869000	186.385042
19.596000	182.345830
19.263000	178.321106
18.807000	174.299608
17.919000	170.295399
12.279000	166.292193
11.046000	162.281596
10.140000	158.274286
9.306000	154.269558
8.475000	150.268061
7.653000	146.254225
6.918000	142.246170
6.324000	138.243996
5.856000	134.227774
5.484000	130.200057
5.178000	126.164235
4.923000	122.163962
4.701000	118.156957
4.503000	114.100600
4.326000	110.041006
4.167000	106.033395
4.020000	102.008044
0.000000	0.000000
& cycle # 3, chisq = 87935.480506, e = 36.133525
30.000000	315.344317
29.928000	311.300037
29.850000	307.283514
29.763000	303.237981
29.664000	299.149734
29.550000	295.083271
29.415000	291.061413
29.244000	287.051572
28.998000	283.014473
28.497000	279.003926
24.882000	274.990635
24.273000	270.965060
23.880000	266.934056
23.571000	262.908011
23.304000	258.867154
23.067000	254.844502
22.848000	250.806540
22.641000	246.766373
22.443000	242.719368
22.254000	238.705124
22.068000	234.655975
21.885000	230.628953
21.702000	226.584405
21.519000	222.530354
21.336000	218.494064
21.150000	214.462292
20.958000	210.417674
20.760000	206.378765
20.556000	202.362739
20.340000	198.319458
20.109000	194.295687
19.857000	190.258741
19.581000	186.239073
19.263000	182.213856
18.879000	178.208230
18.372000	174.199561
17.442000	170.195253
12.912000	166.187947
11.859000	162.177862
10.950000	158.176849
8.487000	154.176817
7.383000	150.166250
7.032000	146.147515
6.786000	142.110816
6.591000	138.062292
6.426000	134.009271
6.282000	129.991662
6.150000	125.902918
6.030000	121.835193
5.919000	117.768060
5.814000	113.653300
5.715000	109.543326
5.622000	105.487647
5.532000	101.390033
0.000000	0.000000
& cycle # 4, chisq = 87601.856970, e = 36.133525
30.000000	363.639771
29.934000	359.562338
29.853000	355.446182
29.751000	351.414901
29.607000	347.397939
29.343000	343.368757
27.027000	339.361532
26.316000	335.343309
25.944000	331.331232
25.665000	327.291227
25.434000	323.268951
25.233000	319.256611
25.050000	315.221154
24.879000	311.150478
24.720000	307.112210
24.570000	303.090726
24.426000	299.064581
24.285000	294.994532
24.147000	290.905090
24.015000	286.901730
23.883000	282.818454
23.754000	278.770400
23.625000	274.690310
23.496000	270.597968
23.367000	266.502750
23.238000	262.408300
23.109000	258.322349
22.980000	254.261850
22.851000	250.248479
22.719000	246.207937
22.584000	242.151427
22.446000	238.083159
22.305000	234.011184
22.161000	229.956166
22.014000	225.947381
21.861000	221.930826
21.702000	217.923047
21.534000	213.861233
21.360000	209.844703
21.174000	205.791170
20.976000	201.767248
20.763000	197.750514
20.532000	193.725154
20.277000	189.701770
19.986000	185.663280
19.653000	181.649405
19.251000	177.634661
18.729000	173.630779
17.928000	169.623814
10.497000	165.622838
9.285000	161.611790
8.835000	157.608768
8.526000	153.567935
8.289000	149.550278
8.094000	145.549166
7.923000	141.491165
7.773000	137.480055
7.638000	133.476622
7.512000	129.377876
7.398000	125.355618
7.290000	121.266922
7.188000	117.157194
7.092000	113.068116
7.002000	109.036523
6.915000	104.952065
6.831000	100.828808
0.000000	0.000000
& cycle # 5, chisq = 88422.272051, e = 36.133525
30.000000	307.261078
29.892000	303.166595
29.778000	299.115328
29.655000	295.101318
29.517000	291.084357
29.355000	287.046882
29.154000	283.024369
28.869000	279.018426
28.179000	275.015681
24.408000	271.011321
23.919000	266.992540
23.580000	262.957437
23.304000	258.926897
23.067000	254.926860
22.851000	250.890208
22.650000	246.860372
22.461000	242.856369
22.278000	238.800404
22.101000	234.755204
21.927000	230.717398
21.753000	226.654923
21.582000	222.653430
21.408000	218.595928
21.231000	214.532026
21.051000	210.518617
20.862000	206.461699
20.667000	202.449433
20.460000	198.410125
20.238000	194.396484
19.992000	190.374502
19.716000	186.358257
19.392000	182.330275
18.981000	178.328166
18.387000	174.325603
16.353000	170.325109
12.240000	166.320188
10.914000	162.310917
9.930000	158.304712
9.072000	154.292177
8.295000	150.284178
7.599000	146.277984
6.993000	142.261752
6.477000	138.247688
6.039000	134.234295
5.667000	130.224115
5.343000	126.209238
5.058000	122.177790
4.803000	118.136468
4.572000	114.095719
4.362000	110.062231
4.167000	106.011042
3.987000	102.009050
0.000000	0.000000
& cycle # 1, chisq = 89081.330668, e = 36.187102
30.000000	387.021126
29.958000	382.876398
29.916000	378.787380
29.874000	374.756705
29.829000	370.519223
29.784000	366.376256
29.739000	362.328787
29.691000	358.129503
29.643000	354.065350
29.592000	349.898032
29.541000	345.887215
29.487000	341.820091
29.430000	337.738106
29.370000	333.676634
29.307000	329.666177
29.238000	325.571547
29.163000	321.477805
29.082000	317.464973
28.989000	313.349405
28.884000	309.299902
28.758000	305.226304
28.602000	301.222668
28.383000	297.215715
27.960000	293.203044
25.104000	289.193698
24.537000	285.168686
24.198000	281.147842
23.937000	277.124991
23.718000	273.102813
23.523000	269.066758
23.346000	265.061676
23.181000	261.047675
23.025000	257.028746
22.875000	253.000790
22.728000	248.938795
22.584000	244.876447
22.443000	240.835376
22.302000	236.752392
22.164000	232.747903
22.023000	228.687679
21.879000	224.608545
21.732000	220.535605
21.582000	216.486780
21.426000	212.411268
21.264000	208.363277
21.093000	204.338896
20.907000	200.276227
20.706000	196.248942
20.484000	192.241817
20.226000	188.215419
19.911000	184.207809
19.491000	180.188796
18.750000	176.188523
14.115000	172.188414
12.915000	168.185435
12.021000	164.176649
11.163000	160.170009
10.191000	156.162437
8.961000	152.160583
7.707000	148.160168
6.879000	144.153850
6.333000	140.128748
5.925000	136.097188
5.598000	132.091704
5.316000	128.087911
5.064000	124.063732
4.833000	120.056250
4.614000	116.039291
4.404000	112.026379
4.197000	108.000991
3.987000	103.947514
0.000000	0.000000
& cycle # 2, chisq = 88860.828168, e = 36.187102
30.000000	413.916562
29.943000	409.882079
29.889000	405.849540
29.835000	401.634819
29.784000	397.517273
29.733000	393.279598
29.685000	389.205458
29.637000	385.071116
29.589000	380.888925
29.541000	376.671178
29.493000	372.436667
29.445000	368.205272
29.397000	363.991294
29.349000	359.804030
29.301000	355.652903
29.253000	351.550479
29.205000	347.510856
29.154000	343.300902
29.103000	339.184700
29.052000	335.167985
28.998000	331.029574
28.944000	327.017676
28.887000	322.931316
28.827000	318.804988
28.764000	314.671483
28.698000	310.560536
28.629000	306.501991
28.554000	302.370285
28.473000	298.239907
28.386000	294.185010
28.290000	290.150134
28.182000	286.128556
28.056000	282.090362
27.903000	278.062561
27.702000	274.017119
27.396000	270.000050
26.313000	265.999484
23.781000	261.990103
23.286000	257.985469
22.947000	253.955630
22.674000	249.925973
22.437000	245.874809
22.227000	241.860688
22.032000	237.827580
21.846000	233.764070
21.669000	229.729078
21.498000	225.694101
21.330000	221.638159
21.165000	217.622305
20.997000	213.549980
20.829000	209.520269
20.658000	205.480194
20.484000	201.470450
20.301000	197.427001
20.106000	193.373051
19.896000	189.320168
19.668000	185.295048
19.410000	181.283397
19.095000	177.252344
18.678000	173.236502
17.859000	169.233972
11.529000	165.232806
9.789000	161.219901
9.099000	157.199121
8.574000	153.185779
8.121000	149.180323
7.704000	145.177776
7.308000	141.169438
6.921000	137.157850
6.537000	133.126203
6.156000	129.125953
5.772000	125.096028
5.391000	121.095720
5.013000	117.070246
4.647000	113.069043
4.299000	109.064703
3.972000	105.049770
3.672000	101.029097
0.000000	0.000000
& cycle # 3, chisq = 89440.064164, e = 36.187102
30.000000	315.344317
29.970000	310.949657
29.937000	306.649222
29.901000	302.535517
29.859000	298.408397
29.808000	294.255859
29.745000	290.212570
29.658000	286.200064
29.502000	282.175302
26.847000	278.174830
26.118000	274.171350
25.728000	270.143034
25.413000	266.138683
25.128000	262.104179
24.855000	258.069669
24.585000	254.028541
24.312000	250.012489
24.027000	246.010408
23.724000	241.997763
23.394000	237.994064
23.028000	233.967625
22.620000	229.944895
22.170000	225.930979
21.687000	221.929634
21.195000	217.911786
20.715000	213.887679
20.271000	209.866061
19.857000	205.840497
19.479000	201.831985
19.119000	197.812851
18.777000	193.801337
18.444000	189.784757
18.105000	185.750772
17.763000	181.731159
17.397000	177.720826
16.983000	173.712512
16.473000	169.695372
15.591000	165.691166
11.982000	161.683354
9.171000	157.683028
7.974000	153.673725
7.572000	149.638784
7.287000	145.609670
7.053000	141.559091
6.852000	137.551795
6.672000	133.541949
6.507000	129.534777
6.351000	125.491609
6.204000	121.484401
6.063000	117.475359
5.925000	113.407456
5.793000	109.405462
5.661000	105.327423
5.532000	101.299085
0.000000	0.000000
& cycle # 4, chisq = 91916.623276, e = 36.187102
30.000000	363.639771
29.931000	359.493935
29.850000	355.439944
29.748000	351.385581
29.610000	347.368128
29.385000	343.364110
27.732000	339.363879
26.286000	335.355033
25.854000	331.324190
25.551000	327.297435
25.308000	323.293248
25.098000	319.271807
24.909000	315.239108
24.735000	311.185140
24.573000	307.123280
24.420000	303.060635
24.273000	298.980843
24.132000	294.920791
23.997000	290.904856
23.865000	286.867392
23.736000	282.836988
23.607000	278.748244
23.481000	274.716953
23.355000	270.657403
23.229000	266.574294
23.103000	262.477050
22.977000	258.383871
22.851000	254.317208
22.725000	250.294883
22.596000	246.231112
22.467000	242.223815
22.335000	238.185506
22.200000	234.133974
22.062000	230.096387
21.918000	226.015396
21.771000	221.995071
21.618000	217.961154
21.459000	213.929176
21.291000	209.862344
21.114000	205.820156
20.925000	201.787297
20.721000	197.736825
20.502000	193.717232
20.259000	189.683377
19.983000	185.651577
19.665000	181.621253
19.281000	177.594652
18.780000	173.586316
18.012000	169.586178
10.806000	165.584925
9.195000	161.567111
8.718000	157.558635
8.400000	153.531828
8.157000	149.484269
7.959000	145.481965
7.788000	141.471917
7.635000	137.399823
7.500000	133.389444
7.377000	129.376117
7.263000	125.344275
7.155000	121.245025
7.056000	117.244173
6.960000	113.135364
6.870000	109.070578
6.783000	104.939001
6.702000	100.910107
0.000000	0.000000
& cycle # 5, chisq = 89049.655300, e = 36.187102
