0.000000	4.597682
0.452679	4.597682
0.452679	5.619446
0.915380	5.619446
0.915380	6.076149
1.229855	6.076149
1.229855	6.474484
1.781791	6.474484
1.781791	6.886731
2.311993	6.886731
2.311993	7.196876
2.741653	7.196876
2.741653	7.558170
3.624229	7.558170
3.624229	7.967697
4.483941	7.967697
4.483941	8.284396
5.201315	8.284396
5.201315	8.653377
6.660168	8.653377
6.660168	9.055010
8.046334	9.055010
8.046334	9.351361
9.227583	9.351361
9.227583	9.672228
11.553657	9.672228
11.553657	9.993577
13.753964	9.993577
13.753964	10.219543
15.609556	10.219543
15.609556	10.482273
19.102958	10.482273
19.102958	10.822513
21.962516	10.822513
21.962516	11.170758
24.138481	11.170758
24.138481	11.736989
27.503369	11.736989
27.503369	12.636835
29.740571	12.636835
29.740571	13.570939
31.276274	13.570939
31.276274	14.835101
33.550323	14.835101
33.550323	16.268685
35.147206	16.268685
35.147206	17.304652
36.371267	17.304652
36.371267	18.343170
38.337611	18.343170
38.337611	19.189724
39.937092	19.189724
39.937092	19.601119
41.322943	19.601119
41.322943	19.878199
43.781757	19.878199
43.781757	20.074245
45.865765	20.074245
45.865765	20.208188
47.650474	20.208188
47.650474	20.377765
50.421032	20.377765
50.421032	20.606413
52.571869	20.606413
52.571869	20.845375
54.280603	20.845375
54.280603	21.185528
56.647443	21.185528
56.647443	21.627094
58.431579	21.627094
58.431579	22.012962
59.862093	22.012962
59.862093	22.393155
61.876904	22.393155
61.876904	22.695989
63.570182	22.695989
63.570182	22.857792
65.077921	22.857792
65.077921	22.967931
67.272403	22.967931
67.272403	23.047711
69.215595	23.047711
69.215595	23.103216
70.962895	23.103216
& cycle # 1, chisq = 89057.079924, e = 35.704559
0.000000	3.856718
0.452679	3.856718
0.452679	4.938288
0.915380	4.938288
0.915380	5.463524
1.229855	5.463524
1.229855	5.921123
1.781791	5.921123
1.781791	6.394454
2.311993	6.394454
2.311993	6.750903
2.741653	6.750903
2.741653	7.167129
3.624229	7.167129
3.624229	7.640344
4.483941	7.640344
4.483941	8.007340
5.201315	8.007340
5.201315	8.435670
6.660168	8.435670
6.660168	8.901721
8.046334	8.901721
8.046334	9.244427
9.227583	9.244427
9.227583	9.612275
11.553657	9.612275
11.553657	9.974655
13.753964	9.974655
13.753964	10.222707
15.609556	10.222707
15.609556	10.500918
19.102958	10.500918
19.102958	10.850238
21.962516	10.850238
21.962516	11.200592
24.138481	11.200592
24.138481	11.763201
27.503369	11.763201
27.503369	12.652258
29.740571	12.652258
29.740571	13.574629
31.276274	13.574629
31.276274	14.827052
33.550323	14.827052
33.550323	16.255753
35.147206	16.255753
35.147206	17.295565
36.371267	17.295565
36.371267	18.344333
38.337611	18.344333
38.337611	19.204136
39.937092	19.204136
39.937092	19.624847
41.322943	19.624847
41.322943	19.909982
43.781757	19.909982
43.781757	20.111802
45.865765	20.111802
45.865765	20.248557
47.650474	20.248557
47.650474	20.419800
50.421032	20.419800
50.421032	20.648644
52.571869	20.648644
52.571869	20.886237
54.280603	20.886237
54.280603	21.222659
56.647443	21.222659
56.647443	21.657225
58.431579	21.657225
58.431579	22.034871
59.862093	22.034871
59.862093	22.404151
61.876904	22.404151
61.876904	22.694804
63.570182	22.694804
63.570182	22.846836
65.077921	22.846836
65.077921	22.946694
67.272403	22.946694
67.272403	23.015472
69.215595	23.015472
69.215595	23.060895
70.962895	23.060895
& cycle # 2, chisq = 88846.959468, e = 35.704559
0.000000	5.236316
0.452679	5.236316
0.452679	6.278761
0.915380	6.278761
0.915380	6.704433
1.229855	6.704433
1.229855	7.062291
1.781791	7.062291
1.781791	7.423501
2.311993	7.423501
2.311993	7.690057
2.741653	7.690057
2.741653	7.995966
3.624229	7.995966
3.624229	8.338897
4.483941	8.338897
4.483941	8.602108
5.201315	8.602108
5.201315	8.907677
6.660168	8.907677
6.660168	9.240431
8.046334	9.240431
8.046334	9.487079
9.227583	9.487079
9.227583	9.756931
11.553657	9.756931
11.553657	10.032198
13.753964	10.032198
13.753964	10.231337
15.609556	10.231337
15.609556	10.471448
19.102958	10.471448
19.102958	10.792123
21.962516	10.792123
21.962516	11.127427
24.138481	11.127427
24.138481	11.681323
27.503369	11.681323
27.503369	12.571873
29.740571	12.571873
29.740571	13.504993
31.276274	13.504993
31.276274	14.780477
33.550323	14.780477
33.550323	16.242619
35.147206	16.242619
35.147206	17.308418
36.371267	17.308418
36.371267	18.379378
38.337611	18.379378
38.337611	19.250440
39.937092	19.250440
39.937092	19.670867
41.322943	19.670867
41.322943	19.949799
43.781757	19.949799
43.781757	20.142233
45.865765	20.142233
45.865765	20.270311
47.650474	20.270311
47.650474	20.430074
50.421032	20.430074
50.421032	20.644019
52.571869	20.644019
52.571869	20.866936
54.280603	20.866936
54.280603	21.183884
56.647443	21.183884
56.647443	21.595255
58.431579	21.595255
58.431579	21.954926
59.862093	21.954926
59.862093	22.309846
61.876904	22.309846
61.876904	22.593506
63.570182	22.593506
63.570182	22.746206
65.077921	22.746206
65.077921	22.851713
67.272403	22.851713
67.272403	22.929939
69.215595	22.929939
69.215595	22.985767
70.962895	22.985767
& cycle # 3, chisq = 88975.488403, e = 35.704559
0.000000	6.767860
0.452679	6.767860
0.452679	7.636537
0.915380	7.636537
0.915380	7.881488
1.229855	7.881488
1.229855	8.092066
1.781791	8.092066
1.781791	8.310983
2.311993	8.310983
2.311993	8.477478
2.741653	8.477478
2.741653	8.674517
3.624229	8.674517
3.624229	8.902210
4.483941	8.902210
4.483941	9.082193
5.201315	9.082193
5.201315	9.297277
6.660168	9.297277
6.660168	9.538197
8.046334	9.538197
8.046334	9.721903
9.227583	9.721903
9.227583	9.929128
11.553657	9.929128
11.553657	10.148187
13.753964	10.148187
13.753964	10.313742
15.609556	10.313742
15.609556	10.523071
19.102958	10.523071
19.102958	10.812718
21.962516	10.812718
21.962516	11.122518
24.138481	11.122518
24.138481	11.643107
27.503369	11.643107
27.503369	12.491920
29.740571	12.491920
29.740571	13.393018
31.276274	13.393018
31.276274	14.644538
33.550323	14.644538
33.550323	16.106243
35.147206	16.106243
35.147206	17.190053
36.371267	17.190053
36.371267	18.289615
38.337611	18.289615
38.337611	19.189200
39.937092	19.189200
39.937092	19.626232
41.322943	19.626232
41.322943	19.918589
43.781757	19.918589
43.781757	20.121910
45.865765	20.121910
45.865765	20.257732
47.650474	20.257732
47.650474	20.426955
50.421032	20.426955
50.421032	20.652999
52.571869	20.652999
52.571869	20.887923
54.280603	20.887923
54.280603	21.221081
56.647443	21.221081
56.647443	21.652248
58.431579	21.652248
58.431579	22.027850
59.862093	22.027850
59.862093	22.396443
61.876904	22.396443
61.876904	22.688260
63.570182	22.688260
63.570182	22.842558
65.077921	22.842558
65.077921	22.945834
67.272403	22.945834
67.272403	23.018964
69.215595	23.018964
69.215595	23.068717
70.962895	23.068717
& cycle # 4, chisq = 89427.254750, e = 35.704559
0.000000	6.538578
0.452679	6.538578
0.452679	7.403654
0.915380	7.403654
0.915380	7.662371
1.229855	7.662371
1.229855	7.886262
1.781791	7.886262
1.781791	8.119775
2.311993	8.119775
2.311993	8.297720
2.741653	8.297720
2.741653	8.508527
3.624229	8.508527
3.624229	8.752204
4.483941	8.752204
4.483941	8.944762
5.201315	8.944762
5.201315	9.174651
6.660168	9.174651
6.660168	9.431743
8.046334	9.431743
8.046334	9.627342
9.227583	9.627342
9.227583	9.847270
11.553657	9.847270
11.553657	10.078695
13.753964	10.078695
13.753964	10.252517
15.609556	10.252517
15.609556	10.470756
19.102958	10.470756
19.102958	10.771072
21.962516	10.771072
21.962516	11.091096
24.138481	11.091096
24.138481	11.627360
27.503369	11.627360
27.503369	12.499822
29.740571	12.499822
29.740571	13.424239
31.276274	13.424239
31.276274	14.705199
33.550323	14.705199
33.550323	16.197187
35.147206	16.197187
35.147206	17.300417
36.371267	17.300417
36.371267	18.417168
38.337611	18.417168
38.337611	19.328188
39.937092	19.328188
39.937092	19.768093
41.322943	19.768093
41.322943	20.058199
43.781757	20.058199
43.781757	20.254559
45.865765	20.254559
45.865765	20.381475
47.650474	20.381475
47.650474	20.535933
50.421032	20.535933
50.421032	20.739312
52.571869	20.739312
52.571869	20.948753
54.280603	20.948753
54.280603	21.243776
56.647443	21.243776
56.647443	21.623267
58.431579	21.623267
58.431579	21.951591
59.862093	21.951591
59.862093	22.270713
61.876904	22.270713
61.876904	22.519443
63.570182	22.519443
63.570182	22.647170
65.077921	22.647170
65.077921	22.728277
67.272403	22.728277
67.272403	22.781223
69.215595	22.781223
69.215595	22.814032
70.962895	22.814032
& cycle # 5, chisq = 89050.069728, e = 35.704559
0.000000	5.445323
0.479801	5.445323
0.479801	6.472473
0.955108	6.472473
0.955108	6.829477
1.279877	6.829477
1.279877	7.141348
1.841922	7.141348
1.841922	7.465598
2.381364	7.465598
2.381364	7.712377
2.819569	7.712377
2.819569	8.000782
3.705279	8.000782
3.705279	8.330613
4.568034	8.330613
4.568034	8.589946
5.289753	8.589946
5.289753	8.894872
6.735158	8.894872
6.735158	9.232127
8.109659	9.232127
8.109659	9.486923
9.284273	9.486923
9.284273	9.764205
11.568974	9.764205
11.568974	10.038086
13.746098	10.038086
13.746098	10.228881
15.600093	10.228881
15.600093	10.456474
19.069567	10.456474
19.069567	10.767212
21.937276	10.767212
21.937276	11.103187
24.132290	11.103187
24.132290	11.668486
27.488912	11.668486
27.488912	12.577734
29.734314	12.577734
29.734314	13.518895
31.284790	13.518895
31.284790	14.784877
33.559762	14.784877
33.559762	16.267012
35.159051	16.267012
35.159051	17.386680
36.382914	17.386680
36.382914	18.480015
38.330105	18.480015
38.330105	19.312087
39.932089	19.312087
39.932089	19.694120
41.329944	19.694120
41.329944	19.949629
43.784444	19.949629
43.784444	20.136628
45.871138	20.136628
45.871138	20.267587
47.661636	20.267587
47.661636	20.431880
50.414143	20.431880
50.414143	20.650605
52.563826	20.650605
52.563826	20.877551
54.280319	20.877551
54.280319	21.196531
56.644780	21.196531
56.644780	21.607529
58.439632	21.607529
58.439632	21.968432
59.883298	21.968432
59.883298	22.326114
61.896221	22.326114
61.896221	22.613564
63.588560	22.613564
63.588560	22.766438
65.096285	22.766438
65.096285	22.862842
67.275109	22.862842
67.275109	22.920009
69.216302	22.920009
69.216302	22.948194
70.973000	22.948194
& cycle # 1, chisq = 88758.821453, e = 34.946911
0.000000	5.624425
0.479801	5.624425
0.479801	6.654382
0.955108	6.654382
0.955108	6.983175
1.279877	6.983175
1.279877	7.272890
1.841922	7.272890
1.841922	7.576679
2.381364	7.576679
2.381364	7.809639
2.819569	7.809639
2.819569	8.083747
3.705279	8.083747
3.705279	8.399108
4.568034	8.399108
4.568034	8.648346
5.289753	8.648346
5.289753	8.942679
6.735158	8.942679
6.735158	9.269347
8.109659	9.269347
8.109659	9.516810
9.284273	9.516810
9.284273	9.786642
11.568974	9.786642
11.568974	10.053624
13.746098	10.053624
13.746098	10.239995
15.600093	10.239995
15.600093	10.462862
19.069567	10.462862
19.069567	10.767875
21.937276	10.767875
21.937276	11.098434
24.132290	11.098434
24.132290	11.656273
27.488912	11.656273
27.488912	12.556957
29.734314	12.556957
29.734314	13.493853
31.284790	13.493853
31.284790	14.762612
33.559762	14.762612
33.559762	16.258870
35.159051	16.258870
35.159051	17.395728
36.382914	17.395728
36.382914	18.509106
38.330105	18.509106
38.330105	19.357586
39.932089	19.357586
39.932089	19.746949
41.329944	19.746949
41.329944	20.005701
43.784444	20.005701
43.784444	20.192111
45.871138	20.192111
45.871138	20.320013
47.661636	20.320013
47.661636	20.478008
50.414143	20.478008
50.414143	20.686328
52.563826	20.686328
52.563826	20.901191
54.280319	20.901191
54.280319	21.201979
56.644780	21.201979
56.644780	21.588317
58.439632	21.588317
58.439632	21.926545
59.883298	21.926545
59.883298	22.260607
61.896221	22.260607
61.896221	22.527902
63.588560	22.527902
63.588560	22.669196
65.096285	22.669196
65.096285	22.757618
67.275109	22.757618
67.275109	22.809582
69.216302	22.809582
69.216302	22.834949
70.973000	22.834949
& cycle # 2, chisq = 88524.327632, e = 34.946911
0.000000	5.573895
0.479801	5.573895
0.479801	6.594808
0.955108	6.594808
0.955108	6.940545
1.279877	6.940545
1.279877	7.241420
1.841922	7.241420
1.841922	7.553711
2.381364	7.553711
2.381364	7.791189
2.819569	7.791189
2.819569	8.068658
3.705279	8.068658
3.705279	8.386048
4.568034	8.386048
4.568034	8.635740
5.289753	8.635740
5.289753	8.929616
6.735158	8.929616
6.735158	9.255090
8.109659	9.255090
8.109659	9.501428
9.284273	9.501428
9.284273	9.770208
11.568974	9.770208
11.568974	10.036785
13.746098	10.036785
13.746098	10.223652
15.600093	10.223652
15.600093	10.448195
19.069567	10.448195
19.069567	10.756430
21.937276	10.756430
21.937276	11.090844
24.132290	11.090844
24.132290	11.655014
27.488912	11.655014
27.488912	12.564774
29.734314	12.564774
29.734314	13.509213
31.284790	13.509213
31.284790	14.784341
33.559762	14.784341
33.559762	16.282753
35.159051	16.282753
35.159051	17.417471
36.382914	17.417471
36.382914	18.525837
38.330105	18.525837
38.330105	19.368119
39.932089	19.368119
39.932089	19.753102
41.329944	19.753102
41.329944	20.007783
43.784444	20.007783
43.784444	20.190703
45.871138	20.190703
45.871138	20.316227
47.661636	20.316227
47.661636	20.471656
50.414143	20.471656
50.414143	20.677141
52.563826	20.677141
52.563826	20.889572
54.280319	20.889572
54.280319	21.187575
56.644780	21.187575
56.644780	21.571126
58.439632	21.571126
58.439632	21.907695
59.883298	21.907695
59.883298	22.241127
61.896221	22.241127
61.896221	22.509085
63.588560	22.509085
63.588560	22.651734
65.096285	22.651734
65.096285	22.742037
67.275109	22.742037
67.275109	22.796143
69.216302	22.796143
69.216302	22.823442
70.973000	22.823442
& cycle # 3, chisq = 88594.326255, e = 34.946911
0.000000	6.271776
0.479801	6.271776
0.479801	7.253163
0.955108	7.253163
0.955108	7.520965
1.279877	7.520965
1.279877	7.754562
1.841922	7.754562
1.841922	7.999646
2.381364	7.999646
2.381364	8.188384
2.819569	8.188384
2.819569	8.411976
3.705279	8.411976
3.705279	8.671398
4.568034	8.671398
4.568034	8.878385
5.289753	8.878385
5.289753	9.125455
6.735158	9.125455
6.735158	9.402868
8.109659	9.402868
8.109659	9.615686
9.284273	9.615686
9.284273	9.851307
11.568974	9.851307
11.568974	10.089413
13.746098	10.089413
13.746098	10.260605
15.600093	10.260605
15.600093	10.471898
19.069567	10.471898
19.069567	10.767103
21.937276	10.767103
21.937276	11.090529
24.132290	11.090529
24.132290	11.639791
27.488912	11.639791
27.488912	12.530702
29.734314	12.530702
29.734314	13.461555
31.284790	13.461555
31.284790	14.728864
33.559762	14.728864
33.559762	16.231273
35.159051	16.231273
35.159051	17.376872
36.382914	17.376872
36.382914	18.500086
38.330105	18.500086
38.330105	19.356085
39.932089	19.356085
39.932089	19.748690
41.329944	19.748690
41.329944	20.009312
43.784444	20.009312
43.784444	20.196805
45.871138	20.196805
45.871138	20.325323
47.661636	20.325323
47.661636	20.484053
50.414143	20.484053
50.414143	20.693394
52.563826	20.693394
52.563826	20.909386
54.280319	20.909386
54.280319	21.211871
56.644780	21.211871
56.644780	21.600554
58.439632	21.600554
58.439632	21.941003
59.883298	21.941003
59.883298	22.277486
61.896221	22.277486
61.896221	22.546989
63.588560	22.546989
63.588560	22.689690
65.096285	22.689690
65.096285	22.779250
67.275109	22.779250
67.275109	22.832157
69.216302	22.832157
69.216302	22.858229
70.973000	22.858229
& cycle # 4, chisq = 88675.232019, e = 34.946911
0.000000	6.608354
0.479801	6.608354
0.479801	7.599673
0.955108	7.599673
0.955108	7.850199
1.279877	7.850199
1.279877	8.066336
1.841922	8.066336
1.841922	8.291524
2.381364	8.291524
2.381364	8.463916
2.819569	8.463916
2.819569	8.667018
3.705279	8.667018
3.705279	8.901455
4.568034	8.901455
4.568034	9.087639
5.289753	9.087639
5.289753	9.309005
6.735158	9.309005
6.735158	9.556861
8.109659	9.556861
8.109659	9.746755
9.284273	9.746755
9.284273	9.957218
11.568974	9.957218
11.568974	10.170812
13.746098	10.170812
13.746098	10.325654
15.600093	10.325654
15.600093	10.519005
19.069567	10.519005
19.069567	10.792137
21.937276	10.792137
21.937276	11.094220
24.132290	11.094220
24.132290	11.612401
27.488912	11.612401
27.488912	12.462722
29.734314	12.462722
29.734314	13.363873
31.284790	13.363873
31.284790	14.613914
33.559762	14.613914
33.559762	16.125253
35.159051	16.125253
35.159051	17.295527
36.382914	17.295527
36.382914	18.453107
38.330105	18.453107
38.330105	19.341462
39.932089	19.341462
39.932089	19.752239
41.329944	19.752239
41.329944	20.026804
43.784444	20.026804
43.784444	20.224453
45.871138	20.224453
45.871138	20.359018
47.661636	20.359018
47.661636	20.523723
50.414143	20.523723
50.414143	20.739331
52.563826	20.739331
52.563826	20.960553
54.280319	20.960553
54.280319	21.269000
56.644780	21.269000
56.644780	21.663756
58.439632	21.663756
58.439632	22.008045
59.883298	22.008045
59.883298	22.346495
61.896221	22.346495
61.896221	22.615525
63.588560	22.615525
63.588560	22.756271
65.096285	22.756271
65.096285	22.842930
67.275109	22.842930
67.275109	22.892519
69.216302	22.892519
69.216302	22.915634
70.973000	22.915634
& cycle # 5, chisq = 88998.081437, e = 34.946911
0.000000	5.422783
0.465418	5.422783
0.465418	6.403844
0.933664	6.403844
0.933664	6.764135
1.252768	6.764135
1.252768	7.078727
1.808851	7.078727
1.808851	7.406123
2.342802	7.406123
2.342802	7.654983
2.776027	7.654983
2.776027	7.946983
3.658681	7.946983
3.658681	8.281605
4.518465	8.281605
4.518465	8.544398
5.236809	8.544398
5.236809	8.854419
6.686361	8.854419
6.686361	9.197545
8.064288	9.197545
8.064288	9.455951
9.240382	9.455951
9.240382	9.737441
11.544071	9.737441
11.544071	10.016234
13.736176	10.016234
13.736176	10.211542
15.597515	10.211542
15.597515	10.446850
19.094237	10.446850
19.094237	10.769961
21.966805	10.769961
21.966805	11.118960
24.152925	11.118960
24.152925	11.703577
27.501309	11.703577
27.501309	12.633627
29.730363	12.633627
29.730363	13.578541
31.268704	13.578541
31.268704	14.828165
33.546837	14.828165
33.546837	16.264413
35.151274	16.264413
35.151274	17.339037
36.378855	17.339037
36.378855	18.410022
38.337816	18.410022
38.337816	19.253568
39.938748	19.253568
39.938748	19.650201
41.330485	19.650201
41.330485	19.914976
43.786610	19.914976
43.786610	20.105479
45.871271	20.105479
45.871271	20.237814
47.658011	20.237814
47.658011	20.405117
50.417504	20.405117
50.417504	20.629583
52.565965	20.629583
52.565965	20.863399
54.277165	20.863399
54.277165	21.193907
56.641196	21.193907
56.641196	21.620700
58.430340	21.620700
58.430340	21.993686
59.867947	21.993686
59.867947	22.361027
61.883642	22.361027
61.883642	22.653625
63.578543	22.653625
63.578543	22.808817
65.087743	22.808817
65.087743	22.910340
67.273978	22.910340
67.273978	22.977993
69.211685	22.977993
69.211685	23.020179
70.954900	23.020179
& cycle # 1, chisq = 89678.838219, e = 35.320715
0.000000	5.697678
0.465418	5.697678
0.465418	6.677113
0.933664	6.677113
0.933664	7.005547
1.252768	7.005547
1.252768	7.293712
1.808851	7.293712
1.808851	7.595118
2.342802	7.595118
2.342802	7.825261
2.776027	7.825261
2.776027	8.096422
3.658681	8.096422
3.658681	8.408330
4.518465	8.408330
4.518465	8.654110
5.236809	8.654110
5.236809	8.944938
6.686361	8.944938
6.686361	9.267688
8.064288	9.267688
8.064288	9.511353
9.240382	9.511353
9.240382	9.777469
11.544071	9.777469
11.544071	10.041925
13.736176	10.041925
13.736176	10.228104
15.597515	10.228104
15.597515	10.453818
19.094237	10.453818
19.094237	10.765515
21.966805	10.765515
21.966805	11.103834
24.152925	11.103834
24.152925	11.673696
27.501309	11.673696
27.501309	12.586387
29.730363	12.586387
29.730363	13.521538
31.268704	13.521538
31.268704	14.772600
33.546837	14.772600
33.546837	16.228965
35.151274	16.228965
35.151274	17.329908
36.378855	17.329908
36.378855	18.432612
38.337816	18.432612
38.337816	19.302864
39.938748	19.302864
39.938748	19.711841
41.330485	19.711841
41.330485	19.982881
43.786610	19.982881
43.786610	20.174307
45.871271	20.174307
45.871271	20.304077
47.658011	20.304077
47.658011	20.465173
50.417504	20.465173
50.417504	20.678887
52.565965	20.678887
52.565965	20.899940
54.277165	20.899940
54.277165	21.210894
56.641196	21.210894
56.641196	21.610823
58.430340	21.610823
58.430340	21.958895
59.867947	21.958895
59.867947	22.299926
61.883642	22.299926
61.883642	22.569499
63.578543	22.569499
63.578543	22.710634
65.087743	22.710634
65.087743	22.800984
67.273978	22.800984
67.273978	22.859223
69.211685	22.859223
69.211685	22.894057
70.954900	22.894057
& cycle # 2, chisq = 89374.397211, e = 35.320715
0.000000	5.185861
0.465418	5.185861
0.465418	6.233084
0.933664	6.233084
0.933664	6.648583
1.252768	6.648583
1.252768	7.003382
1.808851	7.003382
1.808851	7.364845
2.342802	7.364845
2.342802	7.634131
2.776027	7.634131
2.776027	7.944009
3.658681	7.944009
3.658681	8.292639
4.518465	8.292639
4.518465	8.561813
5.236809	8.561813
5.236809	8.874508
6.686361	8.874508
6.686361	9.216079
8.064288	9.216079
8.064288	9.470595
9.240382	9.470595
9.240382	9.745713
11.544071	9.745713
11.544071	10.016712
13.736176	10.016712
13.736176	10.205890
15.597515	10.205890
15.597515	10.433859
19.094237	10.433859
19.094237	10.748120
21.966805	10.748120
21.966805	11.089359
24.152925	11.089359
24.152925	11.664538
27.501309	11.664538
27.501309	12.586063
29.730363	12.586063
29.730363	13.530174
31.268704	13.530174
31.268704	14.792205
33.546837	14.792205
33.546837	16.258871
35.151274	16.258871
35.151274	17.364926
36.378855	17.364926
36.378855	18.469541
38.337816	18.469541
38.337816	19.337954
39.938748	19.337954
39.938748	19.743548
41.330485	19.743548
41.330485	20.009906
43.786610	20.009906
43.786610	20.196128
45.871271	20.196128
45.871271	20.321557
47.658011	20.321557
47.658011	20.477132
50.417504	20.477132
50.417504	20.683825
52.565965	20.683825
52.565965	20.898052
54.277165	20.898052
54.277165	21.200097
56.641196	21.200097
56.641196	21.589603
58.430340	21.589603
58.430340	21.929764
59.867947	21.929764
59.867947	22.264759
61.883642	22.264759
61.883642	22.531881
63.578543	22.531881
63.578543	22.674105
65.087743	22.674105
65.087743	22.768109
67.273978	22.768109
67.273978	22.832099
69.211685	22.832099
69.211685	22.873284
70.954900	22.873284
& cycle # 3, chisq = 89505.458477, e = 35.320715
0.000000	6.249808
0.465418	6.249808
0.465418	7.197725
0.933664	7.197725
0.933664	7.483635
1.252768	7.483635
1.252768	7.730469
1.808851	7.730469
1.808851	7.986807
2.342802	7.986807
2.342802	8.181834
2.776027	8.181834
2.776027	8.411367
3.658681	8.411367
3.658681	8.675602
4.518465	8.675602
4.518465	8.884304
5.236809	8.884304
5.236809	9.132282
6.686361	9.132282
6.686361	9.409102
8.064288	9.409102
8.064288	9.619740
9.240382	9.619740
9.240382	9.852448
11.544071	9.852448
11.544071	10.087832
13.736176	10.087832
13.736176	10.257846
15.597515	10.257846
15.597515	10.469895
19.094237	10.469895
19.094237	10.768474
21.966805	10.768474
21.966805	11.096145
24.152925	11.096145
24.152925	11.652168
27.501309	11.652168
27.501309	12.548073
29.730363	12.548073
29.730363	13.471424
31.268704	13.471424
31.268704	14.714987
33.546837	14.714987
33.546837	16.171928
35.151274	16.171928
35.151274	17.278056
36.378855	17.278056
36.378855	18.387335
38.337816	18.387335
38.337816	19.262678
39.938748	19.262678
39.938748	19.673925
41.330485	19.673925
41.330485	19.946754
43.786610	19.946754
43.786610	20.140288
45.871271	20.140288
45.871271	20.272443
47.658011	20.272443
47.658011	20.437604
50.417504	20.437604
50.417504	20.657798
52.565965	20.657798
52.565965	20.886374
54.277165	20.886374
54.277165	21.208850
56.641196	21.208850
56.641196	21.624763
58.430340	21.624763
58.430340	21.987920
59.867947	21.987920
59.867947	22.345353
61.883642	22.345353
61.883642	22.629980
63.578543	22.629980
63.578543	22.781054
65.087743	22.781054
65.087743	22.880239
67.273978	22.880239
67.273978	22.946937
69.211685	22.946937
69.211685	22.989153
70.954900	22.989153
& cycle # 4, chisq = 89569.486041, e = 35.320715
0.000000	6.826674
0.465418	6.826674
0.465418	7.761459
0.933664	7.761459
0.933664	8.006129
1.252768	8.006129
1.252768	8.215456
1.808851	8.215456
1.808851	8.432072
2.342802	8.432072
2.342802	8.596490
2.776027	8.596490
2.776027	8.789624
3.658681	8.789624
3.658681	9.011581
4.518465	9.011581
4.518465	9.186646
5.236809	9.186646
5.236809	9.394472
6.686361	9.394472
6.686361	9.626476
8.064288	9.626476
8.064288	9.803258
9.240382	9.803258
9.240382	9.999339
11.544071	9.999339
11.544071	10.199288
13.736176	10.199288
13.736176	10.345674
15.597515	10.345674
15.597515	10.531498
19.094237	10.531498
19.094237	10.797323
21.966805	10.797323
21.966805	11.092956
24.152925	11.092956
24.152925	11.601875
27.501309	11.601875
27.501309	12.435830
29.730363	12.435830
29.730363	13.313220
31.268704	13.313220
31.268704	14.527647
33.546837	14.527647
33.546837	15.993218
35.151274	15.993218
35.151274	17.133306
36.378855	17.133306
36.378855	18.293308
38.337816	18.293308
38.337816	19.218914
39.938748	19.218914
39.938748	19.659498
41.330485	19.659498
41.330485	19.955592
43.786610	19.955592
43.786610	20.166719
45.871271	20.166719
45.871271	20.309880
47.658011	20.309880
47.658011	20.486554
50.417504	20.486554
50.417504	20.719475
52.565965	20.719475
52.565965	20.959157
54.277165	20.959157
54.277165	21.294835
56.641196	21.294835
56.641196	21.724723
58.430340	21.724723
58.430340	22.097042
59.867947	22.097042
59.867947	22.459372
61.883642	22.459372
61.883642	22.742710
63.578543	22.742710
63.578543	22.888128
65.087743	22.888128
65.087743	22.977826
67.273978	22.977826
67.273978	23.031973
69.211685	23.031973
69.211685	23.061352
70.954900	23.061352
& cycle # 5, chisq = 90254.392977, e = 35.320715
0.000000	5.262355
0.530907	5.262355
0.530907	6.439284
1.030918	6.439284
1.030918	6.763869
1.375522	6.763869
1.375522	7.053804
1.958595	7.053804
1.958595	7.362745
2.517445	7.362745
2.517445	7.605407
2.973195	7.605407
2.973195	7.892905
3.870774	7.892905
3.870774	8.227640
4.745042	8.227640
4.745042	8.497731
5.479359	8.497731
5.479359	8.817932
6.914273	8.817932
6.914273	9.176478
8.280428	9.176478
8.280428	9.452899
9.452577	9.452899
9.452577	9.754993
11.679766	9.754993
11.679766	10.056132
13.806748	10.056132
13.806748	10.266818
15.629805	10.266818
15.629805	10.504650
18.991784	10.504650
18.991784	10.806633
21.829028	10.806633
21.829028	11.120939
24.048375	11.120939
24.048375	11.641357
27.442570	11.641357
27.442570	12.493588
29.761576	12.493588
29.761576	13.440255
31.363350	13.440255
31.363350	14.825794
33.620379	14.825794
33.620379	16.529814
35.185926	16.529814
35.185926	17.749846
36.391982	17.749846
36.391982	18.779319
38.310704	18.779319
38.310704	19.472882
39.927585	19.472882
39.927585	19.780985
41.352222	19.780985
41.352222	19.996588
43.805399	19.996588
43.805399	20.166826
45.895967	20.166826
45.895967	20.292746
47.692055	20.292746
47.692055	20.451141
50.404230	20.451141
50.404230	20.659852
52.538444	20.659852
52.538444	20.874585
54.254946	20.874585
54.254946	21.169582
56.599612	21.169582
56.599612	21.542162
58.404765	21.542162
58.404765	21.867812
59.870750	21.867812
59.870750	22.189649
61.893493	22.189649
61.893493	22.451971
63.602139	22.451971
63.602139	22.597345
65.125171	22.597345
65.125171	22.694950
67.288874	22.694950
67.288874	22.761284
69.215215	22.761284
69.215215	22.803455
70.957462	22.803455
& cycle # 1, chisq = 85077.251250, e = 33.732054
0.000000	4.644764
0.530907	4.644764
0.530907	5.843848
1.030918	5.843848
1.030918	6.250531
1.375522	6.250531
1.375522	6.615027
1.958595	6.615027
1.958595	6.998963
2.517445	6.998963
2.517445	7.295879
2.973195	7.295879
2.973195	7.641380
3.870774	7.641380
3.870774	8.036150
4.745042	8.036150
4.745042	8.348798
5.479359	8.348798
5.479359	8.712757
6.914273	8.712757
6.914273	9.113438
8.280428	9.113438
8.280428	9.417563
9.452577	9.417563
9.452577	9.745065
11.679766	9.745065
11.679766	10.066265
13.806748	10.066265
13.806748	10.286454
15.629805	10.286454
15.629805	10.529541
18.991784	10.529541
18.991784	10.833314
21.829028	10.833314
21.829028	11.146953
24.048375	11.146953
24.048375	11.664599
27.442570	11.664599
27.442570	12.511168
29.761576	12.511168
29.761576	13.450815
31.363350	13.450815
31.363350	14.825091
33.620379	14.825091
33.620379	16.514062
35.185926	16.514062
35.185926	17.722546
36.391982	17.722546
36.391982	18.741850
38.310704	18.741850
38.310704	19.428530
39.927585	19.428530
39.927585	19.733854
41.352222	19.733854
41.352222	19.948246
43.805399	19.948246
43.805399	20.118681
45.895967	20.118681
45.895967	20.245805
47.692055	20.245805
47.692055	20.406838
50.404230	20.406838
50.404230	20.620143
52.538444	20.620143
52.538444	20.840505
54.254946	20.840505
54.254946	21.144359
56.599612	21.144359
56.599612	21.529623
58.404765	21.529623
58.404765	21.867980
59.870750	21.867980
59.870750	22.204734
61.893493	22.204734
61.893493	22.482421
63.602139	22.482421
63.602139	22.639645
65.125171	22.639645
65.125171	22.749340
67.288874	22.749340
67.288874	22.828472
69.215215	22.828472
69.215215	22.882414
70.957462	22.882414
& cycle # 2, chisq = 84999.783823, e = 33.732054
0.000000	4.247401
0.530907	4.247401
0.530907	5.348276
1.030918	5.348276
1.030918	5.744065
1.375522	5.744065
1.375522	6.110195
1.958595	6.110195
1.958595	6.506724
2.517445	6.506724
2.517445	6.821437
2.973195	6.821437
2.973195	7.196883
3.870774	7.196883
3.870774	7.635860
4.745042	7.635860
4.745042	7.990723
5.479359	7.990723
5.479359	8.411047
6.914273	8.411047
6.914273	8.879859
8.280428	8.879859
8.280428	9.238596
9.452577	9.238596
9.452577	9.625380
11.679766	9.625380
11.679766	10.001984
13.806748	10.001984
13.806748	10.255512
15.629805	10.255512
15.629805	10.526934
18.991784	10.526934
18.991784	10.855338
21.829028	10.855338
21.829028	11.186375
24.048375	11.186375
24.048375	11.723852
27.442570	11.723852
27.442570	12.591415
29.761576	12.591415
29.761576	13.542144
31.363350	13.542144
31.363350	14.912727
33.620379	14.912727
33.620379	16.573227
35.185926	16.573227
35.185926	17.747068
36.391982	17.747068
36.391982	18.730328
38.310704	18.730328
38.310704	19.391104
39.927585	19.391104
39.927585	19.685628
41.352222	19.685628
41.352222	19.894758
43.805399	19.894758
43.805399	20.064322
45.895967	20.064322
45.895967	20.193429
47.692055	20.193429
47.692055	20.359266
50.404230	20.359266
50.404230	20.580789
52.538444	20.580789
52.538444	20.810878
54.254946	20.810878
54.254946	21.129403
56.599612	21.129403
56.599612	21.534708
58.404765	21.534708
58.404765	21.892063
59.870750	21.892063
59.870750	22.249610
61.893493	22.249610
61.893493	22.546874
63.602139	22.546874
63.602139	22.717602
65.125171	22.717602
65.125171	22.839572
67.288874	22.839572
67.288874	22.930533
69.215215	22.930533
69.215215	22.994714
70.957462	22.994714
& cycle # 3, chisq = 84544.086087, e = 33.732054
0.000000	3.424311
0.530907	3.424311
0.530907	4.449665
1.030918	4.449665
1.030918	4.912685
1.375522	4.912685
1.375522	5.349800
1.958595	5.349800
1.958595	5.827932
2.517445	5.827932
2.517445	6.209890
2.973195	6.209890
2.973195	6.667323
3.870774	6.667323
3.870774	7.202848
4.745042	7.202848
4.745042	7.635219
5.479359	7.635219
5.479359	8.145134
6.914273	8.145134
6.914273	8.709676
8.280428	8.709676
8.280428	9.137105
9.452577	9.137105
9.452577	9.590712
11.679766	9.590712
11.679766	10.021570
13.806748	10.021570
13.806748	10.300491
15.629805	10.300491
15.629805	10.583793
18.991784	10.583793
18.991784	10.911403
21.829028	10.911403
21.829028	11.233539
24.048375	11.233539
24.048375	11.752873
27.442570	11.752873
27.442570	12.592824
29.761576	12.592824
29.761576	13.518841
31.363350	13.518841
31.363350	14.866216
33.620379	14.866216
33.620379	16.517372
35.185926	16.517372
35.185926	17.699871
36.391982	17.699871
36.391982	18.703870
38.310704	18.703870
38.310704	19.388870
39.927585	19.388870
39.927585	19.699605
41.352222	19.699605
41.352222	19.922623
43.805399	19.922623
43.805399	20.102728
45.895967	20.102728
45.895967	20.237735
47.692055	20.237735
47.692055	20.408121
50.404230	20.408121
50.404230	20.632443
52.538444	20.632443
52.538444	20.862806
54.254946	20.862806
54.254946	21.178631
56.599612	21.178631
56.599612	21.576676
58.404765	21.576676
58.404765	21.923767
59.870750	21.923767
59.870750	22.265776
61.893493	22.265776
61.893493	22.543359
63.602139	22.543359
63.602139	22.696145
65.125171	22.696145
65.125171	22.797633
67.288874	22.797633
67.288874	22.865582
69.215215	22.865582
69.215215	22.908095
70.957462	22.908095
& cycle # 4, chisq = 84484.407299, e = 33.732054
0.000000	6.379835
0.530907	6.379835
0.530907	7.670852
1.030918	7.670852
1.030918	7.927255
1.375522	7.927255
1.375522	8.144096
1.958595	8.144096
1.958595	8.369276
2.517445	8.369276
2.517445	8.543065
2.973195	8.543065
2.973195	8.746236
3.870774	8.746236
3.870774	8.980340
4.745042	8.980340
4.745042	9.167759
5.479359	9.167759
5.479359	9.388874
6.914273	9.388874
6.914273	9.636168
8.280428	9.636168
8.280428	9.827441
9.452577	9.827441
9.452577	10.038714
11.679766	10.038714
11.679766	10.253971
13.806748	10.253971
13.806748	10.410294
15.629805	10.410294
15.629805	10.596197
18.991784	10.596197
18.991784	10.844147
21.829028	10.844147
21.829028	11.111897
24.048375	11.111897
24.048375	11.568631
27.442570	11.568631
27.442570	12.338029
29.761576	12.338029
29.761576	13.218556
31.363350	13.218556
31.363350	14.553006
33.620379	14.553006
33.620379	16.254313
35.185926	16.254313
35.185926	17.514277
36.391982	17.514277
36.391982	18.607467
38.310704	18.607467
38.310704	19.363700
39.927585	19.363700
39.927585	19.709893
41.352222	19.709893
41.352222	19.957962
43.805399	19.957962
43.805399	20.155444
45.895967	20.155444
45.895967	20.300584
47.692055	20.300584
47.692055	20.480922
50.404230	20.480922
50.404230	20.715891
52.538444	20.715891
52.538444	20.955517
54.254946	20.955517
54.254946	21.282365
56.599612	21.282365
56.599612	21.692469
58.404765	21.692469
58.404765	22.048381
59.870750	22.048381
59.870750	22.396915
61.893493	22.396915
61.893493	22.677112
63.602139	22.677112
63.602139	22.828745
65.125171	22.828745
65.125171	22.926454
67.288874	22.926454
67.288874	22.988697
69.215215	22.988697
69.215215	23.025217
70.957462	23.025217
& cycle # 5, chisq = 86735.543563, e = 33.732054
0.000000	4.551026
0.444881	4.551026
0.444881	5.465935
0.913240	5.465935
0.913240	5.891783
1.229961	5.891783
1.229961	6.268629
1.793311	6.268629
1.793311	6.664020
2.334926	6.664020
2.334926	6.962897
2.772819	6.962897
2.772819	7.315656
3.685243	7.315656
3.685243	7.726221
4.568968	7.726221
4.568968	8.059970
5.296957	8.059970
5.296957	8.479019
6.770663	8.479019
6.770663	8.962000
8.138604	8.962000
8.138604	9.320543
9.286770	9.320543
9.286770	9.692131
11.567256	9.692131
11.567256	10.032507
13.731288	10.032507
13.731288	10.248362
15.564593	10.248362
15.564593	10.491674
19.083393	10.491674
19.083393	10.816583
21.956896	10.816583
21.956896	11.162559
24.127323	11.162559
24.127323	11.743115
27.495080	11.743115
27.495080	12.655333
29.716978	12.655333
29.716978	13.544895
31.250927	13.544895
31.250927	14.696065
33.577790	14.696065
33.577790	16.069015
35.198096	16.069015
35.198096	17.184279
36.415653	17.184279
36.415653	18.362440
38.363324	18.362440
38.363324	19.286894
39.938475	19.286894
39.938475	19.703516
41.305541	19.703516
41.305541	19.977872
43.768805	19.977872
43.768805	20.171612
45.855897	20.171612
45.855897	20.300434
47.642167	20.300434
47.642167	20.460132
50.444553	20.460132
50.444553	20.673811
52.609958	20.673811
52.609958	20.896607
54.322410	20.896607
54.322410	21.216945
56.704532	21.216945
56.704532	21.637263
58.483396	21.637263
58.483396	22.005733
59.900603	22.005733
59.900603	22.370607
61.908205	22.370607
61.908205	22.662036
63.591317	22.662036
63.591317	22.818364
65.092055	22.818364
65.092055	22.925857
67.309456	22.925857
67.309456	23.000216
69.294769	23.000216
69.294769	23.043863
71.107593	23.043863
& cycle # 1, chisq = 88191.396039, e = 36.423734
0.000000	4.629605
0.444881	4.629605
0.444881	5.628862
0.913240	5.628862
0.913240	6.079458
1.229961	6.079458
1.229961	6.463521
1.793311	6.463521
1.793311	6.855695
2.334926	6.855695
2.334926	7.145961
2.772819	7.145961
2.772819	7.482937
3.685243	7.482937
3.685243	7.870367
4.568968	7.870367
4.568968	8.182906
5.296957	8.182906
5.296957	8.574070
6.770663	8.574070
6.770663	9.024961
8.138604	9.024961
8.138604	9.360581
9.286770	9.360581
9.286770	9.710488
11.567256	9.710488
11.567256	10.034404
13.731288	10.034404
13.731288	10.243297
15.564593	10.243297
15.564593	10.483317
19.083393	10.483317
19.083393	10.807593
21.956896	10.807593
21.956896	11.154537
24.127323	11.154537
24.127323	11.737498
27.495080	11.737498
27.495080	12.653125
29.716978	12.653125
29.716978	13.544728
31.250927	13.544728
31.250927	14.695909
33.577790	14.695909
33.577790	16.065878
35.198096	16.065878
35.198096	17.177479
36.415653	17.177479
36.415653	18.351773
38.363324	18.351773
38.363324	19.273785
39.938475	19.273785
39.938475	19.690012
41.305541	19.690012
41.305541	19.965139
43.768805	19.965139
43.768805	20.160644
45.855897	20.160644
45.855897	20.291537
47.642167	20.291537
47.642167	20.454519
50.444553	20.454519
50.444553	20.673081
52.609958	20.673081
52.609958	20.901225
54.322410	20.901225
54.322410	21.229450
56.704532	21.229450
56.704532	21.660286
58.483396	21.660286
58.483396	22.038097
59.900603	22.038097
59.900603	22.412354
61.908205	22.412354
61.908205	22.711414
63.591317	22.711414
63.591317	22.871930
65.092055	22.871930
65.092055	22.982362
67.309456	22.982362
67.309456	23.058768
69.294769	23.058768
69.294769	23.103595
71.107593	23.103595
& cycle # 2, chisq = 88471.016573, e = 36.423734
0.000000	3.968835
0.444881	3.968835
0.444881	5.051301
0.913240	5.051301
0.913240	5.594657
1.229961	5.594657
1.229961	6.062896
1.793311	6.062896
1.793311	6.539603
2.334926	6.539603
2.334926	6.888433
2.772819	6.888433
2.772819	7.285503
3.685243	7.285503
3.685243	7.730714
4.568968	7.730714
4.568968	8.080547
5.296957	8.080547
5.296957	8.507535
6.770663	8.507535
6.770663	8.988783
8.138604	8.988783
8.138604	9.339737
9.286770	9.339737
9.286770	9.699055
11.567256	9.699055
11.567256	10.026644
13.731288	10.026644
13.731288	10.235187
15.564593	10.235187
15.564593	10.473151
19.083393	10.473151
19.083393	10.794989
21.956896	10.794989
21.956896	11.140663
24.127323	11.140663
24.127323	11.723611
27.495080	11.723611
27.495080	12.641953
29.716978	12.641953
29.716978	13.538817
31.250927	13.538817
31.250927	14.700326
33.577790	14.700326
33.577790	16.084849
35.198096	16.084849
35.198096	17.207042
36.415653	17.207042
36.415653	18.388113
38.363324	18.388113
38.363324	19.309752
39.938475	19.309752
39.938475	19.721464
41.305541	19.721464
41.305541	19.989585
43.768805	19.989585
43.768805	20.177056
45.855897	20.177056
45.855897	20.301098
47.642167	20.301098
47.642167	20.454966
50.444553	20.454966
50.444553	20.661373
52.609958	20.661373
52.609958	20.877173
54.322410	20.877173
54.322410	21.188293
56.704532	21.188293
56.704532	21.597712
58.483396	21.597712
58.483396	21.957915
59.900603	21.957915
59.900603	22.316423
61.908205	22.316423
61.908205	22.604998
63.591317	22.604998
63.591317	22.761711
65.092055	22.761711
65.092055	22.871271
67.309456	22.871271
67.309456	22.948532
69.294769	22.948532
69.294769	22.994861
71.107593	22.994861
& cycle # 3, chisq = 88791.121345, e = 36.423734
0.000000	6.637866
0.444881	6.637866
0.444881	7.445355
0.913240	7.445355
0.913240	7.707689
1.229961	7.707689
1.229961	7.930205
1.793311	7.930205
1.793311	8.158769
2.334926	8.158769
2.334926	8.329529
2.772819	8.329529
2.772819	8.530269
3.685243	8.530269
3.685243	8.764524
4.568968	8.764524
4.568968	8.956511
5.296957	8.956511
5.296957	9.200968
6.770663	9.200968
6.770663	9.488291
8.138604	9.488291
8.138604	9.707393
9.286770	9.707393
9.286770	9.943970
11.567256	9.943970
11.567256	10.175122
13.731288	10.175122
13.731288	10.336617
15.564593	10.336617
15.564593	10.539418
19.083393	10.539418
19.083393	10.829701
21.956896	10.829701
21.956896	11.149791
24.127323	11.149791
24.127323	11.697547
27.495080	11.697547
27.495080	12.569848
29.716978	12.569848
29.716978	13.431224
31.250927	13.431224
31.250927	14.562541
33.577790	14.562541
33.577790	15.929336
35.198096	15.929336
35.198096	17.046298
36.415653	17.046298
36.415653	18.226319
38.363324	18.226319
38.363324	19.151090
39.938475	19.151090
39.938475	19.568023
41.305541	19.568023
41.305541	19.845030
43.768805	19.845030
43.768805	20.045436
45.855897	20.045436
45.855897	20.183303
47.642167	20.183303
47.642167	20.358961
50.444553	20.358961
50.444553	20.598181
52.609958	20.598181
52.609958	20.850471
54.322410	20.850471
54.322410	21.216278
56.704532	21.216278
56.704532	21.699909
58.483396	21.699909
58.483396	22.127461
59.900603	22.127461
59.900603	22.555637
61.908205	22.555637
61.908205	22.903325
63.591317	22.903325
63.591317	23.094574
65.092055	23.094574
65.092055	23.230315
67.309456	23.230315
67.309456	23.327400
69.294769	23.327400
69.294769	23.386288
71.107593	23.386288
& cycle # 4, chisq = 89224.198656, e = 36.423734
0.000000	7.146217
0.444881	7.146217
0.444881	7.940625
0.913240	7.940625
0.913240	8.173827
1.229961	8.173827
1.229961	8.369851
1.793311	8.369851
1.793311	8.569927
2.334926	8.569927
2.334926	8.718533
2.772819	8.718533
2.772819	8.892195
3.685243	8.892195
3.685243	9.093683
4.568968	9.093683
4.568968	9.257988
5.296957	9.257988
5.296957	9.466372
6.770663	9.466372
6.770663	9.710627
8.138604	9.710627
8.138604	9.896610
9.286770	9.896610
9.286770	10.097577
11.567256	10.097577
11.567256	10.294816
13.731288	10.294816
13.731288	10.433933
15.564593	10.433933
15.564593	10.611088
19.083393	10.611088
19.083393	10.868137
21.956896	10.868137
21.956896	11.155139
24.127323	11.155139
24.127323	11.653581
27.495080	11.653581
27.495080	12.462314
29.716978	12.462314
29.716978	13.280709
31.250927	13.280709
31.250927	14.391968
33.577790	14.391968
33.577790	15.778782
35.198096	15.778782
35.198096	16.936230
36.415653	16.936230
36.415653	18.172696
38.363324	18.172696
38.363324	19.151554
39.938475	19.151554
39.938475	19.598252
41.305541	19.598252
41.305541	19.897037
43.768805	19.897037
43.768805	20.111211
45.855897	20.111211
45.855897	20.255075
47.642167	20.255075
47.642167	20.434018
50.444553	20.434018
50.444553	20.673437
52.609958	20.673437
52.609958	20.922767
54.322410	20.922767
54.322410	21.280605
56.704532	21.280605
56.704532	21.749044
58.483396	21.749044
58.483396	22.158431
59.900603	22.158431
59.900603	22.561955
61.908205	22.561955
61.908205	22.881901
63.591317	22.881901
63.591317	23.051445
65.092055	23.051445
65.092055	23.165976
67.309456	23.165976
67.309456	23.243426
69.294769	23.243426
69.294769	23.287616
71.107593	23.287616
& cycle # 5, chisq = 89919.538077, e = 36.423734
0.000000	5.238603
0.446162	5.238603
0.446162	6.256076
0.905041	6.256076
0.905041	6.673069
1.216588	6.673069
1.216588	7.027092
1.764915	7.027092
1.764915	7.387032
2.291743	7.387032
2.291743	7.653926
2.718464	7.653926
2.718464	7.962024
3.597818	7.962024
3.597818	8.308899
4.454390	8.308899
4.454390	8.575805
5.168791	8.575805
5.168791	8.886916
6.626016	8.886916
6.626016	9.226696
8.010482	9.226696
8.010482	9.478437
9.190081	9.478437
9.190081	9.750581
11.523700	9.750581
11.523700	10.019923
13.738588	10.019923
13.738588	10.211669
15.609000	10.211669
15.609000	10.451600
19.131751	10.451600
19.131751	10.787316
21.991858	10.787316
21.991858	11.145966
24.150500	11.145966
24.150500	11.731844
27.478306	11.731844
27.478306	12.627297
29.699922	12.627297
29.699922	13.497246
31.245036	13.497246
31.245036	14.646623
33.566856	14.646623
33.566856	16.044698
35.184269	16.044698
35.184269	17.167367
36.403718	17.167367
36.403718	18.310998
38.347541	18.310998
38.347541	19.185437
39.930889	19.185437
39.930889	19.577887
41.308821	19.577887
41.308821	19.839680
43.767866	19.839680
43.767866	20.032109
45.854079	20.032109
45.854079	20.167013
47.641134	20.167013
47.641134	20.339185
50.422436	20.339185
50.422436	20.572754
52.580014	20.572754
52.580014	20.818376
54.292392	20.818376
54.292392	21.171270
56.665285	21.171270
56.665285	21.634583
58.448502	21.634583
58.448502	22.044659
59.874472	22.044659
59.874472	22.456256
61.882355	22.456256
61.882355	22.793134
63.567695	22.793134
63.567695	22.980736
65.070157	22.980736
65.070157	23.114754
67.272211	23.114754
67.272211	23.212284
69.242775	23.212284
69.242775	23.273675
71.040888	23.273675
& cycle # 1, chisq = 88903.675085, e = 35.855059
0.000000	4.489067
0.446162	4.489067
0.446162	5.469332
0.905041	5.469332
0.905041	5.912517
1.216588	5.912517
1.216588	6.305258
1.764915	6.305258
1.764915	6.717839
2.291743	6.717839
2.291743	7.032339
2.718464	7.032339
2.718464	7.404120
3.597818	7.404120
3.597818	7.830967
4.454390	7.830967
4.454390	8.164415
5.168791	8.164415
5.168791	8.556866
6.626016	8.556866
6.626016	8.986937
8.010482	8.986937
8.010482	9.304436
9.190081	9.304436
9.190081	9.642861
11.523700	9.642861
11.523700	9.968327
13.738588	9.968327
13.738588	10.189708
15.609000	10.189708
15.609000	10.452800
19.131751	10.452800
19.131751	10.807906
21.991858	10.807906
21.991858	11.179465
24.150500	11.179465
24.150500	11.778917
27.478306	11.778917
27.478306	12.688327
29.699922	12.688327
29.699922	13.567867
31.245036	13.567867
31.245036	14.727534
33.566856	14.727534
33.566856	16.138996
35.184269	16.138996
35.184269	17.275559
36.403718	17.275559
36.403718	18.438015
38.347541	18.438015
38.347541	19.330887
39.930889	19.330887
39.930889	19.732975
41.308821	19.732975
41.308821	19.999413
43.767866	19.999413
43.767866	20.190204
45.854079	20.190204
45.854079	20.318799
47.641134	20.318799
47.641134	20.477562
50.422436	20.477562
50.422436	20.688168
52.580014	20.688168
52.580014	20.906328
54.292392	20.906328
54.292392	21.216193
56.665285	21.216193
56.665285	21.618758
58.448502	21.618758
58.448502	21.970903
59.874472	21.970903
59.874472	22.318819
61.882355	22.318819
61.882355	22.596982
63.567695	22.596982
63.567695	22.746298
65.070157	22.746298
65.070157	22.847839
67.272211	22.847839
67.272211	22.917859
69.242775	22.917859
69.242775	22.959786
71.040888	22.959786
& cycle # 2, chisq = 88240.411794, e = 35.855059
0.000000	4.171600
0.446162	4.171600
0.446162	5.292991
0.905041	5.292991
0.905041	5.834017
1.216588	5.834017
1.216588	6.297756
1.764915	6.297756
1.764915	6.768448
2.291743	6.768448
2.291743	7.114972
2.718464	7.114972
2.718464	7.510249
3.597818	7.510249
3.597818	7.948518
4.454390	7.948518
4.454390	8.279901
5.168791	8.279901
5.168791	8.658768
6.626016	8.658768
6.626016	9.064398
8.010482	9.064398
8.010482	9.358956
9.190081	9.358956
9.190081	9.670637
11.523700	9.670637
11.523700	9.971126
13.738588	9.971126
13.738588	10.178165
15.609000	10.178165
15.609000	10.429507
19.131751	10.429507
19.131751	10.775391
21.991858	10.775391
21.991858	11.142301
24.150500	11.142301
24.150500	11.739925
27.478306	11.739925
27.478306	12.652411
29.699922	12.652411
29.699922	13.538852
31.245036	13.538852
31.245036	14.710461
33.566856	14.710461
33.566856	16.135822
35.184269	16.135822
35.184269	17.279752
36.403718	17.279752
36.403718	18.442970
38.347541	18.442970
38.347541	19.328943
39.930889	19.328943
39.930889	19.722934
41.308821	19.722934
41.308821	19.980556
43.767866	19.980556
43.767866	20.163796
45.854079	20.163796
45.854079	20.287762
47.641134	20.287762
47.641134	20.442325
50.422436	20.442325
50.422436	20.649354
52.580014	20.649354
52.580014	20.865525
54.292392	20.865525
54.292392	21.174731
56.665285	21.174731
56.665285	21.579297
58.448502	21.579297
58.448502	21.936178
59.874472	21.936178
59.874472	22.292921
61.882355	22.292921
61.882355	22.583270
63.567695	22.583270
63.567695	22.743662
65.070157	22.743662
65.070157	22.857172
67.272211	22.857172
67.272211	22.939117
69.242775	22.939117
69.242775	22.990462
71.040888	22.990462
& cycle # 3, chisq = 88759.434204, e = 35.855059
0.000000	4.963021
0.446162	4.963021
0.446162	5.820518
0.905041	5.820518
0.905041	6.181644
1.216588	6.181644
1.216588	6.511670
1.764915	6.511670
1.764915	6.868147
2.291743	6.868147
2.291743	7.146796
2.718464	7.146796
2.718464	7.484007
3.597818	7.484007
3.597818	7.879529
4.454390	7.879529
4.454390	8.194467
5.168791	8.194467
5.168791	8.571413
6.626016	8.571413
6.626016	8.990277
8.010482	8.990277
8.010482	9.302923
9.190081	9.302923
9.190081	9.638820
11.523700	9.638820
11.523700	9.963724
13.738588	9.963724
13.738588	10.185662
15.609000	10.185662
15.609000	10.449784
19.131751	10.449784
19.131751	10.805836
21.991858	10.805836
21.991858	11.177678
24.150500	11.177678
24.150500	11.776674
27.478306	11.776674
27.478306	12.684579
29.699922	12.684579
29.699922	13.562345
31.245036	13.562345
31.245036	14.720012
33.566856	14.720012
33.566856	16.130410
35.184269	16.130410
35.184269	17.267740
36.403718	17.267740
36.403718	18.433003
38.347541	18.433003
38.347541	19.329962
39.930889	19.329962
39.930889	19.734958
41.308821	19.734958
41.308821	20.003636
43.767866	20.003636
43.767866	20.195450
45.854079	20.195450
45.854079	20.323833
47.641134	20.323833
47.641134	20.481209
50.422436	20.481209
50.422436	20.688874
52.580014	20.688874
52.580014	20.903195
54.292392	20.903195
54.292392	21.206765
56.665285	21.206765
56.665285	21.600171
58.448502	21.600171
58.448502	21.943371
59.874472	21.943371
59.874472	22.281233
61.882355	22.281233
61.882355	22.549923
63.567695	22.549923
63.567695	22.692945
65.070157	22.692945
65.070157	22.789102
67.272211	22.789102
67.272211	22.854591
69.242775	22.854591
69.242775	22.893376
71.040888	22.893376
& cycle # 4, chisq = 87827.915518, e = 35.855059
0.000000	6.511714
0.446162	6.511714
0.446162	7.352049
0.905041	7.352049
0.905041	7.607328
1.216588	7.607328
1.216588	7.829253
1.764915	7.829253
1.764915	8.061683
2.291743	8.061683
2.291743	8.239313
2.718464	8.239313
2.718464	8.450780
3.597818	8.450780
3.597818	8.696214
4.454390	8.696214
4.454390	8.890701
5.168791	8.890701
5.168791	9.124014
6.626016	9.124014
6.626016	9.385960
8.010482	9.385960
8.010482	9.585373
9.190081	9.585373
9.190081	9.807420
11.523700	9.807420
11.523700	10.035521
13.738588	10.035521
13.738588	10.205656
15.609000	10.205656
15.609000	10.428224
19.131751	10.428224
19.131751	10.748533
21.991858	10.748533
21.991858	11.096575
24.150500	11.096575
24.150500	11.672918
27.478306	11.672918
27.478306	12.565570
29.699922	12.565570
29.699922	13.445567
31.245036	13.445567
31.245036	14.628152
33.566856	14.628152
33.566856	16.088086
35.184269	16.088086
35.184269	17.270383
36.403718	17.270383
36.403718	18.477077
38.347541	18.477077
38.347541	19.397801
39.930889	19.397801
39.930889	19.807258
41.308821	19.807258
41.308821	20.073303
43.767866	20.073303
43.767866	20.259193
45.854079	20.259193
45.854079	20.381763
47.641134	20.381763
47.641134	20.531346
50.422436	20.531346
50.422436	20.728811
52.580014	20.728811
52.580014	20.932945
54.292392	20.932945
54.292392	21.222622
56.665285	21.222622
56.665285	21.598751
58.448502	21.598751
58.448502	21.927614
59.874472	21.927614
59.874472	22.252327
61.882355	22.252327
61.882355	22.511680
63.567695	22.511680
63.567695	22.650646
65.070157	22.650646
65.070157	22.744863
67.272211	22.744863
67.272211	22.809549
69.242775	22.809549
69.242775	22.848062
71.040888	22.848062
& cycle # 5, chisq = 88335.987461, e = 35.855059
0.000000	4.916703
0.451536	4.916703
0.451536	5.890560
0.912992	5.890560
0.912992	6.303167
1.226629	6.303167
1.226629	6.664834
1.777054	6.664834
1.777054	7.041633
2.305801	7.041633
2.305801	7.327116
2.734287	7.327116
2.734287	7.662141
3.614376	7.662141
3.614376	8.044748
4.471664	8.044748
4.471664	8.342856
5.187025	8.342856
5.187025	8.692864
6.641665	8.692864
6.641665	9.076932
8.023896	9.076932
8.023896	9.362203
9.202212	9.362203
9.202212	9.668653
11.527124	9.668653
11.527124	9.966308
13.736733	9.966308
13.736733	10.172848
15.606020	10.172848
15.606020	10.426845
19.120747	10.426845
19.120747	10.778680
21.979406	10.778680
21.979406	11.151892
24.140392	11.151892
24.140392	11.757589
27.467736	11.757589
27.467736	12.673752
29.695981	12.673752
29.695981	13.551225
31.250097	13.551225
31.250097	14.705844
33.580022	14.705844
33.580022	16.144727
35.195778	16.144727
35.195778	17.326343
36.408978	17.326343
36.408978	18.503376
38.340158	18.503376
38.340158	19.360734
39.922689	19.360734
39.922689	19.730972
41.304667	19.730972
41.304667	19.977512
43.766956	19.977512
43.766956	20.159883
45.856301	20.159883
45.856301	20.286673
47.645601	20.286673
47.645601	20.445925
50.422525	20.445925
50.422525	20.659307
52.577497	20.659307
52.577497	20.881689
54.288715	20.881689
54.288715	21.198012
56.657125	21.198012
56.657125	21.608960
58.440698	21.608960
58.440698	21.968687
59.869531	21.968687
59.869531	22.324158
61.880338	22.324158
61.880338	22.608851
63.569835	22.608851
63.569835	22.762494
65.075132	22.762494
65.075132	22.868458
67.270634	22.868458
67.270634	22.945287
69.223584	22.945287
69.223584	22.996958
70.991024	22.996958
& cycle # 1, chisq = 88132.307784, e = 35.700409
0.000000	4.087732
0.451536	4.087732
0.451536	5.166365
0.912992	5.166365
0.912992	5.677427
1.226629	5.677427
1.226629	6.121228
1.777054	6.121228
1.777054	6.579109
2.305801	6.579109
2.305801	6.923075
2.734287	6.923075
2.734287	7.323688
3.614376	7.323688
3.614376	7.778037
4.471664	7.778037
4.471664	8.129666
5.187025	8.129666
5.187025	8.539495
6.641665	8.539495
6.641665	8.985373
8.023896	8.985373
8.023896	9.313042
9.202212	9.313042
9.202212	9.659643
11.527124	9.659643
11.527124	9.988113
13.736733	9.988113
13.736733	10.207819
15.606020	10.207819
15.606020	10.467693
19.120747	10.467693
19.120747	10.818750
21.979406	10.818750
21.979406	11.186307
24.140392	11.186307
24.140392	11.779493
27.467736	11.779493
27.467736	12.675632
29.695981	12.675632
29.695981	13.534942
31.250097	13.534942
31.250097	14.669595
33.580022	14.669595
33.580022	16.091135
35.195778	16.091135
35.195778	17.266079
36.408978	17.266079
36.408978	18.446325
38.340158	18.446325
38.340158	19.317050
39.922689	19.317050
39.922689	19.701166
41.304667	19.701166
41.304667	19.964163
43.766956	19.964163
43.766956	20.164213
45.856301	20.164213
45.856301	20.306170
47.645601	20.306170
47.645601	20.485978
50.422525	20.485978
50.422525	20.727396
52.577497	20.727396
52.577497	20.978952
54.288715	20.978952
54.288715	21.336425
56.657125	21.336425
56.657125	21.800213
58.440698	21.800213
58.440698	22.205488
59.869531	22.205488
59.869531	22.604979
61.880338	22.604979
61.880338	22.923710
63.569835	22.923710
63.569835	23.094637
65.075132	23.094637
65.075132	23.211414
67.270634	23.211414
67.270634	23.295126
69.223584	23.295126
69.223584	23.350857
70.991024	23.350857
& cycle # 2, chisq = 88900.054459, e = 35.700409
0.000000	4.456133
0.451536	4.456133
0.451536	5.503075
0.912992	5.503075
0.912992	5.983909
1.226629	5.983909
1.226629	6.401701
1.777054	6.401701
1.777054	6.832008
2.305801	6.832008
2.305801	7.153991
2.734287	7.153991
2.734287	7.526768
3.614376	7.526768
3.614376	7.946599
4.471664	7.946599
4.471664	8.269236
5.187025	8.269236
5.187025	8.643012
6.641665	8.643012
6.641665	9.048190
8.023896	9.048190
8.023896	9.345916
9.202212	9.345916
9.202212	9.662734
11.527124	9.662734
11.527124	9.967439
13.736733	9.967439
13.736733	10.176505
15.606020	10.176505
15.606020	10.431314
19.120747	10.431314
19.120747	10.782947
21.979406	10.782947
21.979406	11.155559
24.140392	11.155559
24.140392	11.760263
27.467736	11.760263
27.467736	12.675259
29.695981	12.675259
29.695981	13.552088
31.250097	13.552088
31.250097	14.706429
33.580022	14.706429
33.580022	16.145006
35.195778	16.145006
35.195778	17.325680
36.408978	17.325680
36.408978	18.500349
38.340158	18.500349
38.340158	19.354274
39.922689	19.354274
39.922689	19.721777
41.304667	19.721777
41.304667	19.965443
43.766956	19.965443
43.766956	20.145023
45.856301	20.145023
45.856301	20.269666
47.645601	20.269666
47.645601	20.426330
50.422525	20.426330
50.422525	20.636578
52.577497	20.636578
52.577497	20.856078
54.288715	20.856078
54.288715	21.168892
56.657125	21.168892
56.657125	21.576176
58.440698	21.576176
58.440698	21.933710
59.869531	21.933710
59.869531	22.288536
61.880338	22.288536
61.880338	22.574747
63.569835	22.574747
63.569835	22.731208
65.075132	22.731208
65.075132	22.841393
67.270634	22.841393
67.270634	22.923509
69.223584	22.923509
69.223584	22.980270
70.991024	22.980270
& cycle # 3, chisq = 88282.179702, e = 35.700409
0.000000	6.527352
0.451536	6.527352
0.451536	7.430363
0.912992	7.430363
0.912992	7.707461
1.226629	7.707461
1.226629	7.944346
1.777054	7.944346
1.777054	8.188834
2.305801	8.188834
2.305801	8.373429
2.734287	8.373429
2.734287	8.590268
3.614376	8.590268
3.614376	8.839022
4.471664	8.839022
4.471664	9.034291
5.187025	9.034291
5.187025	9.266098
6.641665	9.266098
6.641665	9.524189
8.023896	9.524189
8.023896	9.719509
9.202212	9.719509
9.202212	9.935035
11.527124	9.935035
11.527124	10.153198
13.736733	10.153198
13.736733	10.313660
15.606020	10.313660
15.606020	10.523064
19.120747	10.523064
19.120747	10.825083
21.979406	10.825083
21.979406	11.154056
24.140392	11.154056
24.140392	11.699782
27.467736	11.699782
27.467736	12.543918
29.695981	12.543918
29.695981	13.374109
31.250097	13.374109
31.250097	14.501554
33.580022	14.501554
33.580022	15.943295
35.195778	15.943295
35.195778	17.144135
36.408978	17.144135
36.408978	18.348589
38.340158	18.348589
38.340158	19.232194
39.922689	19.232194
39.922689	19.618059
41.304667	19.618059
41.304667	19.878815
43.766956	19.878815
43.766956	20.074823
45.856301	20.074823
45.856301	20.213014
47.645601	20.213014
47.645601	20.388026
50.422525	20.388026
50.422525	20.623532
52.577497	20.623532
52.577497	20.869552
54.288715	20.869552
54.288715	21.220028
56.657125	21.220028
56.657125	21.675899
58.440698	21.675899
58.440698	22.075448
59.869531	22.075448
59.869531	22.470908
61.880338	22.470908
61.880338	22.788391
63.569835	22.788391
63.569835	22.960415
65.075132	22.960415
65.075132	23.079756
67.270634	23.079756
67.270634	23.166899
69.223584	23.166899
69.223584	23.225885
70.991024	23.225885
& cycle # 4, chisq = 88804.831713, e = 35.700409
0.000000	6.578458
0.451536	6.578458
0.451536	7.447924
0.912992	7.447924
0.912992	7.702627
1.226629	7.702627
1.226629	7.923112
1.777054	7.923112
1.777054	8.153216
2.305801	8.153216
2.305801	8.328697
2.734287	8.328697
2.734287	8.536761
3.614376	8.536761
3.614376	8.777524
4.471664	8.777524
4.471664	8.968030
5.187025	8.968030
5.187025	9.195854
6.641665	9.195854
6.641665	9.451208
8.023896	9.451208
8.023896	9.645633
9.202212	9.645633
9.202212	9.861453
11.527124	9.861453
11.527124	10.081417
13.736733	10.081417
13.736733	10.244486
15.606020	10.244486
15.606020	10.458651
19.120747	10.458651
19.120747	10.768509
21.979406	10.768509
21.979406	11.106488
24.140392	11.106488
24.140392	11.667553
27.467736	11.667553
27.467736	12.535809
29.695981	12.535809
29.695981	13.390051
31.250097	13.390051
31.250097	14.550521
33.580022	14.550521
33.580022	16.034486
35.195778	16.034486
35.195778	17.269868
36.408978	17.269868
36.408978	18.507247
38.340158	18.507247
38.340158	19.411907
39.922689	19.411907
39.922689	19.803375
41.304667	19.803375
41.304667	20.062373
43.766956	20.062373
43.766956	20.250112
45.856301	20.250112
45.856301	20.376993
47.645601	20.376993
47.645601	20.532781
50.422525	20.532781
50.422525	20.738456
52.577497	20.738456
52.577497	20.950735
54.288715	20.950735
54.288715	21.250502
56.657125	21.250502
56.657125	21.637365
58.440698	21.637365
58.440698	21.973490
59.869531	21.973490
59.869531	22.302238
61.880338	22.302238
61.880338	22.561290
63.569835	22.561290
63.569835	22.697183
65.075132	22.697183
65.075132	22.786727
67.270634	22.786727
67.270634	22.847811
69.223584	22.847811
69.223584	22.886416
70.991024	22.886416
& cycle # 5, chisq = 88239.080149, e = 35.700409
0.000000	5.038515
0.466033	5.038515
0.466033	6.008816
0.934696	6.008816
0.934696	6.392840
1.254107	6.392840
1.254107	6.733265
1.810619	6.733265
1.810619	7.091223
2.344975	7.091223
2.344975	7.365543
2.778543	7.365543
2.778543	7.689438
3.661701	7.689438
3.661701	8.062314
4.521975	8.062314
4.521975	8.356014
5.240753	8.356014
5.240753	8.702754
6.690877	8.702754
6.690877	9.085943
8.069363	9.085943
8.069363	9.373349
9.245981	9.373349
9.245981	9.683553
11.550388	9.683553
11.550388	9.986013
13.743222	9.986013
13.743222	10.194864
15.604114	10.194864
15.604114	10.445370
19.092809	10.445370
19.092809	10.785843
21.953251	10.785843
21.953251	11.146452
24.129953	11.146452
24.129953	11.736938
27.472037	11.736938
27.472037	12.651148
29.711660	12.651148
29.711660	13.556583
31.267038	13.556583
31.267038	14.759422
33.572452	14.759422
33.572452	16.220175
35.178821	16.220175
35.178821	17.378338
36.394507	17.378338
36.394507	18.514827
38.328823	18.514827
38.328823	19.349665
39.919480	19.349665
39.919480	19.717598
41.309423	19.717598
41.309423	19.964190
43.768319	19.964190
43.768319	20.147651
45.856699	20.147651
45.856699	20.276493
47.646568	20.276493
47.646568	20.438345
50.409867	20.438345
50.409867	20.654409
52.560576	20.654409
52.560576	20.878956
54.272844	20.878956
54.272844	21.196204
56.636425	21.196204
56.636425	21.606312
58.423664	21.606312
58.423664	21.965574
59.858615	21.965574
59.858615	22.320934
61.868876	22.320934
61.868876	22.606464
63.558796	22.606464
63.558796	22.760729
65.064330	22.760729
65.064330	22.865329
67.248960	22.865329
67.248960	22.938760
69.192995	22.938760
69.192995	22.986612
70.952248	22.986612
& cycle # 1, chisq = 88164.682033, e = 35.310327
0.000000	5.549279
0.466033	5.549279
0.466033	6.522170
0.934696	6.522170
0.934696	6.857314
1.254107	6.857314
1.254107	7.153318
1.810619	7.153318
1.810619	7.464455
2.344975	7.464455
2.344975	7.703071
2.778543	7.703071
2.778543	7.985311
3.661701	7.985311
3.661701	8.311128
4.521975	8.311128
4.521975	8.568695
5.240753	8.568695
5.240753	8.874243
6.690877	8.874243
6.690877	9.213936
8.069363	9.213936
8.069363	9.470608
9.245981	9.470608
9.245981	9.750490
11.550388	9.750490
11.550388	10.027654
13.743222	10.027654
13.743222	10.223385
15.604114	10.223385
15.604114	10.463866
19.092809	10.463866
19.092809	10.796075
21.953251	10.796075
21.953251	11.151260
24.129953	11.151260
24.129953	11.736334
27.472037	11.736334
27.472037	12.646342
29.711660	12.646342
29.711660	13.551844
31.267038	13.551844
31.267038	14.761257
33.572452	14.761257
33.572452	16.236528
35.178821	16.236528
35.178821	17.408585
36.394507	17.408585
36.394507	18.558341
38.328823	18.558341
38.328823	19.401386
39.919480	19.401386
39.919480	19.771368
41.309423	19.771368
41.309423	20.017310
43.768319	20.017310
43.768319	20.198067
45.856699	20.198067
45.856699	20.323426
47.646568	20.323426
47.646568	20.479625
50.409867	20.479625
50.409867	20.687201
52.560576	20.687201
52.560576	20.902359
54.272844	20.902359
54.272844	21.205804
56.636425	21.205804
56.636425	21.597491
58.423664	21.597491
58.423664	21.940075
59.858615	21.940075
59.858615	22.278229
61.868876	22.278229
61.868876	22.549051
63.558796	22.549051
63.558796	22.694544
65.064330	22.694544
65.064330	22.792285
67.248960	22.792285
67.248960	22.860013
69.192995	22.860013
69.192995	22.903523
70.952248	22.903523
& cycle # 2, chisq = 88141.640737, e = 35.310327
0.000000	5.414232
0.466033	5.414232
0.466033	6.440025
0.934696	6.440025
0.934696	6.825238
1.254107	6.825238
1.254107	7.155207
1.810619	7.155207
1.810619	7.492880
2.344975	7.492880
2.344975	7.745704
2.778543	7.745704
2.778543	8.038198
3.661701	8.038198
3.661701	8.369143
4.521975	8.369143
4.521975	8.626155
5.240753	8.626155
5.240753	8.926425
6.690877	8.926425
6.690877	9.256209
8.069363	9.256209
8.069363	9.503172
9.245981	9.503172
9.245981	9.771084
11.550388	9.771084
11.550388	10.035915
13.743222	10.035915
13.743222	10.223173
15.604114	10.223173
15.604114	10.454347
19.092809	10.454347
19.092809	10.775642
21.953251	10.775642
21.953251	11.121036
24.129953	11.121036
24.129953	11.692898
27.472037	11.692898
27.472037	12.587118
29.711660	12.587118
29.711660	13.482470
31.267038	13.482470
31.267038	14.687244
33.572452	14.687244
33.572452	16.166046
35.178821	16.166046
35.178821	17.344577
36.394507	17.344577
36.394507	18.501025
38.328823	18.501025
38.328823	19.348326
39.919480	19.348326
39.919480	19.719740
41.309423	19.719740
41.309423	19.966603
43.768319	19.966603
43.768319	20.148581
45.856699	20.148581
45.856699	20.275573
47.646568	20.275573
47.646568	20.434882
50.409867	20.434882
50.409867	20.647789
52.560576	20.647789
52.560576	20.869481
54.272844	20.869481
54.272844	21.183441
56.636425	21.183441
56.636425	21.590479
58.423664	21.590479
58.423664	21.948415
59.858615	21.948415
59.858615	22.304519
61.868876	22.304519
61.868876	22.593421
63.558796	22.593421
63.558796	22.752281
65.064330	22.752281
65.064330	22.863252
67.248960	22.863252
67.248960	22.944516
69.192995	22.944516
69.192995	22.999961
70.952248	22.999961
& cycle # 3, chisq = 88239.174202, e = 35.310327
0.000000	6.218794
0.466033	6.218794
0.466033	7.171713
0.934696	7.171713
0.934696	7.462255
1.254107	7.462255
1.254107	7.713128
1.810619	7.713128
1.810619	7.973630
2.344975	7.973630
2.344975	8.171813
2.778543	8.171813
2.778543	8.405022
3.661701	8.405022
3.661701	8.673468
4.521975	8.673468
4.521975	8.885503
5.240753	8.885503
5.240753	9.137406
6.690877	9.137406
6.690877	9.418557
8.069363	9.418557
8.069363	9.632418
9.245981	9.632418
9.245981	9.868301
11.550388	9.868301
11.550388	10.106372
13.743222	10.106372
13.743222	10.279265
15.604114	10.279265
15.604114	10.498241
19.092809	10.498241
19.092809	10.807395
21.953251	10.807395
21.953251	11.142647
24.129953	11.142647
24.129953	11.701033
27.472037	11.701033
27.472037	12.578818
29.711660	12.578818
29.711660	13.462892
31.267038	13.462892
31.267038	14.661019
33.572452	14.661019
33.572452	16.141253
35.178821	16.141253
35.178821	17.325910
36.394507	17.325910
36.394507	18.491054
38.328823	18.491054
38.328823	19.346651
39.919480	19.346651
39.919480	19.722910
41.309423	19.722910
41.309423	19.973875
43.768319	19.973875
43.768319	20.159311
45.856699	20.159311
45.856699	20.288757
47.646568	20.288757
47.646568	20.450935
50.409867	20.450935
50.409867	20.667299
52.560576	20.667299
52.560576	20.892200
54.272844	20.892200
54.272844	21.210119
56.636425	21.210119
56.636425	21.621409
58.423664	21.621409
58.423664	21.982077
59.858615	21.982077
59.858615	22.339379
61.868876	22.339379
61.868876	22.627190
63.558796	22.627190
63.558796	22.783384
65.064330	22.783384
65.064330	22.890076
67.248960	22.890076
67.248960	22.965752
69.192995	22.965752
69.192995	23.015620
70.952248	23.015620
& cycle # 4, chisq = 88376.920355, e = 35.310327
0.000000	6.932705
0.466033	6.932705
0.466033	7.879811
0.934696	7.879811
0.934696	8.122007
1.254107	8.122007
1.254107	8.328513
1.810619	8.328513
1.810619	8.541745
2.344975	8.541745
2.344975	8.703322
2.778543	8.703322
2.778543	8.892817
3.661701	8.892817
3.661701	9.110303
4.521975	9.110303
4.521975	9.281654
5.240753	9.281654
5.240753	9.484855
6.690877	9.484855
6.690877	9.711502
8.069363	9.711502
8.069363	9.884080
9.245981	9.884080
9.245981	10.075209
11.550388	10.075209
11.550388	10.269836
13.743222	10.269836
13.743222	10.413311
15.604114	10.413311
15.604114	10.598573
19.092809	10.598573
19.092809	10.864862
21.953251	10.864862
21.953251	11.158296
24.129953	11.158296
24.129953	11.655811
27.472037	11.655811
27.472037	12.454740
29.711660	12.454740
29.711660	13.280738
31.267038	13.280738
31.267038	14.437174
33.572452	14.437174
33.572452	15.909462
35.178821	15.909462
35.178821	17.112721
36.394507	17.112721
36.394507	18.313067
38.328823	18.313067
38.328823	19.208701
39.919480	19.208701
39.919480	19.611933
41.309423	19.611933
41.309423	19.888144
43.768319	19.888144
43.768319	20.096549
45.856699	20.096549
45.856699	20.243406
47.646568	20.243406
47.646568	20.427184
50.409867	20.427184
50.409867	20.671222
52.560576	20.671222
52.560576	20.923610
54.272844	20.923610
54.272844	21.278577
56.636425	21.278577
56.636425	21.735286
58.423664	21.735286
58.423664	22.133100
59.858615	22.133100
59.858615	22.523413
61.868876	22.523413
61.868876	22.832960
63.558796	22.832960
63.558796	22.996331
65.064330	22.996331
65.064330	23.102785
67.248960	23.102785
67.248960	23.173264
69.192995	23.173264
69.192995	23.216182
70.952248	23.216182
& cycle # 5, chisq = 89832.410584, e = 35.310327
0.000000	4.936798
0.436653	4.936798
0.436653	5.782587
0.890925	5.782587
0.890925	6.148787
1.198745	6.148787
1.198745	6.482107
1.743319	6.482107
1.743319	6.841318
2.266708	6.841318
2.266708	7.121042
2.690272	7.121042
2.690272	7.459603
3.568305	7.459603
3.568305	7.856209
4.423591	7.856209
4.423591	8.170924
5.136265	8.170924
5.136265	8.547618
6.598154	8.547618
6.598154	8.965457
7.986654	8.965457
7.986654	9.275907
9.168616	9.275907
9.168616	9.609098
11.518932	9.609098
11.518932	9.933569
13.745609	9.933569
13.745609	10.160313
15.619089	10.160313
15.619089	10.436819
19.150175	10.436819
19.150175	10.810255
22.000851	10.810255
22.000851	11.195109
24.145551	11.195109
24.145551	11.801661
27.469374	11.801661
27.469374	12.696468
29.694117	12.696468
29.694117	13.549412
31.243997	13.549412
31.243997	14.697247
33.577430	14.697247
33.577430	16.127193
35.190872	16.127193
35.190872	17.271406
36.403926	17.271406
36.403926	18.428356
38.346353	18.428356
38.346353	19.320051
39.926275	19.320051
39.926275	19.725665
41.299674	19.725665
41.299674	19.995514
43.761557	19.995514
43.761557	20.187293
45.847957	20.187293
45.847957	20.315395
47.633644	20.315395
47.633644	20.473544
50.422163	20.473544
50.422163	20.683750
52.579950	20.683750
52.579950	20.901630
54.288938	20.901630
54.288938	21.211910
56.661502	21.211910
56.661502	21.615064
58.439815	21.615064
58.439815	21.965709
59.860436	21.965709
59.860436	22.309121
61.868796	22.309121
61.868796	22.579541
63.554599	22.579541
63.554599	22.721602
65.056771	22.721602
65.056771	22.816847
67.261494	22.816847
67.261494	22.883175
69.224322	22.883175
69.224322	22.925146
71.003427	22.925146
& cycle # 1, chisq = 87408.885416, e = 36.133525
0.000000	5.030923
0.436653	5.030923
0.436653	5.877596
0.890925	5.877596
0.890925	6.230628
1.198745	6.230628
1.198745	6.552311
1.743319	6.552311
1.743319	6.899451
2.266708	6.899451
2.266708	7.170260
2.690272	7.170260
2.690272	7.498834
3.568305	7.498834
3.568305	7.884912
4.423591	7.884912
4.423591	8.192334
5.136265	8.192334
5.136265	8.561738
6.598154	8.561738
6.598154	8.973137
7.986654	8.973137
7.986654	9.280012
9.168616	9.280012
9.168616	9.610673
11.518932	9.610673
11.518932	9.934047
13.745609	9.934047
13.745609	10.160988
15.619089	10.160988
15.619089	10.438503
19.150175	10.438503
19.150175	10.813529
22.000851	10.813529
22.000851	11.199801
24.145551	11.199801
24.145551	11.807988
27.469374	11.807988
27.469374	12.704376
29.694117	12.704376
29.694117	13.558283
31.243997	13.558283
31.243997	14.707407
33.577430	14.707407
33.577430	16.140005
35.190872	16.140005
35.190872	17.287737
36.403926	17.287737
36.403926	18.449942
38.346353	18.449942
38.346353	19.347147
39.926275	19.347147
39.926275	19.755911
41.299674	19.755911
41.299674	20.027667
43.761557	20.027667
43.761557	20.219660
45.847957	20.219660
45.847957	20.346550
47.633644	20.346550
47.633644	20.501634
50.422163	20.501634
50.422163	20.706253
52.579950	20.706253
52.579950	20.917246
54.288938	20.917246
54.288938	21.216504
56.661502	21.216504
56.661502	21.603865
58.439815	21.603865
58.439815	21.939320
59.860436	21.939320
59.860436	22.265892
61.868796	22.265892
61.868796	22.520636
63.554599	22.520636
63.554599	22.652293
65.056771	22.652293
65.056771	22.738336
67.261494	22.738336
67.261494	22.796291
69.224322	22.796291
69.224322	22.831697
71.003427	22.831697
& cycle # 2, chisq = 87364.451308, e = 36.133525
0.000000	4.367145
0.436653	4.367145
0.436653	5.344782
0.890925	5.344782
0.890925	5.809217
1.198745	5.809217
1.198745	6.220979
1.743319	6.220979
1.743319	6.652951
2.266708	6.652951
2.266708	6.980449
2.690272	6.980449
2.690272	7.366037
3.568305	7.366037
3.568305	7.805488
4.423591	7.805488
4.423591	8.145108
5.136265	8.145108
5.136265	8.541618
6.598154	8.541618
6.598154	8.971980
7.986654	8.971980
7.986654	9.286050
9.168616	9.286050
9.168616	9.618573
11.518932	9.618573
11.518932	9.939086
13.745609	9.939086
13.745609	10.161635
15.619089	10.161635
15.619089	10.433096
19.150175	10.433096
19.150175	10.801520
22.000851	10.801520
22.000851	11.183431
24.145551	11.183431
24.145551	11.788710
27.469374	11.788710
27.469374	12.685754
29.694117	12.685754
29.694117	13.543585
31.243997	13.543585
31.243997	14.698952
33.577430	14.698952
33.577430	16.135596
35.190872	16.135596
35.190872	17.280997
36.403926	17.280997
36.403926	18.433774
38.346353	18.433774
38.346353	19.317040
39.926275	19.317040
39.926275	19.715579
41.299674	19.715579
41.299674	19.978712
43.761557	19.978712
43.761557	20.165365
45.847957	20.165365
45.847957	20.290791
47.633644	20.290791
47.633644	20.447090
50.422163	20.447090
50.422163	20.656526
52.579950	20.656526
52.579950	20.874966
54.288938	20.874966
54.288938	21.187657
56.661502	21.187657
56.661502	21.595985
58.439815	21.595985
58.439815	21.953200
59.860436	21.953200
59.860436	22.305889
61.868796	22.305889
61.868796	22.587147
63.554599	22.587147
63.554599	22.738106
65.056771	22.738106
65.056771	22.842640
67.261494	22.842640
67.261494	22.918412
69.224322	22.918412
69.224322	22.968304
71.003427	22.968304
& cycle # 3, chisq = 87935.480506, e = 36.133525
0.000000	5.632666
0.436653	5.632666
0.436653	6.446645
0.890925	6.446645
0.890925	6.753722
1.198745	6.753722
1.198745	7.028313
1.743319	7.028313
1.743319	7.321873
2.266708	7.321873
2.266708	7.549695
2.690272	7.549695
2.690272	7.825563
3.568305	7.825563
3.568305	8.149943
4.423591	8.149943
4.423591	8.409027
5.136265	8.409027
5.136265	8.722176
6.598154	8.722176
6.598154	9.073957
7.986654	9.073957
7.986654	9.339510
9.168616	9.339510
9.168616	9.630845
11.518932	9.630845
11.518932	9.923695
13.745609	9.923695
13.745609	10.137009
15.619089	10.137009
15.619089	10.407827
19.150175	10.407827
19.150175	10.782869
22.000851	10.782869
22.000851	11.174064
24.145551	11.174064
24.145551	11.793532
27.469374	11.793532
27.469374	12.707510
29.694117	12.707510
29.694117	13.575416
31.243997	13.575416
31.243997	14.733628
33.577430	14.733628
33.577430	16.161142
35.190872	16.161142
35.190872	17.291964
36.403926	17.291964
36.403926	18.426264
38.346353	18.426264
38.346353	19.293977
39.926275	19.293977
39.926275	19.685491
41.299674	19.685491
41.299674	19.945112
43.761557	19.945112
43.761557	20.131359
45.847957	20.131359
45.847957	20.258371
47.633644	20.258371
47.633644	20.418344
50.422163	20.418344
50.422163	20.634018
52.579950	20.634018
52.579950	20.859738
54.288938	20.859738
54.288938	21.183519
56.661502	21.183519
56.661502	21.606952
58.439815	21.606952
58.439815	21.977865
59.860436	21.977865
59.860436	22.344601
61.868796	22.344601
61.868796	22.637578
63.554599	22.637578
63.554599	22.795182
65.056771	22.795182
65.056771	22.904533
67.261494	22.904533
67.261494	22.983835
69.224322	22.983835
69.224322	23.035962
71.003427	23.035962
& cycle # 4, chisq = 87601.856970, e = 36.133525
0.000000	6.811008
0.436653	6.811008
0.436653	7.631460
0.890925	7.631460
0.890925	7.880035
1.198745	7.880035
1.198745	8.092958
1.743319	8.092958
1.743319	8.313620
2.266708	8.313620
2.266708	8.480412
2.690272	8.480412
2.690272	8.677693
3.568305	8.677693
3.568305	8.904994
4.423591	8.904994
4.423591	9.083529
5.136265	9.083529
5.136265	9.296738
6.598154	9.296738
6.598154	9.534865
7.986654	9.534865
7.986654	9.714934
9.168616	9.714934
9.168616	9.915173
11.518932	9.915173
11.518932	10.122424
13.745609	10.122424
13.745609	10.280396
15.619089	10.280396
15.619089	10.491835
19.150175	10.491835
19.150175	10.797907
22.000851	10.797907
22.000851	11.128704
24.145551	11.128704
24.145551	11.671640
27.469374	11.671640
27.469374	12.504576
29.694117	12.504576
29.694117	13.330049
31.243997	13.330049
31.243997	14.482811
33.577430	14.482811
33.577430	15.958719
35.190872	15.958719
35.190872	17.158159
36.403926	17.158159
36.403926	18.377410
38.346353	18.377410
38.346353	19.317636
39.926275	19.317636
39.926275	19.744352
41.299674	19.744352
41.299674	20.026722
43.761557	20.026722
43.761557	20.225792
45.847957	20.225792
45.847957	20.357739
47.633644	20.357739
47.633644	20.519975
50.422163	20.519975
50.422163	20.735246
52.579950	20.735246
52.579950	20.958195
54.288938	20.958195
54.288938	21.275504
56.661502	21.275504
56.661502	21.687519
58.439815	21.687519
58.439815	22.045544
59.860436	22.045544
59.860436	22.395655
61.868796	22.395655
61.868796	22.670592
63.554599	22.670592
63.554599	22.814238
65.056771	22.814238
65.056771	22.909593
67.261494	22.909593
67.261494	22.974997
69.224322	22.974997
69.224322	23.015618
71.003427	23.015618
& cycle # 5, chisq = 88422.272051, e = 36.133525
0.000000	4.379034
0.450386	4.379034
0.450386	5.391988
0.919961	5.391988
0.919961	5.869070
1.238029	5.869070
1.238029	6.282225
1.801296	6.282225
1.801296	6.707073
2.342683	6.707073
2.342683	7.022850
2.780725	7.022850
2.780725	7.388098
3.689128	7.388098
3.689128	7.803968
4.570077	7.803968
4.570077	8.134762
5.297781	8.134762
5.297781	8.541511
6.768364	8.541511
6.768364	9.005066
8.137737	9.005066
8.137737	9.349530
9.289287	9.349530
9.289287	9.708377
11.566631	9.708377
11.566631	10.039188
13.728623	10.039188
13.728623	10.249857
15.562930	10.249857
15.562930	10.486509
19.074848	10.486509
19.074848	10.802884
21.953166	10.802884
21.953166	11.142980
24.132986	11.142980
24.132986	11.720396
27.503568	11.720396
27.503568	12.643416
29.724334	12.643416
29.724334	13.561703
31.252577	13.561703
31.252577	14.749643
33.557763	14.749643
33.557763	16.124431
35.173375	16.124431
35.173375	17.205103
36.396383	17.205103
36.396383	18.341103
38.353372	18.341103
38.353372	19.247881
39.936981	19.247881
39.936981	19.665268
41.309969	19.665268
41.309969	19.940070
43.770745	19.940070
43.770745	20.134031
45.855230	20.134031
45.855230	20.264994
47.638912	20.264994
47.638912	20.429441
50.426135	20.429441
50.426135	20.650703
52.582103	20.650703
52.582103	20.881807
54.289297	20.881807
54.289297	21.212765
56.661136	21.212765
56.661136	21.644487
58.439131	21.644487
58.439131	22.021095
59.860121	22.021095
59.860121	22.391458
61.871821	22.391458
61.871821	22.685132
63.561026	22.685132
63.561026	22.841721
65.065820	22.841721
65.065820	22.950065
67.273008	22.950065
67.273008	23.029858
69.232553	23.029858
69.232553	23.084480
71.002433	23.084480
& cycle # 1, chisq = 89081.330668, e = 36.187102
0.000000	4.323979
0.450386	4.323979
0.450386	5.311050
0.919961	5.311050
0.919961	5.770691
1.238029	5.770691
1.238029	6.171641
1.801296	6.171641
1.801296	6.587719
2.342683	6.587719
2.342683	6.900359
2.780725	6.900359
2.780725	7.266743
3.689128	7.266743
3.689128	7.689852
4.570077	7.689852
4.570077	8.030949
5.297781	8.030949
5.297781	8.455230
6.768364	8.455230
6.768364	8.943116
8.137737	8.943116
8.137737	9.307996
9.289287	9.307996
9.289287	9.689110
11.566631	9.689110
11.566631	10.039362
13.728623	10.039362
13.728623	10.259998
15.562930	10.259998
15.562930	10.503406
19.074848	10.503406
19.074848	10.823822
21.953166	10.823822
21.953166	11.165114
24.132986	11.165114
24.132986	11.741716
27.503568	11.741716
27.503568	12.661214
29.724334	12.661214
29.724334	13.574884
31.252577	13.574884
31.252577	14.756343
33.557763	14.756343
33.557763	16.124756
35.173375	16.124756
35.173375	17.202973
36.396383	17.202973
36.396383	18.340544
38.353372	18.340544
38.353372	19.253034
39.936981	19.253034
39.936981	19.675913
41.309969	19.675913
41.309969	19.956044
43.770745	19.956044
43.770745	20.153793
45.855230	20.153793
45.855230	20.286284
47.638912	20.286284
47.638912	20.450953
50.426135	20.450953
50.426135	20.670656
52.582103	20.670656
52.582103	20.898685
54.289297	20.898685
54.289297	21.223550
56.661136	21.223550
56.661136	21.645207
58.439131	21.645207
58.439131	22.010896
59.860121	22.010896
59.860121	22.367582
61.871821	22.367582
61.871821	22.646722
63.561026	22.646722
63.561026	22.792163
65.065820	22.792163
65.065820	22.889190
67.273008	22.889190
67.273008	22.957395
69.232553	22.957395
69.232553	23.002020
71.002433	23.002020
& cycle # 2, chisq = 88860.828168, e = 36.187102
0.000000	4.247200
0.450386	4.247200
0.450386	5.441063
0.919961	5.441063
0.919961	6.009232
1.238029	6.009232
1.238029	6.476549
1.801296	6.476549
1.801296	6.935828
2.342683	6.935828
2.342683	7.263281
2.780725	7.263281
2.780725	7.627372
3.689128	7.627372
3.689128	8.027264
4.570077	8.027264
4.570077	8.336057
5.297781	8.336057
5.297781	8.707716
6.768364	8.707716
6.768364	9.125419
8.137737	9.125419
8.137737	9.433324
9.289287	9.433324
9.289287	9.753769
11.566631	9.753769
11.566631	10.051629
13.728623	10.051629
13.728623	10.245154
15.562930	10.245154
15.562930	10.468815
19.074848	10.468815
19.074848	10.774348
21.953166	10.774348
21.953166	11.106780
24.132986	11.106780
24.132986	11.675301
27.503568	11.675301
27.503568	12.588840
29.724334	12.588840
29.724334	13.502237
31.252577	13.502237
31.252577	14.691041
33.557763	14.691041
33.557763	16.074603
35.173375	16.074603
35.173375	17.165093
36.396383	17.165093
36.396383	18.310580
38.353372	18.310580
38.353372	19.222662
39.936981	19.222662
39.936981	19.640604
41.309969	19.640604
41.309969	19.913960
43.770745	19.913960
43.770745	20.105561
45.855230	20.105561
45.855230	20.234416
47.638912	20.234416
47.638912	20.396242
50.426135	20.396242
50.426135	20.614373
52.582103	20.614373
52.582103	20.842696
54.289297	20.842696
54.289297	21.170445
56.661136	21.170445
56.661136	21.599158
58.439131	21.599158
58.439131	21.974478
59.860121	21.974478
59.860121	22.345587
61.871821	22.345587
61.871821	22.642543
63.561026	22.642543
63.561026	22.803508
65.065820	22.803508
65.065820	22.917841
67.273008	22.917841
67.273008	23.004899
69.232553	23.004899
69.232553	23.066428
71.002433	23.066428
& cycle # 3, chisq = 89440.064164, e = 36.187102
0.000000	5.699216
0.450386	5.699216
0.450386	6.567614
0.919961	6.567614
0.919961	6.894614
1.238029	6.894614
1.238029	7.175555
1.801296	7.175555
1.801296	7.466613
2.342683	7.466613
2.342683	7.686219
2.780725	7.686219
2.780725	7.945969
3.689128	7.945969
3.689128	8.249909
4.570077	8.249909
4.570077	8.498737
5.297781	8.498737
5.297781	8.813708
6.768364	8.813708
6.768364	9.182964
8.137737	9.182964
8.137737	9.465399
9.289287	9.465399
9.289287	9.769302
11.566631	9.769302
11.566631	10.060896
13.728623	10.060896
13.728623	10.256655
15.562930	10.256655
15.562930	10.488677
19.074848	10.488677
19.074848	10.807683
21.953166	10.807683
21.953166	11.153009
24.132986	11.153009
24.132986	11.737162
27.503568	11.737162
27.503568	12.661537
29.724334	12.661537
29.724334	13.566532
31.252577	13.566532
31.252577	14.708987
33.557763	14.708987
33.557763	15.996105
35.173375	15.996105
35.173375	16.989830
36.396383	16.989830
36.396383	18.029435
38.353372	18.029435
38.353372	18.861795
39.936981	18.861795
39.936981	19.251102
41.309969	19.251102
41.309969	19.520096
43.770745	19.520096
43.770745	19.728066
45.855230	19.728066
45.855230	19.883366
47.638912	19.883366
47.638912	20.091558
50.426135	20.091558
50.426135	20.381951
52.582103	20.381951
52.582103	20.691488
54.289297	20.691488
54.289297	21.140420
56.661136	21.140420
56.661136	21.731618
58.439131	21.731618
58.439131	22.251924
59.860121	22.251924
59.860121	22.768789
61.871821	22.768789
61.871821	23.184026
63.561026	23.184026
63.561026	23.409448
65.065820	23.409448
65.065820	23.568478
67.273008	23.568478
67.273008	23.687187
69.232553	23.687187
69.232553	23.768610
71.002433	23.768610
& cycle # 4, chisq = 91916.623276, e = 36.187102
0.000000	6.699319
0.450386	6.699319
0.450386	7.503421
0.919961	7.503421
0.919961	7.751420
1.238029	7.751420
1.238029	7.963654
1.801296	7.963654
1.801296	8.183132
2.342683	8.183132
2.342683	8.348357
2.780725	8.348357
2.780725	8.543191
3.689128	8.543191
3.689128	8.770419
4.570077	8.770419
4.570077	8.955925
5.297781	8.955925
5.297781	9.190420
6.768364	9.190420
6.768364	9.465605
8.137737	9.465605
8.137737	9.677027
9.289287	9.677027
9.289287	9.907160
11.566631	9.907160
11.566631	10.133255
13.728623	10.133255
13.728623	10.291274
15.562930	10.291274
15.562930	10.488332
19.074848	10.488332
19.074848	10.770316
21.953166	10.770316
21.953166	11.084187
24.132986	11.084187
24.132986	11.628905
27.503568	11.628905
27.503568	12.515760
29.724334	12.515760
29.724334	13.415853
31.252577	13.415853
31.252577	14.611271
33.557763	14.611271
33.557763	16.031998
35.173375	16.031998
35.173375	17.167588
36.396383	17.167588
36.396383	18.367040
38.353372	18.367040
38.353372	19.324637
39.936981	19.324637
39.936981	19.763801
41.309969	19.763801
41.309969	20.049217
43.770745	20.049217
43.770745	20.245198
45.855230	20.245198
45.855230	20.372985
47.638912	20.372985
47.638912	20.529366
50.426135	20.529366
50.426135	20.736497
52.582103	20.736497
52.582103	20.950710
54.289297	20.950710
54.289297	21.255275
56.661136	21.255275
56.661136	21.649974
58.439131	21.649974
58.439131	21.991738
59.860121	21.991738
59.860121	22.324353
61.871821	22.324353
61.871821	22.583707
63.561026	22.583707
63.561026	22.717920
65.065820	22.717920
65.065820	22.806411
67.273008	22.806411
67.273008	22.867582
69.232553	22.867582
69.232553	22.906878
71.002433	22.906878
& cycle # 5, chisq = 89049.655300, e = 36.187102
