#HEADER
Analysis
Version,2.0.11,1.04
Filename,S01-239.TXT
MethodName,Ar40-36 H3-L1-L5 2s Integ 200cycles total 400s.NGXAM
MethodPath,C:\IsoLinx\Projects\400s.Pro\Methods
FolderPath,C:\IsoLinx\Projects\400s.Pro\Analysis\@Default\S01.RAW
Corrected,RAW
BChannels,Yes
TimeZero, 29 December 2023 15:41:15.181

#COLLECTORS
Name,Type,Resistor,Gain,Efficiency,DT
L5,F,1e+11,1.002442100,1.000000000,0.0000
L4,EM,1e+11,1.000000000,1.000000000,0.0000
L3,F,1e+11,0.997208400,1.000000000,0.0000
L2,EM,1e+11,1.000000000,1.000000000,0.0000
L1,F,1e+11,1.001038400,1.000000000,0.0000
Ax,EM,1e+11,1.000000000,1.000000000,0.0000
H1,F,1e+11,1.000000000,1.000000000,0.0000
H2,F,1e+11,1.003610600,1.000000000,0.0000
H3,F,1e+11,0.994901000,1.000000000,0.0000
H4,F,1e+11,1.005636300,1.000000000,0.0000

#BASELINES
ID,Block,Cycle,Integ,PeakID,AxMass,Time,L5,L4,L3,L2,L1,Ax,H1,H2,H3,H4,L5.B,L3.B,L1.B,H1.B,H2.B,H3.B,H4.B

#ONPEAK
ID,Block,Cycle,Integ,PeakID,AxMass,Time,L5,L4,L3,L2,L1,Ax,H1,H2,H3,H4,L5.B,L3.B,L1.B,H1.B,H2.B,H3.B,H4.B
OP1, 1, 1, 1, Ar40, 38.5500, 2.3495224, 1.813008910376e-002, 0.000000000000e+000, -3.302667647861e-006, 5.000000000000e-001, 3.507575726915e-003, 5.000000000000e-001, -1.964260533103e-006, 4.077015299385e-006, 5.541227074209e+000, 2.513389624681e-005, 1.813008910376e-002, -3.302667647861e-006, 3.507575726915e-003, -1.964260533103e-006, 4.077015299385e-006, 5.541227074209e+000, 2.513389624681e-005
OP1, 1, 2, 1, Ar40, 38.5500, 4.3599989, 1.807584606440e-002, 0.000000000000e+000, -4.150862366135e-007, 0.000000000000e+000, 3.496275630419e-003, 0.000000000000e+000, -6.538702726391e-006, -2.584253778630e-006, 5.535722455556e+000, 2.665077461058e-005, 1.807584606440e-002, -4.150862366135e-007, 3.496275630419e-003, -6.538702726391e-006, -2.584253778630e-006, 5.535722455556e+000, 2.665077461058e-005
OP1, 1, 3, 1, Ar40, 38.5500, 6.3699989, 1.806333140682e-002, 0.000000000000e+000, -5.014416643451e-006, 0.000000000000e+000, 3.479305438928e-003, 5.000000000000e-001, 3.902147885109e-006, 6.670280780598e-006, 5.528813876023e+000, 3.304818152162e-005, 1.806333140682e-002, -5.014416643451e-006, 3.479305438928e-003, 3.902147885109e-006, 6.670280780598e-006, 5.528813876023e+000, 3.304818152162e-005
OP1, 1, 4, 1, Ar40, 38.5500, 8.3809696, 1.805888501734e-002, 0.000000000000e+000, 1.917960944546e-006, 0.000000000000e+000, 3.484017153997e-003, 0.000000000000e+000, -1.878099822815e-006, 7.294807969566e-006, 5.523253348394e+000, 2.569516844090e-005, 1.805888501734e-002, 1.917960944546e-006, 3.484017153997e-003, -1.878099822815e-006, 7.294807969566e-006, 5.523253348394e+000, 2.569516844090e-005
OP1, 1, 5, 1, Ar40, 38.5500, 10.3915148, 1.804722111311e-002, 0.000000000000e+000, 2.828833936191e-006, 0.000000000000e+000, 3.492266210517e-003, 5.000000000000e-001, 2.774697693550e-006, -1.718092884980e-006, 5.517516111475e+000, 2.832135601786e-005, 1.804722111311e-002, 2.828833936191e-006, 3.492266210517e-003, 2.774697693550e-006, -1.718092884980e-006, 5.517516111475e+000, 2.832135601786e-005
OP1, 1, 6, 1, Ar40, 38.5500, 12.4022080, 1.800015633278e-002, 0.000000000000e+000, -2.387766756835e-006, 0.000000000000e+000, 3.464886147665e-003, 5.000000000000e-001, 1.097604537831e-006, 5.527350989306e-006, 5.510772108597e+000, 2.474658476882e-005, 1.800015633278e-002, -2.387766756835e-006, 3.464886147665e-003, 1.097604537831e-006, 5.527350989306e-006, 5.510772108597e+000, 2.474658476882e-005
OP1, 1, 7, 1, Ar40, 38.5500, 14.4133112, 1.797509888226e-002, 0.000000000000e+000, 3.635846083935e-006, 0.000000000000e+000, 3.473702892399e-003, 0.000000000000e+000, -3.016117960932e-006, -2.789662900918e-006, 5.505041365965e+000, 3.107756206031e-005, 1.797509888226e-002, 3.635846083935e-006, 3.473702892399e-003, -3.016117960932e-006, -2.789662900918e-006, 5.505041365965e+000, 3.107756206031e-005
OP1, 1, 8, 1, Ar40, 38.5500, 16.4233112, 1.798516391240e-002, 0.000000000000e+000, -2.983026656343e-006, 0.000000000000e+000, 3.469252361781e-003, 0.000000000000e+000, -9.259259326137e-006, 1.600982236993e-006, 5.498704924503e+000, 2.410529175708e-005, 1.798516391240e-002, -2.983026656343e-006, 3.469252361781e-003, -9.259259326137e-006, 1.600982236993e-006, 5.498704924503e+000, 2.410529175708e-005
OP1, 1, 9, 1, Ar40, 38.5500, 18.4340428, 1.794909036117e-002, 0.000000000000e+000, 1.221492418910e-005, 0.000000000000e+000, 3.470401765826e-003, 0.000000000000e+000, -9.676856457037e-006, 1.915741021510e-006, 5.492370657934e+000, 2.795714661395e-005, 1.794909036117e-002, 1.221492418910e-005, 3.470401765826e-003, -9.676856457037e-006, 1.915741021510e-006, 5.492370657934e+000, 2.795714661395e-005
OP1, 1, 10, 1, Ar40, 38.5500, 20.4452239, 1.795781207844e-002, 0.000000000000e+000, -1.916852239293e-006, 0.000000000000e+000, 3.455515717802e-003, 0.000000000000e+000, 2.897317049223e-006, -1.358675470027e-006, 5.485907787841e+000, 2.840967100165e-005, 1.795781207844e-002, -1.916852239293e-006, 3.455515717802e-003, 2.897317049223e-006, -1.358675470027e-006, 5.485907787841e+000, 2.840967100165e-005
OP1, 1, 11, 1, Ar40, 38.5500, 22.4558725, 1.790857416307e-002, 0.000000000000e+000, -3.567582680409e-006, 0.000000000000e+000, 3.463388269430e-003, 5.000000000000e-001, 5.693517214926e-006, -6.316038342976e-006, 5.479905797283e+000, 2.731434236185e-005, 1.790857416307e-002, -3.567582680409e-006, 3.463388269430e-003, 5.693517214926e-006, -6.316038342976e-006, 5.479905797283e+000, 2.731434236185e-005
OP1, 1, 12, 1, Ar40, 38.5500, 24.4660165, 1.790927351131e-002, 0.000000000000e+000, 5.906227926035e-008, 0.000000000000e+000, 3.451477343272e-003, 0.000000000000e+000, -3.815792130314e-006, 4.501317018652e-006, 5.474192181277e+000, 2.924505820236e-005, 1.790927351131e-002, 5.906227926035e-008, 3.451477343272e-003, -3.815792130314e-006, 4.501317018652e-006, 5.474192181277e+000, 2.924505820236e-005
OP1, 1, 13, 1, Ar40, 38.5500, 26.4768439, 1.789443244710e-002, 0.000000000000e+000, 4.589254476962e-006, 0.000000000000e+000, 3.458946567492e-003, 0.000000000000e+000, -6.785230350125e-006, 2.207915566226e-006, 5.468023842136e+000, 2.583847537669e-005, 1.789443244710e-002, 4.589254476962e-006, 3.458946567492e-003, -6.785230350125e-006, 2.207915566226e-006, 5.468023842136e+000, 2.583847537669e-005
OP1, 1, 14, 1, Ar40, 38.5500, 28.4874850, 1.782555947187e-002, 0.000000000000e+000, -5.319900952150e-007, 0.000000000000e+000, 3.443138549858e-003, 0.000000000000e+000, 2.443299637645e-006, -4.698264370975e-006, 5.461801161335e+000, 2.340117630255e-005, 1.782555947187e-002, -5.319900952150e-007, 3.443138549858e-003, 2.443299637645e-006, -4.698264370975e-006, 5.461801161335e+000, 2.340117630255e-005
OP1, 1, 15, 1, Ar40, 38.5500, 30.4984598, 1.780855173616e-002, 0.000000000000e+000, 2.463044891062e-006, 0.000000000000e+000, 3.459284848686e-003, 0.000000000000e+000, -2.764095981503e-006, 3.271233712134e-006, 5.456206960762e+000, 3.014874977761e-005, 1.780855173616e-002, 2.463044891062e-006, 3.459284848686e-003, -2.764095981503e-006, 3.271233712134e-006, 5.456206960762e+000, 3.014874977761e-005
OP1, 1, 16, 1, Ar40, 38.5500, 32.5094960, 1.781320615405e-002, 0.000000000000e+000, -1.533758832082e-006, 0.000000000000e+000, 3.432205467629e-003, 0.000000000000e+000, 3.132277172015e-006, -2.870812349471e-006, 5.449390916358e+000, 2.583307926482e-005, 1.781320615405e-002, -1.533758832082e-006, 3.432205467629e-003, 3.132277172015e-006, -2.870812349471e-006, 5.449390916358e+000, 2.583307926482e-005
OP1, 1, 17, 1, Ar40, 38.5500, 34.5196074, 1.778500334680e-002, 0.000000000000e+000, -3.350670615669e-006, 0.000000000000e+000, 3.431893065355e-003, 0.000000000000e+000, -5.671729447408e-006, 7.298922006096e-006, 5.443582451365e+000, 2.284206235065e-005, 1.778500334680e-002, -3.350670615669e-006, 3.431893065355e-003, -5.671729447408e-006, 7.298922006096e-006, 5.443582451365e+000, 2.284206235065e-005
OP1, 1, 18, 1, Ar40, 38.5500, 36.5299390, 1.777621842829e-002, 0.000000000000e+000, 1.800019076769e-006, 0.000000000000e+000, 3.433398646341e-003, 5.000000000000e-001, 1.230099261058e-006, 2.834534562193e-006, 5.437733043650e+000, 2.530109838879e-005, 1.777621842829e-002, 1.800019076769e-006, 3.433398646341e-003, 1.230099261058e-006, 2.834534562193e-006, 5.437733043650e+000, 2.530109838879e-005
OP1, 1, 19, 1, Ar40, 38.5500, 38.5402862, 1.773321330031e-002, 0.000000000000e+000, -9.685819944756e-006, 0.000000000000e+000, 3.419304028836e-003, 0.000000000000e+000, -2.677849928241e-006, -7.636493647853e-006, 5.432348529890e+000, 2.794963201122e-005, 1.773321330031e-002, -9.685819944756e-006, 3.419304028836e-003, -2.677849928241e-006, -7.636493647853e-006, 5.432348529890e+000, 2.794963201122e-005
OP1, 1, 20, 1, Ar40, 38.5500, 40.5509351, 1.772969384602e-002, 0.000000000000e+000, 2.912826382000e-006, 0.000000000000e+000, 3.414778997440e-003, 5.000000000000e-001, -2.659189102536e-006, 6.738194378316e-007, 5.425489378832e+000, 2.497951371817e-005, 1.772969384602e-002, 2.912826382000e-006, 3.414778997440e-003, -2.659189102536e-006, 6.738194378316e-007, 5.425489378832e+000, 2.497951371817e-005
OP1, 1, 21, 1, Ar40, 38.5500, 42.5619649, 1.771123563787e-002, 0.000000000000e+000, -9.116414755219e-007, 0.000000000000e+000, 3.411565877854e-003, 0.000000000000e+000, -1.468860211442e-006, -2.231400631494e-006, 5.419929307133e+000, 2.786327111024e-005, 1.771123563787e-002, -9.116414755219e-007, 3.411565877854e-003, -1.468860211442e-006, -2.231400631494e-006, 5.419929307133e+000, 2.786327111024e-005
OP1, 1, 22, 1, Ar40, 38.5500, 44.5721603, 1.766199079658e-002, 0.000000000000e+000, -1.685271473014e-006, 0.000000000000e+000, 3.420379655444e-003, 0.000000000000e+000, -1.306167938832e-006, 8.241504994152e-006, 5.414284064994e+000, 2.848448593522e-005, 1.766199079658e-002, -1.685271473014e-006, 3.420379655444e-003, -1.306167938832e-006, 8.241504994152e-006, 5.414284064994e+000, 2.848448593522e-005
OP1, 1, 23, 1, Ar40, 38.5500, 46.5833147, 1.767441713223e-002, 0.000000000000e+000, -9.855758629462e-006, 0.000000000000e+000, 3.406815979340e-003, 0.000000000000e+000, 5.244363348967e-006, 5.651846638047e-006, 5.408227382697e+000, 2.165545898710e-005, 1.767441713223e-002, -9.855758629462e-006, 3.406815979340e-003, 5.244363348967e-006, 5.651846638047e-006, 5.408227382697e+000, 2.165545898710e-005
OP1, 1, 24, 1, Ar40, 38.5500, 48.5939043, 1.762104854711e-002, 0.000000000000e+000, 1.163381505400e-006, 0.000000000000e+000, 3.398138084363e-003, 0.000000000000e+000, 1.891404837983e-006, 1.688696967669e-006, 5.402124174028e+000, 2.863218046330e-005, 1.762104854711e-002, 1.163381505400e-006, 3.398138084363e-003, 1.891404837983e-006, 1.688696967669e-006, 5.402124174028e+000, 2.863218046330e-005
OP1, 1, 25, 1, Ar40, 38.5500, 50.6049184, 1.758474308608e-002, 0.000000000000e+000, -2.154019070033e-006, 0.000000000000e+000, 3.389141412113e-003, 0.000000000000e+000, 2.371499568702e-006, 2.322454153638e-006, 5.396019679297e+000, 2.751145292813e-005, 1.758474308608e-002, -2.154019070033e-006, 3.389141412113e-003, 2.371499568702e-006, 2.322454153638e-006, 5.396019679297e+000, 2.751145292813e-005
OP1, 1, 26, 1, Ar40, 38.5500, 52.6151959, 1.758725511499e-002, 0.000000000000e+000, 2.504800295725e-006, 5.000000000000e-001, 3.395120500984e-003, 0.000000000000e+000, -7.869044902853e-006, -1.290829397639e-006, 5.390174707235e+000, 2.647597720518e-005, 1.758725511499e-002, 2.504800295725e-006, 3.395120500984e-003, -7.869044902853e-006, -1.290829397639e-006, 5.390174707235e+000, 2.647597720518e-005
OP1, 1, 27, 1, Ar40, 38.5500, 54.6261857, 1.757948357177e-002, 0.000000000000e+000, -3.747757907583e-006, 5.000000000000e-001, 3.386634924141e-003, 5.000000000000e-001, -4.946517860003e-006, 4.036979688893e-007, 5.384392186662e+000, 2.177108659222e-005, 1.757948357177e-002, -3.747757907583e-006, 3.386634924141e-003, -4.946517860003e-006, 4.036979688893e-007, 5.384392186662e+000, 2.177108659222e-005
OP1, 1, 28, 1, Ar40, 38.5500, 56.6363961, 1.754675478122e-002, 0.000000000000e+000, -4.213865299532e-006, 0.000000000000e+000, 3.391832354197e-003, 0.000000000000e+000, -6.033113790855e-006, 6.252938682323e-006, 5.378829541497e+000, 2.423315961649e-005, 1.754675478122e-002, -4.213865299532e-006, 3.391832354197e-003, -6.033113790855e-006, 6.252938682323e-006, 5.378829541497e+000, 2.423315961649e-005
OP1, 1, 29, 1, Ar40, 38.5500, 58.6488611, 1.753731951145e-002, 0.000000000000e+000, -1.095477805116e-005, 0.000000000000e+000, 3.382457673525e-003, 0.000000000000e+000, -5.307338166837e-006, -4.120827551001e-006, 5.371730692710e+000, 2.676037862089e-005, 1.753731951145e-002, -1.095477805116e-005, 3.382457673525e-003, -5.307338166837e-006, -4.120827551001e-006, 5.371730692710e+000, 2.676037862089e-005
OP1, 1, 30, 1, Ar40, 38.5500, 60.6593959, 1.748737744367e-002, 0.000000000000e+000, 5.349335341900e-006, 0.000000000000e+000, 3.373610501090e-003, 0.000000000000e+000, -5.624805719516e-006, 3.494306306221e-006, 5.367177822213e+000, 2.631957671989e-005, 1.748737744367e-002, 5.349335341900e-006, 3.373610501090e-003, -5.624805719516e-006, 3.494306306221e-006, 5.367177822213e+000, 2.631957671989e-005
OP1, 1, 31, 1, Ar40, 38.5500, 62.6701684, 1.750819821091e-002, 0.000000000000e+000, 3.639269321955e-006, 0.000000000000e+000, 3.370457639745e-003, 0.000000000000e+000, -3.581850826472e-006, 3.557485189611e-006, 5.361346205996e+000, 2.397812284443e-005, 1.750819821091e-002, 3.639269321955e-006, 3.370457639745e-003, -3.581850826472e-006, 3.557485189611e-006, 5.361346205996e+000, 2.397812284443e-005
OP1, 1, 32, 1, Ar40, 38.5500, 64.6801684, 1.746764670507e-002, 0.000000000000e+000, 2.530298162361e-006, 0.000000000000e+000, 3.369631914160e-003, 0.000000000000e+000, 4.928137542792e-007, 4.507744505919e-006, 5.355851514938e+000, 2.860611392863e-005, 1.746764670507e-002, 2.530298162361e-006, 3.369631914160e-003, 4.928137542792e-007, 4.507744505919e-006, 5.355851514938e+000, 2.860611392863e-005
OP1, 1, 33, 1, Ar40, 38.5500, 66.6904010, 1.743037072701e-002, 0.000000000000e+000, -5.277914230034e-006, 0.000000000000e+000, 3.363692550803e-003, 1.000000000000e+000, -2.522563008334e-006, 9.662802093325e-006, 5.350012929560e+000, 1.649276422787e-005, 1.743037072701e-002, -5.277914230034e-006, 3.363692550803e-003, -2.522563008334e-006, 9.662802093325e-006, 5.350012929560e+000, 1.649276422787e-005
OP1, 1, 34, 1, Ar40, 38.5500, 68.7013741, 1.742652284057e-002, 0.000000000000e+000, -3.917818361244e-007, 0.000000000000e+000, 3.366585972579e-003, 5.000000000000e-001, -3.423821492350e-006, 1.960505709832e-006, 5.344163932343e+000, 2.827921487446e-005, 1.742652284057e-002, -3.917818361244e-007, 3.366585972579e-003, -3.423821492350e-006, 1.960505709832e-006, 5.344163932343e+000, 2.827921487446e-005
OP1, 1, 35, 1, Ar40, 38.5500, 70.7119171, 1.740179633916e-002, 0.000000000000e+000, 3.461088844634e-006, 0.000000000000e+000, 3.359103568177e-003, 0.000000000000e+000, -4.603893646445e-006, 2.228243128088e-006, 5.337746532463e+000, 2.653000094615e-005, 1.740179633916e-002, 3.461088844634e-006, 3.359103568177e-003, -4.603893646445e-006, 2.228243128088e-006, 5.337746532463e+000, 2.653000094615e-005
OP1, 1, 36, 1, Ar40, 38.5500, 72.7220009, 1.740029882534e-002, 0.000000000000e+000, -6.827797387295e-006, 0.000000000000e+000, 3.368631711057e-003, 0.000000000000e+000, 1.295292009501e-006, 2.726498171064e-006, 5.332300191923e+000, 1.547851696917e-005, 1.740029882534e-002, -6.827797387295e-006, 3.368631711057e-003, 1.295292009501e-006, 2.726498171064e-006, 5.332300191923e+000, 1.547851696917e-005
OP1, 1, 37, 1, Ar40, 38.5500, 74.7330431, 1.738091370112e-002, 0.000000000000e+000, -4.773571960016e-007, 0.000000000000e+000, 3.355584381142e-003, 0.000000000000e+000, -3.509841366951e-006, 1.367650044124e-006, 5.327349202420e+000, 2.557208977370e-005, 1.738091370112e-002, -4.773571960016e-007, 3.355584381142e-003, -3.509841366951e-006, 1.367650044124e-006, 5.327349202420e+000, 2.557208977370e-005
OP1, 1, 38, 1, Ar40, 38.5500, 76.7439147, 1.736921133649e-002, 0.000000000000e+000, -1.125702011361e-005, 0.000000000000e+000, 3.354460764416e-003, 0.000000000000e+000, -3.495671881219e-006, 5.248777289552e-006, 5.321864567967e+000, 2.157030512418e-005, 1.736921133649e-002, -1.125702011361e-005, 3.354460764416e-003, -3.495671881219e-006, 5.248777289552e-006, 5.321864567967e+000, 2.157030512418e-005
OP1, 1, 39, 1, Ar40, 38.5500, 78.7557213, 1.734303958234e-002, 0.000000000000e+000, 3.624008007575e-006, 0.000000000000e+000, 3.344913253240e-003, 0.000000000000e+000, -6.631335637769e-006, 6.297896205913e-007, 5.315364916916e+000, 3.003522166942e-005, 1.734303958234e-002, 3.624008007575e-006, 3.344913253240e-003, -6.631335637769e-006, 6.297896205913e-007, 5.315364916916e+000, 3.003522166942e-005
OP1, 1, 40, 1, Ar40, 38.5500, 80.7658764, 1.732415121654e-002, 0.000000000000e+000, 2.901307886000e-006, 0.000000000000e+000, 3.333874443839e-003, 5.000000000000e-001, 1.759293261328e-006, 2.771771961793e-006, 5.308980207721e+000, 2.074114379588e-005, 1.732415121654e-002, 2.901307886000e-006, 3.333874443839e-003, 1.759293261328e-006, 2.771771961793e-006, 5.308980207721e+000, 2.074114379588e-005
OP1, 1, 41, 1, Ar40, 38.5500, 82.7768914, 1.727815516681e-002, 0.000000000000e+000, 4.495304476628e-006, 0.000000000000e+000, 3.341257767647e-003, 0.000000000000e+000, -9.634974431285e-006, -6.699115918794e-007, 5.303671208905e+000, 2.865803551176e-005, 1.727815516681e-002, 4.495304476628e-006, 3.341257767647e-003, -9.634974431285e-006, -6.699115918794e-007, 5.303671208905e+000, 2.865803551176e-005
OP1, 1, 42, 1, Ar40, 38.5500, 84.7868914, 1.726908596443e-002, 0.000000000000e+000, -5.859794349628e-007, 0.000000000000e+000, 3.327012845557e-003, 0.000000000000e+000, 1.318877651865e-006, -1.990547582649e-008, 5.297998785104e+000, 2.382056277589e-005, 1.726908596443e-002, -5.859794349628e-007, 3.327012845557e-003, 1.318877651865e-006, -1.990547582649e-008, 5.297998785104e+000, 2.382056277589e-005
OP1, 1, 43, 1, Ar40, 38.5500, 86.7983952, 1.724763442345e-002, 0.000000000000e+000, 7.867450642231e-007, 0.000000000000e+000, 3.337383544939e-003, 0.000000000000e+000, -5.996642188893e-006, 9.820844943020e-007, 5.292256457456e+000, 2.196790855426e-005, 1.724763442345e-002, 7.867450642231e-007, 3.337383544939e-003, -5.996642188893e-006, 9.820844943020e-007, 5.292256457456e+000, 2.196790855426e-005
OP1, 1, 44, 1, Ar40, 38.5500, 88.8099153, 1.723962877894e-002, 0.000000000000e+000, 3.685692693708e-006, 0.000000000000e+000, 3.330859776505e-003, 0.000000000000e+000, -2.993845180621e-006, 4.824958458937e-006, 5.286666574843e+000, 2.942396475347e-005, 1.723962877894e-002, 3.685692693708e-006, 3.330859776505e-003, -2.993845180621e-006, 4.824958458937e-006, 5.286666574843e+000, 2.942396475347e-005
OP1, 1, 45, 1, Ar40, 38.5500, 90.8202788, 1.721354162927e-002, 0.000000000000e+000, 5.144708167593e-006, 0.000000000000e+000, 3.318913415884e-003, 0.000000000000e+000, -5.149470891016e-006, -6.751143115620e-008, 5.281315798843e+000, 3.051237389845e-005, 1.721354162927e-002, 5.144708167593e-006, 3.318913415884e-003, -5.149470891016e-006, -6.751143115620e-008, 5.281315798843e+000, 3.051237389845e-005
OP1, 1, 46, 1, Ar40, 38.5500, 92.8310168, 1.720288286610e-002, 0.000000000000e+000, 2.709759792265e-006, 0.000000000000e+000, 3.341443760012e-003, 0.000000000000e+000, 5.224448423223e-007, -5.995465688733e-007, 5.275734923754e+000, 2.589875669566e-005, 1.720288286610e-002, 2.709759792265e-006, 3.341443760012e-003, 5.224448423223e-007, -5.995465688733e-007, 5.275734923754e+000, 2.589875669566e-005
OP1, 1, 47, 1, Ar40, 38.5500, 94.8411739, 1.716347626161e-002, 0.000000000000e+000, -4.203055115729e-006, 0.000000000000e+000, 3.313033715844e-003, 0.000000000000e+000, 2.821681799306e-007, -1.094545369742e-006, 5.270064753137e+000, 1.947801826788e-005, 1.716347626161e-002, -4.203055115729e-006, 3.313033715844e-003, 2.821681799306e-007, -1.094545369742e-006, 5.270064753137e+000, 1.947801826788e-005
OP1, 1, 48, 1, Ar40, 38.5500, 96.8521293, 1.712888683015e-002, 0.000000000000e+000, 1.961387029810e-006, 0.000000000000e+000, 3.297469514420e-003, 0.000000000000e+000, -8.385403171008e-006, -4.945574231394e-006, 5.263501887282e+000, 2.104742844265e-005, 1.712888683015e-002, 1.961387029810e-006, 3.297469514420e-003, -8.385403171008e-006, -4.945574231394e-006, 5.263501887282e+000, 2.104742844265e-005
OP1, 1, 49, 1, Ar40, 38.5500, 98.8622624, 1.712462243163e-002, 0.000000000000e+000, -6.906708758244e-007, 0.000000000000e+000, 3.315113254295e-003, 5.000000000000e-001, 2.497443495583e-007, 7.872775911890e-006, 5.259149161928e+000, 2.348090900632e-005, 1.712462243163e-002, -6.906708758244e-007, 3.315113254295e-003, 2.497443495583e-007, 7.872775911890e-006, 5.259149161928e+000, 2.348090900632e-005
OP1, 1, 50, 1, Ar40, 38.5500, 100.8730456, 1.713060772043e-002, 0.000000000000e+000, -4.772232795806e-007, 0.000000000000e+000, 3.299221595008e-003, 0.000000000000e+000, -8.842505531131e-007, -2.503035750286e-006, 5.252772826748e+000, 2.326427680537e-005, 1.713060772043e-002, -4.772232795806e-007, 3.299221595008e-003, -8.842505531131e-007, -2.503035750286e-006, 5.252772826748e+000, 2.326427680537e-005
OP1, 1, 51, 1, Ar40, 38.5500, 102.8838316, 1.709419966135e-002, 0.000000000000e+000, -3.626679080171e-006, 0.000000000000e+000, 3.304590880731e-003, 0.000000000000e+000, 4.941122872935e-006, 1.026084879886e-005, 5.246895626166e+000, 2.024392133734e-005, 1.709419966135e-002, -3.626679080171e-006, 3.304590880731e-003, 4.941122872935e-006, 1.026084879886e-005, 5.246895626166e+000, 2.024392133734e-005
OP1, 1, 52, 1, Ar40, 38.5500, 104.8946634, 1.708655543137e-002, 0.000000000000e+000, -5.961155310586e-006, 0.000000000000e+000, 3.294303493833e-003, 0.000000000000e+000, -1.462127638985e-007, 1.513272120490e-006, 5.241896795674e+000, 2.633408998669e-005, 1.708655543137e-002, -5.961155310586e-006, 3.294303493833e-003, -1.462127638985e-007, 1.513272120490e-006, 5.241896795674e+000, 2.633408998669e-005
OP1, 1, 53, 1, Ar40, 38.5500, 106.9049621, 1.704282904370e-002, 0.000000000000e+000, 6.126119278390e-009, 0.000000000000e+000, 3.290808707032e-003, 0.000000000000e+000, -2.150359632751e-006, 2.639290531367e-006, 5.235310131163e+000, 2.320208858969e-005, 1.704282904370e-002, 6.126119278390e-009, 3.290808707032e-003, -2.150359632751e-006, 2.639290531367e-006, 5.235310131163e+000, 2.320208858969e-005
OP1, 1, 54, 1, Ar40, 38.5500, 108.9158433, 1.706579096975e-002, 0.000000000000e+000, 6.108328299501e-006, 0.000000000000e+000, 3.293188126049e-003, 0.000000000000e+000, -2.336920075463e-006, 3.968192065341e-006, 5.230727750074e+000, 1.926665621490e-005, 1.706579096975e-002, 6.108328299501e-006, 3.293188126049e-003, -2.336920075463e-006, 3.968192065341e-006, 5.230727750074e+000, 1.926665621490e-005
OP1, 1, 55, 1, Ar40, 38.5500, 110.9258898, 1.701147750729e-002, 0.000000000000e+000, -3.089488112078e-006, 0.000000000000e+000, 3.277929893463e-003, 0.000000000000e+000, -3.687112107452e-006, 3.905438925976e-006, 5.225112623927e+000, 2.429129818679e-005, 1.701147750729e-002, -3.089488112078e-006, 3.277929893463e-003, -3.687112107452e-006, 3.905438925976e-006, 5.225112623927e+000, 2.429129818679e-005
OP1, 1, 56, 1, Ar40, 38.5500, 112.9369745, 1.699763647055e-002, 0.000000000000e+000, -1.079097671322e-006, 0.000000000000e+000, 3.280349076883e-003, 0.000000000000e+000, -2.575345082357e-006, 2.844043506037e-006, 5.219718497138e+000, 2.559846641442e-005, 1.699763647055e-002, -1.079097671322e-006, 3.280349076883e-003, -2.575345082357e-006, 2.844043506037e-006, 5.219718497138e+000, 2.559846641442e-005
OP1, 1, 57, 1, Ar40, 38.5500, 114.9469745, 1.697438384872e-002, 0.000000000000e+000, 5.269928541304e-006, 0.000000000000e+000, 3.286562202192e-003, 5.000000000000e-001, 5.859637457976e-006, 6.803086077702e-006, 5.213592735747e+000, 2.608930890574e-005, 1.697438384872e-002, 5.269928541304e-006, 3.286562202192e-003, 5.859637457976e-006, 6.803086077702e-006, 5.213592735747e+000, 2.608930890574e-005
OP1, 1, 58, 1, Ar40, 38.5500, 116.9574674, 1.695310345014e-002, 0.000000000000e+000, -3.716528674163e-006, 0.000000000000e+000, 3.277183227470e-003, 5.000000000000e-001, -4.692393385175e-006, -1.561913440311e-006, 5.208009998671e+000, 2.660873542470e-005, 1.695310345014e-002, -3.716528674163e-006, 3.277183227470e-003, -4.692393385175e-006, -1.561913440311e-006, 5.208009998671e+000, 2.660873542470e-005
OP1, 1, 59, 1, Ar40, 38.5500, 118.9679254, 1.694232422449e-002, 0.000000000000e+000, -6.690021889326e-007, 0.000000000000e+000, 3.269558461348e-003, 0.000000000000e+000, -6.350318525152e-006, 3.405810888979e-006, 5.202538956970e+000, 2.732714539501e-005, 1.694232422449e-002, -6.690021889326e-007, 3.269558461348e-003, -6.350318525152e-006, 3.405810888979e-006, 5.202538956970e+000, 2.732714539501e-005
OP1, 1, 60, 1, Ar40, 38.5500, 120.9789620, 1.693601360172e-002, 0.000000000000e+000, 1.251199517573e-007, 0.000000000000e+000, 3.273475176739e-003, 0.000000000000e+000, 3.257701726066e-006, -1.461693048201e-006, 5.197516481249e+000, 2.444763883488e-005, 1.693601360172e-002, 1.251199517573e-007, 3.273475176739e-003, 3.257701726066e-006, -1.461693048201e-006, 5.197516481249e+000, 2.444763883488e-005
OP1, 1, 61, 1, Ar40, 38.5500, 122.9895781, 1.691229645581e-002, 0.000000000000e+000, 8.353913803303e-006, 0.000000000000e+000, 3.268205047709e-003, 0.000000000000e+000, -3.043203556298e-006, 2.449239512003e-006, 5.192548952456e+000, 2.193978507797e-005, 1.691229645581e-002, 8.353913803303e-006, 3.268205047709e-003, -3.043203556298e-006, 2.449239512003e-006, 5.192548952456e+000, 2.193978507797e-005
OP1, 1, 62, 1, Ar40, 38.5500, 125.0002375, 1.687698498113e-002, 0.000000000000e+000, -5.723914668918e-006, 0.000000000000e+000, 3.258130558515e-003, 0.000000000000e+000, 4.033583390557e-006, -2.897051185875e-006, 5.186027102053e+000, 2.227673375489e-005, 1.687698498113e-002, -5.723914668918e-006, 3.258130558515e-003, 4.033583390557e-006, -2.897051185875e-006, 5.186027102053e+000, 2.227673375489e-005
OP1, 1, 63, 1, Ar40, 38.5500, 127.0102375, 1.683381817749e-002, 0.000000000000e+000, 3.375715362176e-006, 0.000000000000e+000, 3.242383928991e-003, 0.000000000000e+000, -7.646961825924e-006, -6.833101856052e-006, 5.180028679200e+000, 1.950003260862e-005, 1.683381817749e-002, 3.375715362176e-006, 3.242383928991e-003, -7.646961825924e-006, -6.833101856052e-006, 5.180028679200e+000, 1.950003260862e-005
OP1, 1, 64, 1, Ar40, 38.5500, 129.0211299, 1.686830797711e-002, 0.000000000000e+000, 3.392735514142e-006, 0.000000000000e+000, 3.251003217245e-003, 0.000000000000e+000, -7.295775418181e-007, 1.809139826980e-006, 5.175092117448e+000, 2.211160220499e-005, 1.686830797711e-002, 3.392735514142e-006, 3.251003217245e-003, -7.295775418181e-007, 1.809139826980e-006, 5.175092117448e+000, 2.211160220499e-005
OP1, 1, 65, 1, Ar40, 38.5500, 131.0311299, 1.683024695573e-002, 0.000000000000e+000, -8.654940695869e-006, 0.000000000000e+000, 3.251294048828e-003, 0.000000000000e+000, -1.549141810963e-006, -5.575463896857e-007, 5.169662321422e+000, 2.435499668108e-005, 1.683024695573e-002, -8.654940695869e-006, 3.251294048828e-003, -1.549141810963e-006, -5.575463896857e-007, 5.169662321422e+000, 2.435499668108e-005
OP1, 1, 66, 1, Ar40, 38.5500, 133.0424699, 1.681236208062e-002, 0.000000000000e+000, 7.154921256810e-006, 0.000000000000e+000, 3.247795822665e-003, 0.000000000000e+000, -6.569903494577e-006, 7.346385656955e-006, 5.163838011131e+000, 2.661198819969e-005, 1.681236208062e-002, 7.154921256810e-006, 3.247795822665e-003, -6.569903494577e-006, 7.346385656955e-006, 5.163838011131e+000, 2.661198819969e-005
OP1, 1, 67, 1, Ar40, 38.5500, 135.0524699, 1.679928755969e-002, 0.000000000000e+000, 2.137920141994e-007, 0.000000000000e+000, 3.228826263847e-003, 0.000000000000e+000, 6.095161346481e-006, 2.052526758694e-006, 5.159388862861e+000, 3.036122224815e-005, 1.679928755969e-002, 2.137920141994e-007, 3.228826263847e-003, 6.095161346481e-006, 2.052526758694e-006, 5.159388862861e+000, 3.036122224815e-005
OP1, 1, 68, 1, Ar40, 38.5500, 137.0632962, 1.677051195112e-002, 0.000000000000e+000, -1.009985177013e-006, 0.000000000000e+000, 3.238307427163e-003, 5.000000000000e-001, -1.275395385354e-006, 8.778716320471e-006, 5.153485517211e+000, 3.136512451161e-005, 1.677051195112e-002, -1.009985177013e-006, 3.238307427163e-003, -1.275395385354e-006, 8.778716320471e-006, 5.153485517211e+000, 3.136512451161e-005
OP1, 1, 69, 1, Ar40, 38.5500, 139.0747850, 1.677714274907e-002, 0.000000000000e+000, 2.080141620029e-006, 5.000000000000e-001, 3.230109818398e-003, 0.000000000000e+000, -1.286363219308e-006, -2.683460357658e-006, 5.148746074068e+000, 1.764666163457e-005, 1.677714274907e-002, 2.080141620029e-006, 3.230109818398e-003, -1.286363219308e-006, -2.683460357658e-006, 5.148746074068e+000, 1.764666163457e-005
OP1, 1, 70, 1, Ar40, 38.5500, 141.0848626, 1.673221677962e-002, 0.000000000000e+000, -1.474617600707e-006, 0.000000000000e+000, 3.215443892802e-003, 0.000000000000e+000, -4.533382718305e-006, 3.211495642480e-006, 5.143289438399e+000, 2.876202646476e-005, 1.673221677962e-002, -1.474617600707e-006, 3.215443892802e-003, -4.533382718305e-006, 3.211495642480e-006, 5.143289438399e+000, 2.876202646476e-005
OP1, 1, 71, 1, Ar40, 38.5500, 143.0952589, 1.670175326209e-002, 0.000000000000e+000, -2.062902140364e-006, 0.000000000000e+000, 3.227006221059e-003, 0.000000000000e+000, -1.065675679655e-005, 5.386251216538e-006, 5.137775297069e+000, 2.361364863433e-005, 1.670175326209e-002, -2.062902140364e-006, 3.227006221059e-003, -1.065675679655e-005, 5.386251216538e-006, 5.137775297069e+000, 2.361364863433e-005
OP1, 1, 72, 1, Ar40, 38.5500, 145.1064766, 1.667339175558e-002, 0.000000000000e+000, 2.444281196558e-006, 0.000000000000e+000, 3.219199647985e-003, 0.000000000000e+000, 6.246416700056e-006, 4.343457055675e-006, 5.132015187239e+000, 2.641619686209e-005, 1.667339175558e-002, 2.444281196558e-006, 3.219199647985e-003, 6.246416700056e-006, 4.343457055675e-006, 5.132015187239e+000, 2.641619686209e-005
OP1, 1, 73, 1, Ar40, 38.5500, 147.1164766, 1.666980603097e-002, 0.000000000000e+000, 1.466858711304e-006, 0.000000000000e+000, 3.208614902791e-003, 5.000000000000e-001, -2.924515531171e-006, -4.023839025018e-006, 5.126426836018e+000, 1.503834886005e-005, 1.666980603097e-002, 1.466858711304e-006, 3.208614902791e-003, -2.924515531171e-006, -4.023839025018e-006, 5.126426836018e+000, 1.503834886005e-005
OP1, 1, 74, 1, Ar40, 38.5500, 149.1274564, 1.662989123443e-002, 0.000000000000e+000, -1.562728635225e-006, 0.000000000000e+000, 3.211485576988e-003, 0.000000000000e+000, 6.349590384020e-006, -5.863709383391e-007, 5.120799580053e+000, 2.332270680387e-005, 1.662989123443e-002, -1.562728635225e-006, 3.211485576988e-003, 6.349590384020e-006, -5.863709383391e-007, 5.120799580053e+000, 2.332270680387e-005
OP1, 1, 75, 1, Ar40, 38.5500, 151.1374596, 1.662872522367e-002, 0.000000000000e+000, -8.604890667681e-006, 0.000000000000e+000, 3.219754606308e-003, 5.000000000000e-001, 2.908942893375e-006, -1.013428000317e-006, 5.115977548785e+000, 2.532798859087e-005, 1.662872522367e-002, -8.604890667681e-006, 3.219754606308e-003, 2.908942893375e-006, -1.013428000317e-006, 5.115977548785e+000, 2.532798859087e-005
OP1, 1, 76, 1, Ar40, 38.5500, 153.1480449, 1.661683315631e-002, 0.000000000000e+000, -5.372985752988e-006, 0.000000000000e+000, 3.202655859332e-003, 0.000000000000e+000, 2.794576147483e-006, -2.044382305332e-006, 5.110264676427e+000, 2.651573083086e-005, 1.661683315631e-002, -5.372985752988e-006, 3.202655859332e-003, 2.794576147483e-006, -2.044382305332e-006, 5.110264676427e+000, 2.651573083086e-005
OP1, 1, 77, 1, Ar40, 38.5500, 155.1588711, 1.661572694270e-002, 0.000000000000e+000, -1.878755169025e-006, 0.000000000000e+000, 3.204707351930e-003, 0.000000000000e+000, 2.693518154935e-006, 5.794031675648e-007, 5.104740356638e+000, 2.884788537362e-005, 1.661572694270e-002, -1.878755169025e-006, 3.204707351930e-003, 2.693518154935e-006, 5.794031675648e-007, 5.104740356638e+000, 2.884788537362e-005
OP1, 1, 78, 1, Ar40, 38.5500, 157.1689416, 1.656874797601e-002, 0.000000000000e+000, 4.734515387560e-006, 0.000000000000e+000, 3.200382579268e-003, 5.000000000000e-001, -1.079888062829e-006, 5.032306574555e-006, 5.100184062925e+000, 2.436059528712e-005, 1.656874797601e-002, 4.734515387560e-006, 3.200382579268e-003, -1.079888062829e-006, 5.032306574555e-006, 5.100184062925e+000, 2.436059528712e-005
OP1, 1, 79, 1, Ar40, 38.5500, 159.1798125, 1.656789764420e-002, 0.000000000000e+000, 7.759092411832e-006, 0.000000000000e+000, 3.201301112377e-003, 5.000000000000e-001, -3.189622028131e-006, 8.683116342136e-007, 5.094199044271e+000, 2.168164472603e-005, 1.656789764420e-002, 7.759092411832e-006, 3.201301112377e-003, -3.189622028131e-006, 8.683116342136e-007, 5.094199044271e+000, 2.168164472603e-005
OP1, 1, 80, 1, Ar40, 38.5500, 161.1909171, 1.653195512507e-002, 0.000000000000e+000, 1.231794714775e-007, 0.000000000000e+000, 3.176061064462e-003, 0.000000000000e+000, -6.188112331821e-006, 4.137223474127e-006, 5.089191251464e+000, 1.487755639062e-005, 1.653195512507e-002, 1.231794714775e-007, 3.176061064462e-003, -6.188112331821e-006, 4.137223474127e-006, 5.089191251464e+000, 1.487755639062e-005
OP1, 1, 81, 1, Ar40, 38.5500, 163.2009241, 1.653732963694e-002, 0.000000000000e+000, -5.743929356064e-006, 0.000000000000e+000, 3.190850929178e-003, 0.000000000000e+000, -7.754332505436e-006, -2.317114556725e-006, 5.083002675741e+000, 2.632406160255e-005, 1.653732963694e-002, -5.743929356064e-006, 3.190850929178e-003, -7.754332505436e-006, -2.317114556725e-006, 5.083002675741e+000, 2.632406160255e-005
OP1, 1, 82, 1, Ar40, 38.5500, 165.2119906, 1.648771433178e-002, 0.000000000000e+000, 9.718029386465e-006, 0.000000000000e+000, 3.197792420919e-003, 0.000000000000e+000, -2.469794379045e-006, -2.936905172003e-007, 5.078073790689e+000, 2.154882469183e-005, 1.648771433178e-002, 9.718029386465e-006, 3.197792420919e-003, -2.469794379045e-006, -2.936905172003e-007, 5.078073790689e+000, 2.154882469183e-005
OP1, 1, 83, 1, Ar40, 38.5500, 167.2228785, 1.649439192743e-002, 0.000000000000e+000, 1.522384500650e-006, 0.000000000000e+000, 3.184643000419e-003, 0.000000000000e+000, -3.569750547967e-006, 1.079599285384e-006, 5.072565478866e+000, 1.959685495974e-005, 1.649439192743e-002, 1.522384500650e-006, 3.184643000419e-003, -3.569750547967e-006, 1.079599285384e-006, 5.072565478866e+000, 1.959685495974e-005
OP1, 1, 84, 1, Ar40, 38.5500, 169.2334974, 1.647168844337e-002, 0.000000000000e+000, -5.434518700276e-006, 0.000000000000e+000, 3.172344915762e-003, 0.000000000000e+000, -6.147924631362e-006, 1.545425746107e-007, 5.066895266209e+000, 2.350500415933e-005, 1.647168844337e-002, -5.434518700276e-006, 3.172344915762e-003, -6.147924631362e-006, 1.545425746107e-007, 5.066895266209e+000, 2.350500415933e-005
OP1, 1, 85, 1, Ar40, 38.5500, 171.2458186, 1.642926839323e-002, 0.000000000000e+000, 4.259263906634e-006, 0.000000000000e+000, 3.174777519573e-003, 0.000000000000e+000, 3.840104371350e-006, 1.132570887537e-005, 5.062548368418e+000, 2.411310922659e-005, 1.642926839323e-002, 4.259263906634e-006, 3.174777519573e-003, 3.840104371350e-006, 1.132570887537e-005, 5.062548368418e+000, 2.411310922659e-005
OP1, 1, 86, 1, Ar40, 38.5500, 173.2578814, 1.642502114274e-002, 0.000000000000e+000, -2.562583376781e-006, 5.000000000000e-001, 3.166591639780e-003, 0.000000000000e+000, -5.115616885702e-006, -3.606391301792e-006, 5.056266685519e+000, 2.462930696710e-005, 1.642502114274e-002, -2.562583376781e-006, 3.166591639780e-003, -5.115616885702e-006, -3.606391301792e-006, 5.056266685519e+000, 2.462930696710e-005
OP1, 1, 87, 1, Ar40, 38.5500, 175.2698168, 1.644041660681e-002, 0.000000000000e+000, -2.260747753896e-006, 0.000000000000e+000, 3.159588910484e-003, 0.000000000000e+000, 4.743445829607e-007, 2.642605480405e-007, 5.052044772310e+000, 2.184147417395e-005, 1.644041660681e-002, -2.260747753896e-006, 3.159588910484e-003, 4.743445829607e-007, 2.642605480405e-007, 5.052044772310e+000, 2.184147417395e-005
OP1, 1, 88, 1, Ar40, 38.5500, 177.2798168, 1.640463932826e-002, 0.000000000000e+000, 2.030573532647e-006, 0.000000000000e+000, 3.166483916417e-003, 0.000000000000e+000, -5.505530646217e-006, -5.748832063173e-006, 5.046478697077e+000, 2.536338807269e-005, 1.640463932826e-002, 2.030573532647e-006, 3.166483916417e-003, -5.505530646217e-006, -5.748832063173e-006, 5.046478697077e+000, 2.536338807269e-005
OP1, 1, 89, 1, Ar40, 38.5500, 179.2903587, 1.639051689630e-002, 0.000000000000e+000, 7.948377569983e-007, 0.000000000000e+000, 3.170816503859e-003, 0.000000000000e+000, -7.140354870946e-007, 4.794847883667e-006, 5.040921801384e+000, 2.300055446549e-005, 1.639051689630e-002, 7.948377569983e-007, 3.170816503859e-003, -7.140354870946e-007, 4.794847883667e-006, 5.040921801384e+000, 2.300055446549e-005
OP1, 1, 90, 1, Ar40, 38.5500, 181.3014901, 1.636562367601e-002, 0.000000000000e+000, -3.503225777071e-006, 0.000000000000e+000, 3.154902552629e-003, 0.000000000000e+000, 2.010905028381e-007, -3.894611125339e-006, 5.035927773437e+000, 2.374896862612e-005, 1.636562367601e-002, -3.503225777071e-006, 3.154902552629e-003, 2.010905028381e-007, -3.894611125339e-006, 5.035927773437e+000, 2.374896862612e-005
OP1, 1, 91, 1, Ar40, 38.5500, 183.3118506, 1.635563735039e-002, 0.000000000000e+000, -2.183666734434e-006, 0.000000000000e+000, 3.155499284285e-003, 0.000000000000e+000, -1.537765524248e-006, -4.550898183377e-007, 5.030719513701e+000, 2.352783443402e-005, 1.635563735039e-002, -2.183666734434e-006, 3.155499284285e-003, -1.537765524248e-006, -4.550898183377e-007, 5.030719513701e+000, 2.352783443402e-005
OP1, 1, 92, 1, Ar40, 38.5500, 185.3218506, 1.630712320874e-002, 0.000000000000e+000, -4.115685730840e-007, 0.000000000000e+000, 3.148680567120e-003, 0.000000000000e+000, -3.287599876950e-006, 2.340668128990e-007, 5.025504214569e+000, 1.981583097488e-005, 1.630712320874e-002, -4.115685730840e-007, 3.148680567120e-003, -3.287599876950e-006, 2.340668128990e-007, 5.025504214569e+000, 1.981583097488e-005
OP1, 1, 93, 1, Ar40, 38.5500, 187.3323757, 1.629081351039e-002, 0.000000000000e+000, -6.083884086552e-006, 0.000000000000e+000, 3.146449135420e-003, 0.000000000000e+000, -9.714750984492e-006, 2.355664969707e-006, 5.019805500940e+000, 2.259296769187e-005, 1.629081351039e-002, -6.083884086552e-006, 3.146449135420e-003, -9.714750984492e-006, 2.355664969707e-006, 5.019805500940e+000, 2.259296769187e-005
OP1, 1, 94, 1, Ar40, 38.5500, 189.3427860, 1.628726370347e-002, 0.000000000000e+000, 9.835761570937e-008, 0.000000000000e+000, 3.146827386062e-003, 0.000000000000e+000, -1.220290357252e-006, 5.412560788025e-006, 5.014003438371e+000, 2.615284697148e-005, 1.628726370347e-002, 9.835761570937e-008, 3.146827386062e-003, -1.220290357252e-006, 5.412560788025e-006, 5.014003438371e+000, 2.615284697148e-005
OP1, 1, 95, 1, Ar40, 38.5500, 191.3540050, 1.623990828220e-002, 0.000000000000e+000, 3.120536750409e-006, 0.000000000000e+000, 3.147063043219e-003, 0.000000000000e+000, -3.228068409467e-006, -1.628144662690e-006, 5.008838083791e+000, 2.930366179137e-005, 1.623990828220e-002, 3.120536750409e-006, 3.147063043219e-003, -3.228068409467e-006, -1.628144662690e-006, 5.008838083791e+000, 2.930366179137e-005
OP1, 1, 96, 1, Ar40, 38.5500, 193.3643989, 1.624928515701e-002, 0.000000000000e+000, 1.102122544083e-006, 0.000000000000e+000, 3.144420391841e-003, 0.000000000000e+000, -2.777436589637e-006, -5.168084037511e-006, 5.003659637201e+000, 2.441501834588e-005, 1.624928515701e-002, 1.102122544083e-006, 3.144420391841e-003, -2.777436589637e-006, -5.168084037511e-006, 5.003659637201e+000, 2.441501834588e-005
OP1, 1, 97, 1, Ar40, 38.5500, 195.3748751, 1.621718339297e-002, 0.000000000000e+000, 3.314945728945e-006, 0.000000000000e+000, 3.123371537341e-003, 0.000000000000e+000, -6.841137366623e-006, 1.895869422662e-006, 4.999436652944e+000, 2.432005508196e-005, 1.621718339297e-002, 3.314945728945e-006, 3.123371537341e-003, -6.841137366623e-006, 1.895869422662e-006, 4.999436652944e+000, 2.432005508196e-005
OP1, 1, 98, 1, Ar40, 38.5500, 197.3857314, 1.623830205412e-002, 0.000000000000e+000, -5.777367418909e-006, 0.000000000000e+000, 3.128906621454e-003, 0.000000000000e+000, 5.679306035171e-008, 5.559956204026e-007, 4.994397588717e+000, 2.292405278517e-005, 1.623830205412e-002, -5.777367418909e-006, 3.128906621454e-003, 5.679306035171e-008, 5.559956204026e-007, 4.994397588717e+000, 2.292405278517e-005
OP1, 1, 99, 1, Ar40, 38.5500, 199.3958977, 1.621447464179e-002, 0.000000000000e+000, 7.405175143774e-006, 0.000000000000e+000, 3.118293901015e-003, 0.000000000000e+000, 3.399920724574e-007, 3.742613768026e-006, 4.988868075533e+000, 2.433473434549e-005, 1.621447464179e-002, 7.405175143774e-006, 3.118293901015e-003, 3.399920724574e-007, 3.742613768026e-006, 4.988868075533e+000, 2.433473434549e-005
OP1, 1, 100, 1, Ar40, 38.5500, 201.4068499, 1.617267650826e-002, 0.000000000000e+000, -1.435458053173e-007, 0.000000000000e+000, 3.122145697340e-003, 5.000000000000e-001, -7.087226625297e-007, -2.201797544015e-006, 4.984169304362e+000, 1.440264593443e-005, 1.617267650826e-002, -1.435458053173e-007, 3.122145697340e-003, -7.087226625297e-007, -2.201797544015e-006, 4.984169304362e+000, 1.440264593443e-005
OP1, 1, 101, 1, Ar40, 38.5500, 203.4181802, 1.615780239699e-002, 0.000000000000e+000, 7.541929576189e-006, 0.000000000000e+000, 3.108741936893e-003, 0.000000000000e+000, -3.606027513887e-006, 8.540388448663e-006, 4.978925063660e+000, 2.689620590488e-005, 1.615780239699e-002, 7.541929576189e-006, 3.108741936893e-003, -3.606027513887e-006, 8.540388448663e-006, 4.978925063660e+000, 2.689620590488e-005
OP1, 1, 102, 1, Ar40, 38.5500, 205.4282708, 1.614973789137e-002, 0.000000000000e+000, 3.177602890264e-006, 0.000000000000e+000, 3.118373752393e-003, 0.000000000000e+000, -8.279435741135e-006, -2.690456484656e-006, 4.973510680513e+000, 1.699658912397e-005, 1.614973789137e-002, 3.177602890264e-006, 3.118373752393e-003, -8.279435741135e-006, -2.690456484656e-006, 4.973510680513e+000, 1.699658912397e-005
OP1, 1, 103, 1, Ar40, 38.5500, 207.4384146, 1.611784002098e-002, 0.000000000000e+000, -2.488505351498e-006, 0.000000000000e+000, 3.108443067475e-003, 0.000000000000e+000, 1.952916486637e-006, 8.638864859489e-006, 4.967982227041e+000, 2.727877890714e-005, 1.611784002098e-002, -2.488505351498e-006, 3.108443067475e-003, 1.952916486637e-006, 8.638864859489e-006, 4.967982227041e+000, 2.727877890714e-005
OP1, 1, 104, 1, Ar40, 38.5500, 209.4493766, 1.609783885677e-002, 0.000000000000e+000, -2.288593931765e-006, 0.000000000000e+000, 3.111543861591e-003, 0.000000000000e+000, -4.732294976558e-006, -2.036440475338e-006, 4.962443162475e+000, 2.678600632892e-005, 1.609783885677e-002, -2.288593931765e-006, 3.111543861591e-003, -4.732294976558e-006, -2.036440475338e-006, 4.962443162475e+000, 2.678600632892e-005
OP1, 1, 105, 1, Ar40, 38.5500, 211.4604167, 1.609305387609e-002, 0.000000000000e+000, 4.667100577670e-006, 0.000000000000e+000, 3.109512387485e-003, 0.000000000000e+000, 6.954101045181e-006, 2.956768987088e-006, 4.957873224007e+000, 2.363713029327e-005, 1.609305387609e-002, 4.667100577670e-006, 3.109512387485e-003, 6.954101045181e-006, 2.956768987088e-006, 4.957873224007e+000, 2.363713029327e-005
OP1, 1, 106, 1, Ar40, 38.5500, 213.4708699, 1.605805319603e-002, 0.000000000000e+000, -9.195264059867e-006, 0.000000000000e+000, 3.089157505658e-003, 0.000000000000e+000, -2.567632510371e-006, -4.749787875795e-007, 4.952829172658e+000, 1.753228668531e-005, 1.605805319603e-002, -9.195264059867e-006, 3.089157505658e-003, -2.567632510371e-006, -4.749787875795e-007, 4.952829172658e+000, 1.753228668531e-005
OP1, 1, 107, 1, Ar40, 38.5500, 215.4815229, 1.604484497882e-002, 0.000000000000e+000, 2.519354783309e-006, 0.000000000000e+000, 3.096295982603e-003, 0.000000000000e+000, -4.553351323332e-006, -2.355665828365e-007, 4.947870518213e+000, 2.972042938410e-005, 1.604484497882e-002, 2.519354783309e-006, 3.096295982603e-003, -4.553351323332e-006, -2.355665828365e-007, 4.947870518213e+000, 2.972042938410e-005
OP1, 1, 108, 1, Ar40, 38.5500, 217.4915229, 1.602231989815e-002, 0.000000000000e+000, 1.677759979906e-006, 0.000000000000e+000, 3.099840838795e-003, 0.000000000000e+000, -1.209019538873e-006, -3.966641700990e-006, 4.942719498563e+000, 2.771606259648e-005, 1.602231989815e-002, 1.677759979906e-006, 3.099840838795e-003, -1.209019538873e-006, -3.966641700990e-006, 4.942719498563e+000, 2.771606259648e-005
OP1, 1, 109, 1, Ar40, 38.5500, 219.5018316, 1.601652377375e-002, 0.000000000000e+000, -2.678032442031e-006, 0.000000000000e+000, 3.079343843272e-003, 5.000000000000e-001, -2.092067081927e-006, 7.382534925624e-007, 4.937163494472e+000, 1.885563196695e-005, 1.601652377375e-002, -2.678032442031e-006, 3.079343843272e-003, -2.092067081927e-006, 7.382534925624e-007, 4.937163494472e+000, 1.885563196695e-005
OP1, 1, 110, 1, Ar40, 38.5500, 221.5128832, 1.597501845690e-002, 0.000000000000e+000, -4.953072018382e-006, 0.000000000000e+000, 3.099345293193e-003, 5.000000000000e-001, -5.016400168532e-006, 2.049778855959e-006, 4.931474855645e+000, 2.691455250818e-005, 1.597501845690e-002, -4.953072018382e-006, 3.099345293193e-003, -5.016400168532e-006, 2.049778855959e-006, 4.931474855645e+000, 2.691455250818e-005
OP1, 1, 111, 1, Ar40, 38.5500, 223.5232759, 1.596711745744e-002, 0.000000000000e+000, 1.844062441177e-006, 0.000000000000e+000, 3.085442788843e-003, 0.000000000000e+000, -9.813039819308e-006, 1.300654568671e-006, 4.927341431166e+000, 2.210118170122e-005, 1.596711745744e-002, 1.844062441177e-006, 3.085442788843e-003, -9.813039819308e-006, 1.300654568671e-006, 4.927341431166e+000, 2.210118170122e-005
OP1, 1, 112, 1, Ar40, 38.5500, 225.5337131, 1.594399049277e-002, 0.000000000000e+000, -1.898139404833e-007, 5.000000000000e-001, 3.074676930791e-003, 0.000000000000e+000, -9.266727424681e-007, 3.893054936948e-006, 4.922266170789e+000, 2.013906269273e-005, 1.594399049277e-002, -1.898139404833e-007, 3.074676930791e-003, -9.266727424681e-007, 3.893054936948e-006, 4.922266170789e+000, 2.013906269273e-005
OP1, 1, 113, 1, Ar40, 38.5500, 227.5448444, 1.596245697274e-002, 0.000000000000e+000, 3.425457868185e-006, 5.000000000000e-001, 3.072434249621e-003, 0.000000000000e+000, 6.022121218792e-006, -3.133541501097e-006, 4.917393881555e+000, 2.248897581308e-005, 1.596245697274e-002, 3.425457868185e-006, 3.072434249621e-003, 6.022121218792e-006, -3.133541501097e-006, 4.917393881555e+000, 2.248897581308e-005
OP1, 1, 114, 1, Ar40, 38.5500, 229.5560585, 1.592245203902e-002, 0.000000000000e+000, -2.364414081178e-007, 0.000000000000e+000, 3.068438674207e-003, 0.000000000000e+000, -1.410831847679e-006, 1.161273200037e-005, 4.912443291180e+000, 3.023771840060e-005, 1.592245203902e-002, -2.364414081178e-007, 3.068438674207e-003, -1.410831847679e-006, 1.161273200037e-005, 4.912443291180e+000, 3.023771840060e-005
OP1, 1, 115, 1, Ar40, 38.5500, 231.5660585, 1.590507768568e-002, 0.000000000000e+000, -3.967434265600e-006, 0.000000000000e+000, 3.059079644897e-003, 0.000000000000e+000, -6.593737486084e-006, -1.664446602179e-007, 4.906651291907e+000, 1.945589620696e-005, 1.590507768568e-002, -3.967434265600e-006, 3.059079644897e-003, -6.593737486084e-006, -1.664446602179e-007, 4.906651291907e+000, 1.945589620696e-005
OP1, 1, 116, 1, Ar40, 38.5500, 233.5768082, 1.588862826172e-002, 0.000000000000e+000, -5.222973732746e-006, 0.000000000000e+000, 3.079607960503e-003, 0.000000000000e+000, -6.703006368387e-006, 6.489439614320e-006, 4.901653495282e+000, 2.114304229420e-005, 1.588862826172e-002, -5.222973732746e-006, 3.079607960503e-003, -6.703006368387e-006, 6.489439614320e-006, 4.901653495282e+000, 2.114304229420e-005
OP1, 1, 117, 1, Ar40, 38.5500, 235.5878238, 1.585440317847e-002, 0.000000000000e+000, -4.362059304483e-006, 0.000000000000e+000, 3.045828776915e-003, 0.000000000000e+000, 5.832854780705e-006, 1.088186168541e-005, 4.896172680171e+000, 2.691621859433e-005, 1.585440317847e-002, -4.362059304483e-006, 3.045828776915e-003, 5.832854780705e-006, 1.088186168541e-005, 4.896172680171e+000, 2.691621859433e-005
OP1, 1, 118, 1, Ar40, 38.5500, 237.5978238, 1.583451255531e-002, 0.000000000000e+000, 8.236558376051e-008, 0.000000000000e+000, 3.054928712905e-003, 0.000000000000e+000, -1.717037150507e-006, -3.603363957094e-006, 4.891781817772e+000, 2.669667034787e-005, 1.583451255531e-002, 8.236558376051e-008, 3.054928712905e-003, -1.717037150507e-006, -3.603363957094e-006, 4.891781817772e+000, 2.669667034787e-005
OP1, 1, 119, 1, Ar40, 38.5500, 239.6088189, 1.582317148832e-002, 0.000000000000e+000, -1.455461932096e-006, 0.000000000000e+000, 3.054913858231e-003, 0.000000000000e+000, -9.051094279528e-007, 2.552310304862e-006, 4.886172108237e+000, 2.548640292257e-005, 1.582317148832e-002, -1.455461932096e-006, 3.054913858231e-003, -9.051094279528e-007, 2.552310304862e-006, 4.886172108237e+000, 2.548640292257e-005
OP1, 1, 120, 1, Ar40, 38.5500, 241.6195462, 1.581307679152e-002, 0.000000000000e+000, -1.225769353657e-006, 0.000000000000e+000, 3.038465251805e-003, 5.000000000000e-001, -8.475724985944e-007, -1.465371142865e-007, 4.881712072245e+000, 1.629113234622e-005, 1.581307679152e-002, -1.225769353657e-006, 3.038465251805e-003, -8.475724985944e-007, -1.465371142865e-007, 4.881712072245e+000, 1.629113234622e-005
OP1, 1, 121, 1, Ar40, 38.5500, 243.6303312, 1.579087404706e-002, 0.000000000000e+000, -9.130275972839e-007, 0.000000000000e+000, 3.059193153386e-003, 0.000000000000e+000, 1.068515211763e-007, -2.007313098523e-006, 4.876447026224e+000, 2.573207861823e-005, 1.579087404706e-002, -9.130275972839e-007, 3.059193153386e-003, 1.068515211763e-007, -2.007313098523e-006, 4.876447026224e+000, 2.573207861823e-005
OP1, 1, 122, 1, Ar40, 38.5500, 245.6403312, 1.579041999258e-002, 0.000000000000e+000, -3.416376556084e-006, 0.000000000000e+000, 3.046624564682e-003, 0.000000000000e+000, -2.546554325780e-006, 1.931044165106e-006, 4.871650016351e+000, 2.574998795860e-005, 1.579041999258e-002, -3.416376556084e-006, 3.046624564682e-003, -2.546554325780e-006, 1.931044165106e-006, 4.871650016351e+000, 2.574998795860e-005
OP1, 1, 123, 1, Ar40, 38.5500, 247.6508118, 1.576891459903e-002, 0.000000000000e+000, 4.318395977679e-006, 0.000000000000e+000, 3.046508998251e-003, 5.000000000000e-001, 3.724386905279e-007, 5.949915372235e-006, 4.866541626458e+000, 2.018970825866e-005, 1.576891459903e-002, 4.318395977679e-006, 3.046508998251e-003, 3.724386905279e-007, 5.949915372235e-006, 4.866541626458e+000, 2.018970825866e-005
OP1, 1, 124, 1, Ar40, 38.5500, 249.6618440, 1.573215671926e-002, 0.000000000000e+000, -6.788500239785e-006, 0.000000000000e+000, 3.040572406390e-003, 0.000000000000e+000, -2.382114705609e-006, -1.274576245533e-005, 4.862044488454e+000, 2.415378389534e-005, 1.573215671926e-002, -6.788500239785e-006, 3.040572406390e-003, -2.382114705609e-006, -1.274576245533e-005, 4.862044488454e+000, 2.415378389534e-005
OP1, 1, 125, 1, Ar40, 38.5500, 251.6727664, 1.574552531530e-002, 0.000000000000e+000, -2.332026961363e-006, 0.000000000000e+000, 3.035057865638e-003, 0.000000000000e+000, -3.172301824737e-006, 5.976174716377e-006, 4.856410750100e+000, 2.125988875049e-005, 1.574552531530e-002, -2.332026961363e-006, 3.035057865638e-003, -3.172301824737e-006, 5.976174716377e-006, 4.856410750100e+000, 2.125988875049e-005
OP1, 1, 126, 1, Ar40, 38.5500, 253.6828408, 1.571391000424e-002, 0.000000000000e+000, -2.822108148459e-006, 5.000000000000e-001, 3.022419393557e-003, 0.000000000000e+000, 2.947169907086e-006, 2.813692232499e-006, 4.851909127507e+000, 2.078420674546e-005, 1.571391000424e-002, -2.822108148459e-006, 3.022419393557e-003, 2.947169907086e-006, 2.813692232499e-006, 4.851909127507e+000, 2.078420674546e-005
OP1, 1, 127, 1, Ar40, 38.5500, 255.6940016, 1.569114169314e-002, 0.000000000000e+000, -1.895999102681e-006, 0.000000000000e+000, 3.041477304692e-003, 0.000000000000e+000, -1.402787702628e-006, -2.631817050198e-006, 4.846147073287e+000, 2.732223740584e-005, 1.569114169314e-002, -1.895999102681e-006, 3.041477304692e-003, -1.402787702628e-006, -2.631817050198e-006, 4.846147073287e+000, 2.732223740584e-005
OP1, 1, 128, 1, Ar40, 38.5500, 257.7042393, 1.567505266239e-002, 0.000000000000e+000, 7.903182021859e-006, 0.000000000000e+000, 3.024487277163e-003, 0.000000000000e+000, -1.009392409118e-006, 4.091932605629e-006, 4.841558594224e+000, 2.456277540730e-005, 1.567505266239e-002, 7.903182021859e-006, 3.024487277163e-003, -1.009392409118e-006, 4.091932605629e-006, 4.841558594224e+000, 2.456277540730e-005
OP1, 1, 129, 1, Ar40, 38.5500, 259.7148072, 1.567629620835e-002, 0.000000000000e+000, 1.126306789799e-006, 0.000000000000e+000, 3.006777940299e-003, 0.000000000000e+000, -9.337890378650e-007, 6.985356896515e-006, 4.836489151196e+000, 2.985005447197e-005, 1.567629620835e-002, 1.126306789799e-006, 3.006777940299e-003, -9.337890378650e-007, 6.985356896515e-006, 4.836489151196e+000, 2.985005447197e-005
OP1, 1, 130, 1, Ar40, 38.5500, 261.7248205, 1.564075788951e-002, 0.000000000000e+000, 5.761365795425e-006, 0.000000000000e+000, 3.029378337765e-003, 0.000000000000e+000, 7.043428007952e-006, 2.981309166204e-006, 4.831336810139e+000, 1.978646131937e-005, 1.564075788951e-002, 5.761365795425e-006, 3.029378337765e-003, 7.043428007952e-006, 2.981309166204e-006, 4.831336810139e+000, 1.978646131937e-005
OP1, 1, 131, 1, Ar40, 38.5500, 263.7352724, 1.564608837068e-002, 0.000000000000e+000, -3.929825474883e-006, 0.000000000000e+000, 3.015517040843e-003, 0.000000000000e+000, -1.220869360084e-006, 7.218272299713e-006, 4.826866680278e+000, 2.834735953182e-005, 1.564608837068e-002, -3.929825474883e-006, 3.015517040843e-003, -1.220869360084e-006, 7.218272299713e-006, 4.826866680278e+000, 2.834735953182e-005
OP1, 1, 132, 1, Ar40, 38.5500, 265.7468123, 1.560033629927e-002, 0.000000000000e+000, -7.532103507257e-006, 5.000000000000e-001, 3.005535977126e-003, 0.000000000000e+000, 4.694613072864e-006, 3.658024251086e-006, 4.821461452423e+000, 2.607179241670e-005, 1.560033629927e-002, -7.532103507257e-006, 3.005535977126e-003, 4.694613072864e-006, 3.658024251086e-006, 4.821461452423e+000, 2.607179241670e-005
OP1, 1, 133, 1, Ar40, 38.5500, 267.7568441, 1.558582284783e-002, 0.000000000000e+000, -1.397082906318e-006, 0.000000000000e+000, 3.004168493796e-003, 0.000000000000e+000, -5.812293549898e-006, 1.567630535617e-006, 4.816351931651e+000, 1.668972636480e-005, 1.558582284783e-002, -1.397082906318e-006, 3.004168493796e-003, -5.812293549898e-006, 1.567630535617e-006, 4.816351931651e+000, 1.668972636480e-005
OP1, 1, 134, 1, Ar40, 38.5500, 269.7677923, 1.556258321411e-002, 0.000000000000e+000, 1.324053435122e-006, 0.000000000000e+000, 3.009099870830e-003, 0.000000000000e+000, -4.994241812660e-006, 6.614436217789e-006, 4.811453155879e+000, 2.523381619367e-005, 1.556258321411e-002, 1.324053435122e-006, 3.009099870830e-003, -4.994241812660e-006, 6.614436217789e-006, 4.811453155879e+000, 2.523381619367e-005
OP1, 1, 135, 1, Ar40, 38.5500, 271.7777923, 1.558146942784e-002, 0.000000000000e+000, 5.701425536403e-006, 0.000000000000e+000, 3.007029003421e-003, 5.000000000000e-001, -6.143025861145e-006, -4.492342447368e-007, 4.806645071536e+000, 1.945276616174e-005, 1.558146942784e-002, 5.701425536403e-006, 3.007029003421e-003, -6.143025861145e-006, -4.492342447368e-007, 4.806645071536e+000, 1.945276616174e-005
OP1, 1, 136, 1, Ar40, 38.5500, 273.7881227, 1.551065099496e-002, 0.000000000000e+000, 8.622280508928e-006, 0.000000000000e+000, 3.003856352511e-003, 0.000000000000e+000, 2.495114089022e-006, 1.892678545346e-007, 4.801105142096e+000, 2.591034485638e-005, 1.551065099496e-002, 8.622280508928e-006, 3.003856352511e-003, 2.495114089022e-006, 1.892678545346e-007, 4.801105142096e+000, 2.591034485638e-005
OP1, 1, 137, 1, Ar40, 38.5500, 275.7992621, 1.553129050670e-002, 0.000000000000e+000, 1.202674822317e-006, 0.000000000000e+000, 3.006804715431e-003, 5.000000000000e-001, -7.895090321479e-006, 8.861388116362e-007, 4.797128913282e+000, 1.764486452458e-005, 1.553129050670e-002, 1.202674822317e-006, 3.006804715431e-003, -7.895090321479e-006, 8.861388116362e-007, 4.797128913282e+000, 1.764486452458e-005
OP1, 1, 138, 1, Ar40, 38.5500, 277.8099207, 1.550130715875e-002, 0.000000000000e+000, -1.013008194627e-005, 0.000000000000e+000, 2.986981093221e-003, 0.000000000000e+000, -4.519722947543e-006, 5.860027761211e-006, 4.792516478864e+000, 2.113178521816e-005, 1.550130715875e-002, -1.013008194627e-005, 2.986981093221e-003, -4.519722947543e-006, 5.860027761211e-006, 4.792516478864e+000, 2.113178521816e-005
OP1, 1, 139, 1, Ar40, 38.5500, 279.8201261, 1.547164570331e-002, 0.000000000000e+000, 1.018211660318e-005, 0.000000000000e+000, 2.985304490844e-003, 0.000000000000e+000, -2.032056799583e-006, -9.625559164889e-007, 4.787230356655e+000, 2.393648947419e-005, 1.547164570331e-002, 1.018211660318e-005, 2.985304490844e-003, -2.032056799583e-006, -9.625559164889e-007, 4.787230356655e+000, 2.393648947419e-005
OP1, 1, 140, 1, Ar40, 38.5500, 281.8302993, 1.547246767610e-002, 0.000000000000e+000, -8.249301388102e-006, 0.000000000000e+000, 2.979647507736e-003, 0.000000000000e+000, 1.978767957520e-006, -4.524146453915e-006, 4.782320834570e+000, 2.072935533189e-005, 1.547246767610e-002, -8.249301388102e-006, 2.979647507736e-003, 1.978767957520e-006, -4.524146453915e-006, 4.782320834570e+000, 2.072935533189e-005
OP1, 1, 141, 1, Ar40, 38.5500, 283.8407970, 1.545566731583e-002, 0.000000000000e+000, 9.358480801889e-006, 1.000000000000e+000, 2.983062309941e-003, 0.000000000000e+000, -5.415480745068e-006, -9.742661654652e-007, 4.777198933856e+000, 2.217253892005e-005, 1.545566731583e-002, 9.358480801889e-006, 2.983062309941e-003, -5.415480745068e-006, -9.742661654652e-007, 4.777198933856e+000, 2.217253892005e-005
OP1, 1, 142, 1, Ar40, 38.5500, 285.8523690, 1.543382513092e-002, 0.000000000000e+000, -1.125038064019e-005, 0.000000000000e+000, 2.966334810240e-003, 0.000000000000e+000, -4.322172722727e-006, 4.017772104703e-006, 4.772324873108e+000, 2.035133545720e-005, 1.543382513092e-002, -1.125038064019e-005, 2.966334810240e-003, -4.322172722727e-006, 4.017772104703e-006, 4.772324873108e+000, 2.035133545720e-005
OP1, 1, 143, 1, Ar40, 38.5500, 287.8627857, 1.542086333284e-002, 0.000000000000e+000, -1.832479245062e-006, 0.000000000000e+000, 2.984366005821e-003, 0.000000000000e+000, -1.026604015283e-006, 1.506233617446e-006, 4.768230228571e+000, 2.446606322715e-005, 1.542086333284e-002, -1.832479245062e-006, 2.984366005821e-003, -1.026604015283e-006, 1.506233617446e-006, 4.768230228571e+000, 2.446606322715e-005
OP1, 1, 144, 1, Ar40, 38.5500, 289.8734268, 1.540224229467e-002, 0.000000000000e+000, 7.207077886079e-006, 0.000000000000e+000, 2.971653482841e-003, 0.000000000000e+000, -5.267335969961e-006, 7.820702757337e-007, 4.763292357756e+000, 2.160171093621e-005, 1.540224229467e-002, 7.207077886079e-006, 2.971653482841e-003, -5.267335969961e-006, 7.820702757337e-007, 4.763292357756e+000, 2.160171093621e-005
OP1, 1, 145, 1, Ar40, 38.5500, 291.8834268, 1.538399170738e-002, 0.000000000000e+000, -1.166885908088e-006, 0.000000000000e+000, 2.981831033012e-003, 0.000000000000e+000, -2.446823675605e-006, -2.897659609966e-006, 4.757705310206e+000, 2.145765265668e-005, 1.538399170738e-002, -1.166885908088e-006, 2.981831033012e-003, -2.446823675605e-006, -2.897659609966e-006, 4.757705310206e+000, 2.145765265668e-005
OP1, 1, 146, 1, Ar40, 38.5500, 293.8938344, 1.538434887722e-002, 0.000000000000e+000, -1.879368061168e-006, 0.000000000000e+000, 2.966584775678e-003, 0.000000000000e+000, -3.995150908522e-006, 7.044649664131e-006, 4.753253760826e+000, 2.382586415271e-005, 1.538434887722e-002, -1.879368061168e-006, 2.966584775678e-003, -3.995150908522e-006, 7.044649664131e-006, 4.753253760826e+000, 2.382586415271e-005
OP1, 1, 147, 1, Ar40, 38.5500, 295.9046876, 1.536342575933e-002, 0.000000000000e+000, 8.543534488444e-006, 0.000000000000e+000, 2.971089154583e-003, 5.000000000000e-001, -1.928897844777e-006, 5.737935436403e-006, 4.748054165095e+000, 1.836548291211e-005, 1.536342575933e-002, 8.543534488444e-006, 2.971089154583e-003, -1.928897844777e-006, 5.737935436403e-006, 4.748054165095e+000, 1.836548291211e-005
OP1, 1, 148, 1, Ar40, 38.5500, 297.9147785, 1.532640782459e-002, 0.000000000000e+000, 2.356468847915e-006, 0.000000000000e+000, 2.949817156923e-003, 0.000000000000e+000, -1.373236598894e-005, 9.023414840406e-007, 4.743271025433e+000, 2.124691178998e-005, 1.532640782459e-002, 2.356468847915e-006, 2.949817156923e-003, -1.373236598894e-005, 9.023414840406e-007, 4.743271025433e+000, 2.124691178998e-005
OP1, 1, 149, 1, Ar40, 38.5500, 299.9258280, 1.530256359940e-002, 0.000000000000e+000, -3.542283664585e-006, 0.000000000000e+000, 2.950856179807e-003, 0.000000000000e+000, -4.508053489211e-006, 1.357548723792e-006, 4.738574082652e+000, 2.072764378664e-005, 1.530256359940e-002, -3.542283664585e-006, 2.950856179807e-003, -4.508053489211e-006, 1.357548723792e-006, 4.738574082652e+000, 2.072764378664e-005
OP1, 1, 150, 1, Ar40, 38.5500, 301.9363162, 1.529772096758e-002, 0.000000000000e+000, 7.198022536003e-006, 0.000000000000e+000, 2.948876543927e-003, 0.000000000000e+000, -7.332665903942e-007, 1.436176000334e-006, 4.733231881135e+000, 2.405192405413e-005, 1.529772096758e-002, 7.198022536003e-006, 2.948876543927e-003, -7.332665903942e-007, 1.436176000334e-006, 4.733231881135e+000, 2.405192405413e-005
OP1, 1, 151, 1, Ar40, 38.5500, 303.9468109, 1.528272645637e-002, 0.000000000000e+000, -4.485444622039e-006, 0.000000000000e+000, 2.951387533198e-003, 0.000000000000e+000, -6.760969187113e-006, -5.939975918715e-006, 4.728231225230e+000, 1.978917159252e-005, 1.528272645637e-002, -4.485444622039e-006, 2.951387533198e-003, -6.760969187113e-006, -5.939975918715e-006, 4.728231225230e+000, 1.978917159252e-005
OP1, 1, 152, 1, Ar40, 38.5500, 305.9581034, 1.525950567948e-002, 0.000000000000e+000, 1.050963599492e-006, 0.000000000000e+000, 2.944059544778e-003, 0.000000000000e+000, 2.045242697214e-006, 1.553508801182e-006, 4.723626386283e+000, 2.709413004142e-005, 1.525950567948e-002, 1.050963599492e-006, 2.944059544778e-003, 2.045242697214e-006, 1.553508801182e-006, 4.723626386283e+000, 2.709413004142e-005
OP1, 1, 153, 1, Ar40, 38.5500, 307.9688869, 1.525522932049e-002, 0.000000000000e+000, -2.375580575179e-006, 5.000000000000e-001, 2.946947459647e-003, 0.000000000000e+000, 1.918382845741e-006, 4.190297870995e-006, 4.719116369634e+000, 2.211786449726e-005, 1.525522932049e-002, -2.375580575179e-006, 2.946947459647e-003, 1.918382845741e-006, 4.190297870995e-006, 4.719116369634e+000, 2.211786449726e-005
OP1, 1, 154, 1, Ar40, 38.5500, 309.9792333, 1.523136367559e-002, 0.000000000000e+000, 3.764184873896e-006, 0.000000000000e+000, 2.943148245569e-003, 0.000000000000e+000, -8.865550119377e-008, 2.501592170640e-007, 4.713972431969e+000, 1.888012354064e-005, 1.523136367559e-002, 3.764184873896e-006, 2.943148245569e-003, -8.865550119377e-008, 2.501592170640e-007, 4.713972431969e+000, 1.888012354064e-005
OP1, 1, 155, 1, Ar40, 38.5500, 311.9898651, 1.520559237462e-002, 0.000000000000e+000, 3.481573233194e-006, 0.000000000000e+000, 2.948730146158e-003, 0.000000000000e+000, 6.891284515081e-006, 6.877909039809e-007, 4.709262135424e+000, 2.033763683929e-005, 1.520559237462e-002, 3.481573233194e-006, 2.948730146158e-003, 6.891284515081e-006, 6.877909039809e-007, 4.709262135424e+000, 2.033763683929e-005
OP1, 1, 156, 1, Ar40, 38.5500, 314.0005701, 1.520060582280e-002, 0.000000000000e+000, -7.529267451107e-006, 0.000000000000e+000, 2.926172496904e-003, 0.000000000000e+000, 5.366032428339e-006, 7.552745596748e-006, 4.704356325207e+000, 1.364940453997e-005, 1.520060582280e-002, -7.529267451107e-006, 2.926172496904e-003, 5.366032428339e-006, 7.552745596748e-006, 4.704356325207e+000, 1.364940453997e-005
OP1, 1, 157, 1, Ar40, 38.5500, 316.0113704, 1.517964271890e-002, 0.000000000000e+000, 8.409347586003e-006, 0.000000000000e+000, 2.933888396686e-003, 0.000000000000e+000, -6.201866222918e-006, 7.569390228664e-009, 4.700085370588e+000, 2.282156757339e-005, 1.517964271890e-002, 8.409347586003e-006, 2.933888396686e-003, -6.201866222918e-006, 7.569390228664e-009, 4.700085370588e+000, 2.282156757339e-005
OP1, 1, 158, 1, Ar40, 38.5500, 318.0213704, 1.514890178675e-002, 0.000000000000e+000, -4.570953653350e-006, 5.000000000000e-001, 2.929439531369e-003, 0.000000000000e+000, -7.675291648344e-006, -7.706837129616e-006, 4.694472052572e+000, 2.087519199902e-005, 1.514890178675e-002, -4.570953653350e-006, 2.929439531369e-003, -7.675291648344e-006, -7.706837129616e-006, 4.694472052572e+000, 2.087519199902e-005
OP1, 1, 159, 1, Ar40, 38.5500, 320.0317888, 1.513214924550e-002, 0.000000000000e+000, 1.903904205877e-006, 0.000000000000e+000, 2.930429098634e-003, 0.000000000000e+000, -8.312858995455e-006, 2.631289850030e-006, 4.690604534735e+000, 2.694778932937e-005, 1.513214924550e-002, 1.903904205877e-006, 2.930429098634e-003, -8.312858995455e-006, 2.631289850030e-006, 4.690604534735e+000, 2.694778932937e-005
OP1, 1, 160, 1, Ar40, 38.5500, 322.0427900, 1.512168153789e-002, 0.000000000000e+000, -5.697524700753e-006, 0.000000000000e+000, 2.923793075636e-003, 0.000000000000e+000, -1.175981980775e-005, 6.169483104082e-006, 4.685567755613e+000, 2.343396836213e-005, 1.512168153789e-002, -5.697524700753e-006, 2.923793075636e-003, -1.175981980775e-005, 6.169483104082e-006, 4.685567755613e+000, 2.343396836213e-005
OP1, 1, 161, 1, Ar40, 38.5500, 324.0528468, 1.513434105159e-002, 0.000000000000e+000, -3.982905813592e-006, 0.000000000000e+000, 2.912931307854e-003, 0.000000000000e+000, -1.102943399754e-005, -4.648661830302e-006, 4.681772065618e+000, 2.351759430683e-005, 1.513434105159e-002, -3.982905813592e-006, 2.912931307854e-003, -1.102943399754e-005, -4.648661830302e-006, 4.681772065618e+000, 2.351759430683e-005
OP1, 1, 162, 1, Ar40, 38.5500, 326.0637567, 1.507423059122e-002, 0.000000000000e+000, 4.375461868095e-006, 0.000000000000e+000, 2.905569028492e-003, 0.000000000000e+000, 2.408017922287e-006, 7.245720154829e-006, 4.675762844002e+000, 2.199285574414e-005, 1.507423059122e-002, 4.375461868095e-006, 2.905569028492e-003, 2.408017922287e-006, 7.245720154829e-006, 4.675762844002e+000, 2.199285574414e-005
OP1, 1, 163, 1, Ar40, 38.5500, 328.0742783, 1.508820135010e-002, 0.000000000000e+000, 4.657419012208e-006, 0.000000000000e+000, 2.918441437991e-003, 0.000000000000e+000, -4.387841201793e-006, -5.522003246901e-007, 4.671565896373e+000, 2.097411265306e-005, 1.508820135010e-002, 4.657419012208e-006, 2.918441437991e-003, -4.387841201793e-006, -5.522003246901e-007, 4.671565896373e+000, 2.097411265306e-005
OP1, 1, 164, 1, Ar40, 38.5500, 330.0847860, 1.505965609254e-002, 0.000000000000e+000, 1.819894244756e-006, 0.000000000000e+000, 2.903823111462e-003, 0.000000000000e+000, -5.106339717414e-006, 4.270875102083e-006, 4.666696428487e+000, 2.255255460516e-005, 1.505965609254e-002, 1.819894244756e-006, 2.903823111462e-003, -5.106339717414e-006, 4.270875102083e-006, 4.666696428487e+000, 2.255255460516e-005
OP1, 1, 165, 1, Ar40, 38.5500, 332.0952741, 1.506679992255e-002, 0.000000000000e+000, 1.375965563402e-006, 0.000000000000e+000, 2.915587301250e-003, 0.000000000000e+000, -2.700897424979e-006, 2.363108009321e-006, 4.661387231699e+000, 2.813561478608e-005, 1.506679992255e-002, 1.375965563402e-006, 2.915587301250e-003, -2.700897424979e-006, 2.363108009321e-006, 4.661387231699e+000, 2.813561478608e-005
OP1, 1, 166, 1, Ar40, 38.5500, 334.1068021, 1.503055515587e-002, 0.000000000000e+000, 1.007857813364e-005, 0.000000000000e+000, 2.905187974863e-003, 0.000000000000e+000, -5.473010973428e-006, 4.771473071936e-006, 4.657645369679e+000, 2.005173716372e-005, 1.503055515587e-002, 1.007857813364e-005, 2.905187974863e-003, -5.473010973428e-006, 4.771473071936e-006, 4.657645369679e+000, 2.005173716372e-005
OP1, 1, 167, 1, Ar40, 38.5500, 336.1168021, 1.501623031094e-002, 0.000000000000e+000, 1.754335278764e-006, 0.000000000000e+000, 2.889470493564e-003, 0.000000000000e+000, -6.286625033082e-006, -3.651291166763e-006, 4.652580641632e+000, 2.185796162620e-005, 1.501623031094e-002, 1.754335278764e-006, 2.889470493564e-003, -6.286625033082e-006, -3.651291166763e-006, 4.652580641632e+000, 2.185796162620e-005
OP1, 1, 168, 1, Ar40, 38.5500, 338.1278096, 1.498449478215e-002, 0.000000000000e+000, -2.425156260667e-006, 0.000000000000e+000, 2.903517477023e-003, 0.000000000000e+000, -2.477759423272e-006, -3.553289968182e-006, 4.647634734231e+000, 2.245993249637e-005, 1.498449478215e-002, -2.425156260667e-006, 2.903517477023e-003, -2.477759423272e-006, -3.553289968182e-006, 4.647634734231e+000, 2.245993249637e-005
OP1, 1, 169, 1, Ar40, 38.5500, 340.1382826, 1.498909805749e-002, 0.000000000000e+000, -2.796702405304e-006, 0.000000000000e+000, 2.905107712958e-003, 0.000000000000e+000, -1.326003994191e-006, 6.555583158863e-006, 4.642998396090e+000, 2.231507149080e-005, 1.498909805749e-002, -2.796702405304e-006, 2.905107712958e-003, -1.326003994191e-006, 6.555583158863e-006, 4.642998396090e+000, 2.231507149080e-005
OP1, 1, 170, 1, Ar40, 38.5500, 342.1482826, 1.498123089060e-002, 0.000000000000e+000, -4.234869768422e-006, 0.000000000000e+000, 2.889133488308e-003, 0.000000000000e+000, -5.880893504546e-006, 1.800199129941e-006, 4.638592773565e+000, 2.247886822909e-005, 1.498123089060e-002, -4.234869768422e-006, 2.889133488308e-003, -5.880893504546e-006, 1.800199129941e-006, 4.638592773565e+000, 2.247886822909e-005
OP1, 1, 171, 1, Ar40, 38.5500, 344.1588048, 1.493010022576e-002, 0.000000000000e+000, -9.992648406841e-007, 5.000000000000e-001, 2.889320876257e-003, 0.000000000000e+000, -1.929674859714e-006, 3.350091841388e-006, 4.633661340531e+000, 2.094590847340e-005, 1.493010022576e-002, -9.992648406841e-007, 2.889320876257e-003, -1.929674859714e-006, 3.350091841388e-006, 4.633661340531e+000, 2.094590847340e-005
OP1, 1, 172, 1, Ar40, 38.5500, 346.1693273, 1.493502213168e-002, 0.000000000000e+000, 9.992963924584e-006, 0.000000000000e+000, 2.884266005468e-003, 0.000000000000e+000, -6.333743966182e-006, -1.588480711662e-006, 4.628980653887e+000, 2.507003869352e-005, 1.493502213168e-002, 9.992963924584e-006, 2.884266005468e-003, -6.333743966182e-006, -1.588480711662e-006, 4.628980653887e+000, 2.507003869352e-005
OP1, 1, 173, 1, Ar40, 38.5500, 348.1807074, 1.492909190039e-002, 0.000000000000e+000, -6.418404912527e-006, 0.000000000000e+000, 2.880267148621e-003, 0.000000000000e+000, 5.599174756859e-006, 7.765102473978e-006, 4.624234707445e+000, 2.342940179273e-005, 1.492909190039e-002, -6.418404912527e-006, 2.880267148621e-003, 5.599174756859e-006, 7.765102473978e-006, 4.624234707445e+000, 2.342940179273e-005
OP1, 1, 174, 1, Ar40, 38.5500, 350.1907839, 1.489015555763e-002, 0.000000000000e+000, 1.922215945444e-006, 0.000000000000e+000, 2.864083078162e-003, 5.000000000000e-001, 1.098903703971e-006, 4.618806711825e-006, 4.620017091554e+000, 2.019828081865e-005, 1.489015555763e-002, 1.922215945444e-006, 2.864083078162e-003, 1.098903703971e-006, 4.618806711825e-006, 4.620017091554e+000, 2.019828081865e-005
OP1, 1, 175, 1, Ar40, 38.5500, 352.2016407, 1.487069298015e-002, 0.000000000000e+000, -1.928355088605e-006, 0.000000000000e+000, 2.867202796660e-003, 0.000000000000e+000, -6.683850452151e-006, -4.769784058419e-006, 4.615497425200e+000, 2.357816895721e-005, 1.487069298015e-002, -1.928355088605e-006, 2.867202796660e-003, -6.683850452151e-006, -4.769784058419e-006, 4.615497425200e+000, 2.357816895721e-005
OP1, 1, 176, 1, Ar40, 38.5500, 354.2122701, 1.485845142030e-002, 5.000000000000e-001, -1.716452277895e-006, 0.000000000000e+000, 2.854218690973e-003, 0.000000000000e+000, 1.430252489310e-006, -8.236706927900e-006, 4.610505937311e+000, 1.897951927522e-005, 1.485845142030e-002, -1.716452277895e-006, 2.854218690973e-003, 1.430252489310e-006, -8.236706927900e-006, 4.610505937311e+000, 1.897951927522e-005
OP1, 1, 177, 1, Ar40, 38.5500, 356.2230640, 1.485803770614e-002, 0.000000000000e+000, 4.906167595557e-007, 0.000000000000e+000, 2.873746560484e-003, 0.000000000000e+000, -4.110008527171e-006, 5.178830624550e-006, 4.605913493982e+000, 2.230423651040e-005, 1.485803770614e-002, 4.906167595557e-007, 2.873746560484e-003, -4.110008527171e-006, 5.178830624550e-006, 4.605913493982e+000, 2.230423651040e-005
OP1, 1, 178, 1, Ar40, 38.5500, 358.2330640, 1.483092624660e-002, 0.000000000000e+000, -2.242585056718e-006, 0.000000000000e+000, 2.875537393218e-003, 0.000000000000e+000, -1.019549497354e-006, -3.902022598194e-006, 4.601163214690e+000, 2.407591324739e-005, 1.483092624660e-002, -2.242585056718e-006, 2.875537393218e-003, -1.019549497354e-006, -3.902022598194e-006, 4.601163214690e+000, 2.407591324739e-005
OP1, 1, 179, 1, Ar40, 38.5500, 360.2436738, 1.481635821429e-002, 0.000000000000e+000, -4.507134624542e-006, 0.000000000000e+000, 2.854294465454e-003, 0.000000000000e+000, 7.092462091355e-006, 5.311813296456e-006, 4.596475756587e+000, 2.599271134372e-005, 1.481635821429e-002, -4.507134624542e-006, 2.854294465454e-003, 7.092462091355e-006, 5.311813296456e-006, 4.596475756587e+000, 2.599271134372e-005
OP1, 1, 180, 1, Ar40, 38.5500, 362.2547322, 1.480434312272e-002, 0.000000000000e+000, 1.498737822278e-006, 0.000000000000e+000, 2.855027117851e-003, 0.000000000000e+000, -3.977213644654e-006, 1.287691629330e-006, 4.592663928757e+000, 2.076102538895e-005, 1.480434312272e-002, 1.498737822278e-006, 2.855027117851e-003, -3.977213644654e-006, 1.287691629330e-006, 4.592663928757e+000, 2.076102538895e-005
OP1, 1, 181, 1, Ar40, 38.5500, 364.2655062, 1.479082881333e-002, 0.000000000000e+000, 7.798324825756e-006, 0.000000000000e+000, 2.845312267329e-003, 0.000000000000e+000, -6.106548269338e-007, 6.743088669970e-007, 4.587263247119e+000, 2.122673295728e-005, 1.479082881333e-002, 7.798324825756e-006, 2.845312267329e-003, -6.106548269338e-007, 6.743088669970e-007, 4.587263247119e+000, 2.122673295728e-005
OP1, 1, 182, 1, Ar40, 38.5500, 366.2762359, 1.476302103097e-002, 0.000000000000e+000, 5.410968261203e-006, 0.000000000000e+000, 2.860202580363e-003, 0.000000000000e+000, 1.078312716418e-006, 8.849021755779e-006, 4.582637240664e+000, 1.967181596891e-005, 1.476302103097e-002, 5.410968261203e-006, 2.860202580363e-003, 1.078312716418e-006, 8.849021755779e-006, 4.582637240664e+000, 1.967181596891e-005
OP1, 1, 183, 1, Ar40, 38.5500, 368.2862771, 1.476884934903e-002, 0.000000000000e+000, -5.022076932653e-006, 0.000000000000e+000, 2.841679974284e-003, 0.000000000000e+000, 4.670654721611e-006, -8.505434284599e-006, 4.577667848194e+000, 2.281151518175e-005, 1.476884934903e-002, -5.022076932653e-006, 2.841679974284e-003, 4.670654721611e-006, -8.505434284599e-006, 4.577667848194e+000, 2.281151518175e-005
OP1, 1, 184, 1, Ar40, 38.5500, 370.2967932, 1.475217788991e-002, 0.000000000000e+000, 1.410304688254e-006, 0.000000000000e+000, 2.839974120905e-003, 0.000000000000e+000, 7.424518127118e-007, -8.185173024781e-007, 4.573763275063e+000, 1.753781064040e-005, 1.475217788991e-002, 1.410304688254e-006, 2.839974120905e-003, 7.424518127118e-007, -8.185173024781e-007, 4.573763275063e+000, 1.753781064040e-005
OP1, 1, 185, 1, Ar40, 38.5500, 372.3073706, 1.471474892173e-002, 0.000000000000e+000, 1.048145843916e-006, 0.000000000000e+000, 2.849180393378e-003, 5.000000000000e-001, 5.598192131251e-006, 1.518912343984e-006, 4.568963939909e+000, 2.264702005422e-005, 1.471474892173e-002, 1.048145843916e-006, 2.849180393378e-003, 5.598192131251e-006, 1.518912343984e-006, 4.568963939909e+000, 2.264702005422e-005
OP1, 1, 186, 1, Ar40, 38.5500, 374.3176284, 1.469759105054e-002, 0.000000000000e+000, 4.962801525445e-006, 0.000000000000e+000, 2.829497047034e-003, 0.000000000000e+000, -1.983259351488e-006, 4.029534605594e-006, 4.563662807383e+000, 1.825360209056e-005, 1.469759105054e-002, 4.962801525445e-006, 2.829497047034e-003, -1.983259351488e-006, 4.029534605594e-006, 4.563662807383e+000, 1.825360209056e-005
OP1, 1, 187, 1, Ar40, 38.5500, 376.3287564, 1.470177727340e-002, 0.000000000000e+000, 5.050562018406e-006, 0.000000000000e+000, 2.843965406155e-003, 0.000000000000e+000, -8.299966608229e-006, 5.088383660034e-006, 4.559346326623e+000, 1.951229870932e-005, 1.470177727340e-002, 5.050562018406e-006, 2.843965406155e-003, -8.299966608229e-006, 5.088383660034e-006, 4.559346326623e+000, 1.951229870932e-005
OP1, 1, 188, 1, Ar40, 38.5500, 378.3397111, 1.466555652149e-002, 0.000000000000e+000, 3.554702882590e-007, 0.000000000000e+000, 2.827203625442e-003, 0.000000000000e+000, -1.811409036890e-007, -5.970985101829e-006, 4.555221045727e+000, 1.801967264616e-005, 1.466555652149e-002, 3.554702882590e-007, 2.827203625442e-003, -1.811409036890e-007, -5.970985101829e-006, 4.555221045727e+000, 1.801967264616e-005
OP1, 1, 189, 1, Ar40, 38.5500, 380.3497514, 1.464632558218e-002, 0.000000000000e+000, 2.968302243018e-006, 0.000000000000e+000, 2.819576418566e-003, 5.000000000000e-001, -8.736817348567e-006, -5.876557963424e-006, 4.550021266444e+000, 2.809501004684e-005, 1.464632558218e-002, 2.968302243018e-006, 2.819576418566e-003, -8.736817348567e-006, -5.876557963424e-006, 4.550021266444e+000, 2.809501004684e-005
OP1, 1, 190, 1, Ar40, 38.5500, 382.3607629, 1.463191248932e-002, 0.000000000000e+000, 4.359406462841e-006, 0.000000000000e+000, 2.831595643760e-003, 0.000000000000e+000, 1.648596996204e-006, -1.946646226774e-006, 4.545711880046e+000, 1.294824080577e-005, 1.463191248932e-002, 4.359406462841e-006, 2.831595643760e-003, 1.648596996204e-006, -1.946646226774e-006, 4.545711880046e+000, 1.294824080577e-005
OP1, 1, 191, 1, Ar40, 38.5500, 384.3711903, 1.461610905071e-002, 0.000000000000e+000, -6.935612317869e-006, 0.000000000000e+000, 2.822653824595e-003, 0.000000000000e+000, -9.885559637060e-006, 7.540946555540e-006, 4.541438544712e+000, 1.805545796265e-005, 1.461610905071e-002, -6.935612317869e-006, 2.822653824595e-003, -9.885559637060e-006, 7.540946555540e-006, 4.541438544712e+000, 1.805545796265e-005
OP1, 1, 192, 1, Ar40, 38.5500, 386.3820670, 1.460452815313e-002, 0.000000000000e+000, -7.557808839897e-006, 0.000000000000e+000, 2.840786553668e-003, 0.000000000000e+000, -2.100516487297e-006, -6.964298616541e-008, 4.536482252063e+000, 2.189789718126e-005, 1.460452815313e-002, -7.557808839897e-006, 2.840786553668e-003, -2.100516487297e-006, -6.964298616541e-008, 4.536482252063e+000, 2.189789718126e-005
OP1, 1, 193, 1, Ar40, 38.5500, 388.3927249, 1.460227823800e-002, 0.000000000000e+000, 2.084993155405e-006, 0.000000000000e+000, 2.809757122806e-003, 0.000000000000e+000, -2.590933893399e-006, 4.199346940604e-007, 4.531961081847e+000, 2.502534281459e-005, 1.460227823800e-002, 2.084993155405e-006, 2.809757122806e-003, -2.590933893399e-006, 4.199346940604e-007, 4.531961081847e+000, 2.502534281459e-005
OP1, 1, 194, 1, Ar40, 38.5500, 390.4031196, 1.457435697003e-002, 0.000000000000e+000, 1.882387727410e-006, 0.000000000000e+000, 2.808197487425e-003, 5.000000000000e-001, -2.106312624594e-006, 2.962024880677e-006, 4.527226478930e+000, 1.945295997449e-005, 1.457435697003e-002, 1.882387727410e-006, 2.808197487425e-003, -2.106312624594e-006, 2.962024880677e-006, 4.527226478930e+000, 1.945295997449e-005
OP1, 1, 195, 1, Ar40, 38.5500, 392.4137690, 1.457235480433e-002, 0.000000000000e+000, 3.179904407100e-006, 0.000000000000e+000, 2.808375232581e-003, 1.000000000000e+000, 1.743546133453e-006, -3.152930635797e-007, 4.523445706508e+000, 2.215528534554e-005, 1.457235480433e-002, 3.179904407100e-006, 2.808375232581e-003, 1.743546133453e-006, -3.152930635797e-007, 4.523445706508e+000, 2.215528534554e-005
OP1, 1, 196, 1, Ar40, 38.5500, 394.4237690, 1.455768701926e-002, 0.000000000000e+000, 4.819024473460e-007, 0.000000000000e+000, 2.801447351888e-003, 0.000000000000e+000, -1.394000006478e-006, 4.720151858348e-006, 4.518615783922e+000, 1.649899402781e-005, 1.455768701926e-002, 4.819024473460e-007, 2.801447351888e-003, -1.394000006478e-006, 4.720151858348e-006, 4.518615783922e+000, 1.649899402781e-005
OP1, 1, 197, 1, Ar40, 38.5500, 396.4337690, 1.452113863714e-002, 0.000000000000e+000, 7.018663194374e-006, 0.000000000000e+000, 2.800366840441e-003, 0.000000000000e+000, -3.335942681507e-006, 4.544111408990e-007, 4.514464712092e+000, 2.282225272803e-005, 1.452113863714e-002, 7.018663194374e-006, 2.800366840441e-003, -3.335942681507e-006, 4.544111408990e-007, 4.514464712092e+000, 2.282225272803e-005
OP1, 1, 198, 1, Ar40, 38.5500, 398.4450091, 1.451723487333e-002, 0.000000000000e+000, -4.437493237983e-006, 0.000000000000e+000, 2.796643448958e-003, 0.000000000000e+000, -1.009017161654e-006, -7.783337762713e-007, 4.509848907010e+000, 1.611314444645e-005, 1.451723487333e-002, -4.437493237983e-006, 2.796643448958e-003, -1.009017161654e-006, -7.783337762713e-007, 4.509848907010e+000, 1.611314444645e-005
OP1, 1, 199, 1, Ar40, 38.5500, 400.4553180, 1.450374025598e-002, 0.000000000000e+000, -6.014163534314e-008, 0.000000000000e+000, 2.803433046502e-003, 0.000000000000e+000, 2.939321891736e-006, -4.296892554209e-006, 4.504784522449e+000, 1.815593416980e-005, 1.450374025598e-002, -6.014163534314e-008, 2.803433046502e-003, 2.939321891736e-006, -4.296892554209e-006, 4.504784522449e+000, 1.815593416980e-005
OP1, 1, 200, 1, Ar40, 38.5500, 402.4692678, 1.451727657978e-002, 0.000000000000e+000, -7.985698097556e-006, 0.000000000000e+000, 2.797129934689e-003, 5.000000000000e-001, -1.175225532623e-006, 2.508184075033e-006, 4.499993856417e+000, 2.032751903565e-005, 1.451727657978e-002, -7.985698097556e-006, 2.797129934689e-003, -1.175225532623e-006, 2.508184075033e-006, 4.499993856417e+000, 2.032751903565e-005

#END,AnalysisCompleted
