0.000000	11.007797
0.336267	11.007797
0.336267	11.638601
0.735139	11.638601
0.735139	11.779726
0.990965	11.779726
0.990965	11.886131
1.468189	11.886131
1.468189	11.989195
1.928180	11.989195
1.928180	12.061330
2.299003	12.061330
2.299003	12.143460
3.110637	12.143460
3.110637	12.233336
3.900742	12.233336
3.900742	12.299408
4.554640	12.299408
4.554640	12.376086
5.962562	12.376086
5.962562	12.458970
7.301623	12.458970
7.301623	12.519164
8.429935	12.519164
8.429935	12.587168
10.838425	12.587168
10.838425	12.654839
13.076665	12.654839
13.076665	12.697813
14.975792	12.697813
14.975792	12.740004
18.913330	12.740004
18.913330	12.786294
22.248478	12.786294
22.248478	12.833998
24.830025	12.833998
24.830025	12.927735
29.055040	12.927735
29.055040	13.112278
31.724359	13.112278
31.724359	13.341909
33.464494	13.341909
33.464494	13.688414
36.102240	13.688414
36.102240	14.016726
38.053861	14.016726
38.053861	14.158484
39.698073	14.158484
39.698073	14.253647
42.778228	14.253647
42.778228	14.322767
45.406618	14.322767
45.406618	14.364774
47.654195	14.364774
47.654195	14.418041
51.615924	14.418041
51.615924	14.499065
54.592093	14.499065
54.592093	14.597990
56.818167	14.597990
56.818167	14.784344
59.822998	14.784344
59.822998	15.132355
61.645819	15.132355
61.645819	15.571686
62.837517	15.571686
62.837517	16.226508
64.307537	16.226508
64.307537	16.943504
65.337111	16.943504
65.337111	17.346356
66.186282	17.346356
66.186282	17.609131
67.516352	17.609131
67.516352	17.791224
68.688989	17.791224
68.688989	17.909368
69.751683	17.909368
69.751683	18.023384
71.380189	18.023384
71.380189	18.128298
72.841050	18.128298
72.841050	18.202135
74.179724	18.202135
& cycle # 1, chisq = 186937.618512, e = 38.688751
0.000000	11.092550
0.336267	11.092550
0.336267	11.696076
0.735139	11.696076
0.735139	11.824373
0.990965	11.824373
0.990965	11.922069
1.468189	11.922069
1.468189	12.017392
1.928180	12.017392
1.928180	12.084535
2.299003	12.084535
2.299003	12.161439
3.110637	12.161439
3.110637	12.246070
3.900742	12.246070
3.900742	12.308619
4.554640	12.308619
4.554640	12.381581
5.962562	12.381581
5.962562	12.460834
7.301623	12.460834
7.301623	12.518658
8.429935	12.518658
8.429935	12.584281
10.838425	12.584281
10.838425	12.649898
13.076665	12.649898
13.076665	12.691838
14.975792	12.691838
14.975792	12.733475
18.913330	12.733475
18.913330	12.779780
22.248478	12.779780
22.248478	12.827863
24.830025	12.827863
24.830025	12.922578
29.055040	12.922578
29.055040	13.109249
31.724359	13.109249
31.724359	13.341712
33.464494	13.341712
33.464494	13.692821
36.102240	13.692821
36.102240	14.025936
38.053861	14.025936
38.053861	14.170041
39.698073	14.170041
39.698073	14.266814
42.778228	14.266814
42.778228	14.336864
45.406618	14.336864
45.406618	14.379140
47.654195	14.379140
47.654195	14.432374
51.615924	14.432374
51.615924	14.513060
54.592093	14.513060
54.592093	14.611432
56.818167	14.611432
56.818167	14.796620
59.822998	14.796620
59.822998	15.142294
61.645819	15.142294
61.645819	15.578514
62.837517	15.578514
62.837517	16.228450
64.307537	16.228450
64.307537	16.939766
65.337111	16.939766
65.337111	17.339175
66.186282	17.339175
66.186282	17.599549
67.516352	17.599549
67.516352	17.779998
68.688989	17.779998
68.688989	17.897194
69.751683	17.897194
69.751683	18.010436
71.380189	18.010436
71.380189	18.114753
72.841050	18.114753
72.841050	18.188238
74.179724	18.188238
& cycle # 2, chisq = 186794.309690, e = 38.688751
0.000000	11.116188
0.336267	11.116188
0.336267	11.705226
0.735139	11.705226
0.735139	11.830658
0.990965	11.830658
0.990965	11.926470
1.468189	11.926470
1.468189	12.020173
1.928180	12.020173
1.928180	12.086313
2.299003	12.086313
2.299003	12.162212
3.110637	12.162212
3.110637	12.245891
3.900742	12.245891
3.900742	12.307844
4.554640	12.307844
4.554640	12.380231
5.962562	12.380231
5.962562	12.458986
7.301623	12.458986
7.301623	12.516538
8.429935	12.516538
8.429935	12.581961
10.838425	12.581961
10.838425	12.647505
13.076665	12.647505
13.076665	12.689517
14.975792	12.689517
14.975792	12.731435
18.913330	12.731435
18.913330	12.778338
22.248478	12.778338
22.248478	12.827210
24.830025	12.827210
24.830025	12.923592
29.055040	12.923592
29.055040	13.113657
31.724359	13.113657
31.724359	13.350449
33.464494	13.350449
33.464494	13.708289
36.102240	13.708289
36.102240	14.048041
38.053861	14.048041
38.053861	14.195165
39.698073	14.195165
39.698073	14.293950
42.778228	14.293950
42.778228	14.365256
45.406618	14.365256
45.406618	14.408048
47.654195	14.408048
47.654195	14.461614
51.615924	14.461614
51.615924	14.542526
54.592093	14.542526
54.592093	14.641002
56.818167	14.641002
56.818167	14.826139
59.822998	14.826139
59.822998	15.171268
61.645819	15.171268
61.645819	15.606162
62.837517	15.606162
62.837517	16.252786
64.307537	16.252786
64.307537	16.958179
65.337111	16.958179
65.337111	17.351819
66.186282	17.351819
66.186282	17.605563
67.516352	17.605563
67.516352	17.779005
68.688989	17.779005
68.688989	17.890532
69.751683	17.890532
69.751683	17.997740
71.380189	17.997740
71.380189	18.096170
72.841050	18.096170
72.841050	18.165343
74.179724	18.165343
& cycle # 3, chisq = 186818.663126, e = 38.688751
0.000000	10.769958
0.336267	10.769958
0.336267	11.440801
0.735139	11.440801
0.735139	11.612989
0.990965	11.612989
0.990965	11.741879
1.468189	11.741879
1.468189	11.866004
1.928180	11.866004
1.928180	11.952427
2.299003	11.952427
2.299003	12.050312
3.110637	12.050312
3.110637	12.156843
3.900742	12.156843
3.900742	12.234701
4.554640	12.234701
4.554640	12.324479
5.962562	12.324479
5.962562	12.420857
7.301623	12.420857
7.301623	12.490338
8.429935	12.490338
8.429935	12.568186
10.838425	12.568186
10.838425	12.644864
13.076665	12.644864
13.076665	12.692806
14.975792	12.692806
14.975792	12.738520
18.913330	12.738520
18.913330	12.786813
22.248478	12.786813
22.248478	12.835453
24.830025	12.835453
24.830025	12.930248
29.055040	12.930248
29.055040	13.116068
31.724359	13.116068
31.724359	13.346451
33.464494	13.346451
33.464494	13.692410
36.102240	13.692410
36.102240	14.017694
38.053861	14.017694
38.053861	14.156215
39.698073	14.156215
39.698073	14.247889
42.778228	14.247889
42.778228	14.313991
45.406618	14.313991
45.406618	14.354050
47.654195	14.354050
47.654195	14.404913
51.615924	14.404913
51.615924	14.482593
54.592093	14.482593
54.592093	14.577875
56.818167	14.577875
56.818167	14.758326
59.822998	14.758326
59.822998	15.097396
61.645819	15.097396
61.645819	15.528617
62.837517	15.528617
62.837517	16.178306
64.307537	16.178306
64.307537	16.902033
65.337111	16.902033
65.337111	17.322147
66.186282	17.322147
66.186282	17.612531
67.516352	17.612531
67.516352	17.828090
68.688989	17.828090
68.688989	17.975040
69.751683	17.975040
69.751683	18.120725
71.380189	18.120725
71.380189	18.257225
72.841050	18.257225
72.841050	18.354565
74.179724	18.354565
& cycle # 4, chisq = 186773.941566, e = 38.688751
0.000000	10.867016
0.336267	10.867016
0.336267	11.523378
0.735139	11.523378
0.735139	11.683239
0.990965	11.683239
0.990965	11.802673
1.468189	11.802673
1.468189	11.917617
1.928180	11.917617
1.928180	11.997630
2.299003	11.997630
2.299003	12.088274
3.110637	12.088274
3.110637	12.186986
3.900742	12.186986
3.900742	12.259206
4.554640	12.259206
4.554640	12.342614
5.962562	12.342614
5.962562	12.432342
7.301623	12.432342
7.301623	12.497199
8.429935	12.497199
8.429935	12.570117
10.838425	12.570117
10.838425	12.642288
13.076665	12.642288
13.076665	12.687779
14.975792	12.687779
14.975792	12.731849
18.913330	12.731849
18.913330	12.779399
22.248478	12.779399
22.248478	12.827921
24.830025	12.827921
24.830025	12.922947
29.055040	12.922947
29.055040	13.109705
31.724359	13.109705
31.724359	13.341767
33.464494	13.341767
33.464494	13.691288
36.102240	13.691288
36.102240	14.021478
38.053861	14.021478
38.053861	14.163283
39.698073	14.163283
39.698073	14.257927
42.778228	14.257927
42.778228	14.326415
45.406618	14.326415
45.406618	14.367922
47.654195	14.367922
47.654195	14.420484
51.615924	14.420484
51.615924	14.500459
54.592093	14.500459
54.592093	14.598191
56.818167	14.598191
56.818167	14.782518
59.822998	14.782518
59.822998	15.127209
61.645819	15.127209
61.645819	15.563048
62.837517	15.563048
62.837517	16.214170
64.307537	16.214170
64.307537	16.929726
65.337111	16.929726
65.337111	17.334559
66.186282	17.334559
66.186282	17.601912
67.516352	17.601912
67.516352	17.789953
68.688989	17.789953
68.688989	17.913253
69.751683	17.913253
69.751683	18.032892
71.380189	18.032892
71.380189	18.143364
72.841050	18.143364
72.841050	18.221298
74.179724	18.221298
& cycle # 5, chisq = 186967.350436, e = 38.688751
0.000000	11.006176
0.342955	11.006176
0.342955	11.628142
0.746325	11.628142
0.746325	11.760214
1.005448	11.760214
1.005448	11.861642
1.486944	11.861642
1.486944	11.961133
1.950929	11.961133
1.950929	12.031612
2.325208	12.031612
2.325208	12.112501
3.140826	12.112501
3.140826	12.201744
3.934818	12.201744
3.934818	12.267925
4.592372	12.267925
4.592372	12.345117
6.002302	12.345117
6.002302	12.428999
7.343575	12.428999
7.343575	12.490274
8.474492	12.490274
8.474492	12.559633
10.878756	12.559633
10.878756	12.628794
13.113894	12.628794
13.113894	12.672899
15.011255	12.672899
15.011255	12.716617
18.926854	12.716617
18.926854	12.765456
22.241409	12.765456
22.241409	12.816289
24.806641	12.816289
24.806641	12.915794
28.991575	12.915794
28.991575	13.110113
31.646202	13.110113
31.646202	13.349482
33.385835	13.349482
33.385835	13.705309
36.031811	13.705309
36.031811	14.038362
38.001139	14.038362
38.001139	14.181571
39.662816	14.181571
39.662816	14.276712
42.764723	14.276712
42.764723	14.344838
45.411764	14.344838
45.411764	14.385811
47.673948	14.385811
47.673948	14.437487
51.641309	14.437487
51.641309	14.516129
54.618411	14.516129
54.618411	14.612407
56.842838	14.612407
56.842838	14.793902
59.832774	14.793902
59.832774	15.133430
61.646988	15.133430
61.646988	15.563500
62.833506	15.563500
62.833506	16.206428
64.294113	16.206428
64.294113	16.915874
65.318554	16.915874
65.318554	17.322484
66.163927	17.322484
66.163927	17.596674
67.484500	17.596674
67.484500	17.793922
68.649396	17.793922
68.649396	17.924748
69.705434	17.924748
69.705434	18.051024
71.319589	18.051024
71.319589	18.166048
72.767073	18.166048
72.767073	18.246153
74.091373	18.246153
& cycle # 1, chisq = 181755.911176, e = 38.481665
0.000000	11.086678
0.342955	11.086678
0.342955	11.704999
0.746325	11.704999
0.746325	11.830756
1.005448	11.830756
1.005448	11.926622
1.486944	11.926622
1.486944	12.020209
1.950929	12.020209
1.950929	12.086261
2.325208	12.086261
2.325208	12.161854
3.140826	12.161854
3.140826	12.245084
3.934818	12.245084
3.934818	12.306724
4.592372	12.306724
4.592372	12.378579
6.002302	12.378579
6.002302	12.456671
7.343575	12.456671
7.343575	12.513765
8.474492	12.513765
8.474492	12.578511
10.878756	12.578511
10.878756	12.643288
13.113894	12.643288
13.113894	12.684853
15.011255	12.684853
15.011255	12.726556
18.926854	12.726556
18.926854	12.773843
22.241409	12.773843
22.241409	12.823499
24.806641	12.823499
24.806641	12.921045
28.991575	12.921045
28.991575	13.111962
31.646202	13.111962
31.646202	13.347628
33.385835	13.347628
33.385835	13.698978
36.031811	13.698978
36.031811	14.029419
38.001139	14.029419
38.001139	14.172779
39.662816	14.172779
39.662816	14.269041
42.764723	14.269041
42.764723	14.338602
45.411764	14.338602
45.411764	14.380829
47.673948	14.380829
47.673948	14.434392
51.641309	14.434392
51.641309	14.515905
54.618411	14.515905
54.618411	14.615444
56.842838	14.615444
56.842838	14.802381
59.832774	14.802381
59.832774	15.150461
61.646988	15.150461
61.646988	15.588842
62.833506	15.588842
62.833506	16.238676
64.294113	16.238676
64.294113	16.946020
65.318554	16.946020
65.318554	17.340943
66.163927	17.340943
66.163927	17.594860
67.484500	17.594860
67.484500	17.767105
68.649396	17.767105
68.649396	17.876409
69.705434	17.876409
69.705434	17.979164
71.319589	17.979164
71.319589	18.070701
72.767073	18.070701
72.767073	18.132941
74.091373	18.132941
& cycle # 2, chisq = 182091.794383, e = 38.481665
0.000000	11.073671
0.342955	11.073671
0.342955	11.695464
0.746325	11.695464
0.746325	11.821478
1.005448	11.821478
1.005448	11.917840
1.486944	11.917840
1.486944	12.012112
1.950929	12.012112
1.950929	12.078761
2.325208	12.078761
2.325208	12.155154
3.140826	12.155154
3.140826	12.239373
3.934818	12.239373
3.934818	12.301818
4.592372	12.301818
4.592372	12.374683
6.002302	12.374683
6.002302	12.453944
7.343575	12.453944
7.343575	12.511937
8.474492	12.511937
8.474492	12.577749
10.878756	12.577749
10.878756	12.643637
13.113894	12.643637
13.113894	12.685950
15.011255	12.685950
15.011255	12.728457
18.926854	12.728457
18.926854	12.776725
22.241409	12.776725
22.241409	12.827446
24.806641	12.827446
24.806641	12.927102
28.991575	12.927102
28.991575	13.122152
31.646202	13.122152
31.646202	13.362909
33.385835	13.362909
33.385835	13.721806
36.031811	13.721806
36.031811	14.059247
38.001139	14.059247
38.001139	14.205518
39.662816	14.205518
39.662816	14.303527
42.764723	14.303527
42.764723	14.374068
45.411764	14.374068
45.411764	14.416618
47.673948	14.416618
47.673948	14.470273
51.641309	14.470273
51.641309	14.551692
54.618411	14.551692
54.618411	14.651005
56.842838	14.651005
56.842838	14.837403
59.832774	14.837403
59.832774	15.184308
61.646988	15.184308
61.646988	15.620995
62.833506	15.620995
62.833506	16.267902
64.294113	16.267902
64.294113	16.971371
65.318554	16.971371
65.318554	17.363428
66.163927	17.363428
66.163927	17.614712
67.484500	17.614712
67.484500	17.784546
68.649396	17.784546
68.649396	17.892061
69.705434	17.892061
69.705434	17.993032
71.319589	17.993032
71.319589	18.082933
72.767073	18.082933
72.767073	18.144043
74.091373	18.144043
& cycle # 3, chisq = 182097.240978, e = 38.481665
0.000000	10.741603
0.342955	10.741603
0.342955	11.432212
0.746325	11.432212
0.746325	11.604523
1.005448	11.604523
1.005448	11.733682
1.486944	11.733682
1.486944	11.858088
1.950929	11.858088
1.950929	11.944831
2.325208	11.944831
2.325208	12.042945
3.140826	12.042945
3.140826	12.149705
3.934818	12.149705
3.934818	12.227835
4.592372	12.227835
4.592372	12.317795
6.002302	12.317795
6.002302	12.414339
7.343575	12.414339
7.343575	12.484016
8.474492	12.484016
8.474492	12.561933
10.878756	12.561933
10.878756	12.638601
13.113894	12.638601
13.113894	12.686598
15.011255	12.686598
15.011255	12.732649
18.926854	12.732649
18.926854	12.782078
22.241409	12.782078
22.241409	12.832365
24.806641	12.832365
24.806641	12.930051
28.991575	12.930051
28.991575	13.120132
31.646202	13.120132
31.646202	13.353646
33.385835	13.353646
33.385835	13.699601
36.031811	13.699601
36.031811	14.021806
38.001139	14.021806
38.001139	14.159254
39.662816	14.159254
39.662816	14.250124
42.764723	14.250124
42.764723	14.315517
45.411764	14.315517
45.411764	14.355390
47.673948	14.355390
47.673948	14.406417
51.641309	14.406417
51.641309	14.484700
54.618411	14.484700
54.618411	14.580916
56.842838	14.580916
56.842838	14.762784
59.832774	14.762784
59.832774	15.103836
61.646988	15.103836
61.646988	15.536949
62.833506	15.536949
62.833506	16.186657
64.294113	16.186657
64.294113	16.907301
65.318554	16.907301
65.318554	17.324151
66.163927	17.324151
66.163927	17.609514
67.484500	17.609514
67.484500	17.818145
68.649396	17.818145
68.649396	17.957954
69.705434	17.957954
69.705434	18.093624
71.319589	18.093624
71.319589	18.217789
72.767073	18.217789
72.767073	18.304769
74.091373	18.304769
& cycle # 4, chisq = 182066.111978, e = 38.481665
0.000000	10.838647
0.342955	10.838647
0.342955	11.513466
0.746325	11.513466
0.746325	11.672841
1.005448	11.672841
1.005448	11.792263
1.486944	11.792263
1.486944	11.907340
1.950929	11.907340
1.950929	11.987633
2.325208	11.987633
2.325208	12.078536
3.140826	12.078536
3.140826	12.177574
3.934818	12.177574
3.934818	12.250168
4.592372	12.250168
4.592372	12.333922
6.002302	12.333922
6.002302	12.424026
7.343575	12.424026
7.343575	12.489245
8.474492	12.489245
8.474492	12.562446
10.878756	12.562446
10.878756	12.634840
13.113894	12.634840
13.113894	12.680541
15.011255	12.680541
15.011255	12.725100
18.926854	12.725100
18.926854	12.773927
22.241409	12.773927
22.241409	12.824221
24.806641	12.824221
24.806641	12.922375
28.991575	12.922375
28.991575	13.113847
31.646202	13.113847
31.646202	13.349574
33.385835	13.349574
33.385835	13.699809
36.031811	13.699809
36.031811	14.027471
38.001139	14.027471
38.001139	14.168359
39.662816	14.168359
39.662816	14.262222
42.764723	14.262222
42.764723	14.329959
45.411764	14.329959
45.411764	14.371224
47.673948	14.371224
47.673948	14.423853
51.641309	14.423853
51.641309	14.504275
54.618411	14.504275
54.618411	14.602760
56.842838	14.602760
56.842838	14.788167
59.832774	14.788167
59.832774	15.134256
61.646988	15.134256
61.646988	15.571339
62.833506	15.571339
62.833506	16.221739
64.294113	16.221739
64.294113	16.933904
65.318554	16.933904
65.318554	17.335900
66.163927	17.335900
66.163927	17.599360
67.484500	17.599360
67.484500	17.782119
68.649396	17.782119
68.649396	17.899832
69.705434	17.899832
69.705434	18.011210
71.319589	18.011210
71.319589	18.110792
72.767073	18.110792
72.767073	18.178664
74.091373	18.178664
& cycle # 5, chisq = 182237.047388, e = 38.481665
0.000000	11.065240
0.331718	11.065240
0.331718	11.663451
0.727713	11.663451
0.727713	11.796922
0.981391	11.796922
0.981391	11.898198
1.455996	11.898198
1.455996	11.996793
1.913556	11.996793
1.913556	12.066033
2.282243	12.066033
2.282243	12.145271
3.091870	12.145271
3.091870	12.232321
3.880013	12.232321
3.880013	12.296475
4.531961	12.296475
4.531961	12.371249
5.940079	12.371249
5.940079	12.452332
7.279098	12.452332
7.279098	12.511322
8.406818	12.511322
8.406818	12.578199
10.821420	12.578199
10.821420	12.644886
13.064619	12.644886
13.064619	12.687297
14.966805	12.687297
14.966805	12.729366
18.919242	12.729366
18.919242	12.776475
22.257900	12.776475
22.257900	12.825793
24.833387	12.825793
24.833387	12.923586
29.039993	12.923586
29.039993	13.117060
31.681494	13.117060
31.681494	13.356837
33.400159	13.356837
33.400159	13.713177
36.023745	13.713177
36.023745	14.042450
37.979505	14.042450
37.979505	14.182759
39.632321	14.182759
39.632321	14.278237
42.739472	14.278237
42.739472	14.347857
45.388541	14.347857
45.388541	14.389840
47.651130	14.389840
47.651130	14.442970
51.641988	14.442970
51.641988	14.524043
54.628309	14.524043
54.628309	14.623340
56.853263	14.623340
56.853263	14.811308
59.847626	14.811308
59.847626	15.164081
61.651270	15.164081
61.651270	15.609312
62.825454	15.609312
62.825454	16.268153
64.275739	16.268153
64.275739	16.976670
65.294607	16.976670
65.294607	17.364755
66.137849	17.364755
66.137849	17.614075
67.464337	17.614075
67.464337	17.786038
68.634248	17.786038
68.634248	17.896524
69.694257	17.896524
69.694257	18.000573
71.321140	18.000573
71.321140	18.092557
72.778472	18.092557
72.778472	18.154148
74.110404	18.154148
& cycle # 1, chisq = 189660.351599, e = 38.844817
0.000000	11.406933
0.331718	11.406933
0.331718	11.916986
0.727713	11.916986
0.727713	12.010027
0.981391	12.010027
0.981391	12.081462
1.455996	12.081462
1.455996	12.151819
1.913556	12.151819
1.913556	12.201815
2.282243	12.201815
2.282243	12.259749
3.091870	12.259749
3.091870	12.324229
3.880013	12.324229
3.880013	12.372386
4.531961	12.372386
4.531961	12.429297
5.940079	12.429297
5.940079	12.491891
7.279098	12.491891
7.279098	12.538101
8.406818	12.538101
8.406818	12.591349
10.821420	12.591349
10.821420	12.645526
13.064619	12.645526
13.064619	12.681038
14.966805	12.681038
14.966805	12.718199
18.919242	12.718199
18.919242	12.762452
22.257900	12.762452
22.257900	12.810350
24.833387	12.810350
24.833387	12.906452
29.039993	12.906452
29.039993	13.097816
31.681494	13.097816
31.681494	13.336308
33.400159	13.336308
33.400159	13.693455
36.023745	13.693455
36.023745	14.027464
37.979505	14.027464
37.979505	14.172766
39.632321	14.172766
39.632321	14.273493
42.739472	14.273493
42.739472	14.347435
45.388541	14.347435
45.388541	14.391988
47.651130	14.391988
47.651130	14.448033
51.641988	14.448033
51.641988	14.532938
54.628309	14.532938
54.628309	14.636281
56.853263	14.636281
56.853263	14.830704
59.847626	14.830704
59.847626	15.193193
61.651270	15.193193
61.651270	15.647233
62.825454	15.647233
62.825454	16.311920
64.275739	16.311920
64.275739	17.014581
65.294607	17.014581
65.294607	17.386896
66.137849	17.386896
66.137849	17.611900
67.464337	17.611900
67.464337	17.755857
68.634248	17.755857
68.634248	17.843589
69.694257	17.843589
69.694257	17.924058
71.321140	17.924058
71.321140	17.993826
72.778472	17.993826
72.778472	18.039603
74.110404	18.039603
& cycle # 2, chisq = 189725.862178, e = 38.844817
0.000000	11.112260
0.331718	11.112260
0.331718	11.694525
0.727713	11.694525
0.727713	11.820176
0.981391	11.820176
0.981391	11.916214
1.455996	11.916214
1.455996	12.010203
1.913556	12.010203
1.913556	12.076510
2.282243	12.076510
2.282243	12.152710
3.091870	12.152710
3.091870	12.236752
3.880013	12.236752
3.880013	12.298917
4.531961	12.298917
4.531961	12.371628
5.940079	12.371628
5.940079	12.450736
7.279098	12.450736
7.279098	12.508470
8.406818	12.508470
8.406818	12.574128
10.821420	12.574128
10.821420	12.639825
13.064619	12.639825
13.064619	12.681802
14.966805	12.681802
14.966805	12.723783
18.919242	12.723783
18.919242	12.771247
22.257900	12.771247
22.257900	12.821200
24.833387	12.821200
24.833387	12.920419
29.039993	12.920419
29.039993	13.116870
31.681494	13.116870
31.681494	13.360482
33.400159	13.360482
33.400159	13.722786
36.023745	13.722786
36.023745	14.057918
37.979505	14.057918
37.979505	14.200928
39.632321	14.200928
39.632321	14.298242
42.739472	14.298242
42.739472	14.368973
45.388541	14.368973
45.388541	14.411351
47.651130	14.411351
47.651130	14.464627
51.641988	14.464627
51.641988	14.545632
54.628309	14.545632
54.628309	14.644681
56.853263	14.644681
56.853263	14.831972
59.847626	14.831972
59.847626	15.183112
61.651270	15.183112
61.651270	15.625791
62.825454	15.625791
62.825454	16.279854
64.275739	16.279854
64.275739	16.981550
65.294607	16.981550
65.294607	17.364153
66.137849	17.364153
66.137849	17.607973
67.464337	17.607973
67.464337	17.774556
68.634248	17.774556
68.634248	17.880892
69.694257	17.880892
69.694257	17.980687
71.321140	17.980687
71.321140	18.068652
72.778472	18.068652
72.778472	18.127347
74.110404	18.127347
& cycle # 3, chisq = 189619.659759, e = 38.844817
0.000000	10.768325
0.331718	10.768325
0.331718	11.430750
0.727713	11.430750
0.727713	11.603949
0.981391	11.603949
0.981391	11.733430
1.455996	11.733430
1.455996	11.858079
1.913556	11.858079
1.913556	11.944753
2.282243	11.944753
2.282243	12.043004
3.091870	12.043004
3.091870	12.149924
3.880013	12.149924
3.880013	12.227967
4.531961	12.227967
4.531961	12.318025
5.940079	12.318025
5.940079	12.414680
7.279098	12.414680
7.279098	12.484255
8.406818	12.484255
8.406818	12.562225
10.821420	12.562225
10.821420	12.638907
13.064619	12.638907
13.064619	12.686679
14.966805	12.686679
14.966805	12.732293
18.919242	12.732293
18.919242	12.780979
22.257900	12.780979
22.257900	12.830549
24.833387	12.830549
24.833387	12.927884
29.039993	12.927884
29.039993	13.119472
31.681494	13.119472
31.681494	13.355900
33.400159	13.355900
33.400159	13.705255
36.023745	13.705255
36.023745	14.025161
37.979505	14.025161
37.979505	14.159349
39.632321	14.159349
39.632321	14.249421
42.739472	14.249421
42.739472	14.314915
45.388541	14.314915
45.388541	14.354606
47.651130	14.354606
47.651130	14.405284
51.641988	14.405284
51.641988	14.483224
54.628309	14.483224
54.628309	14.579274
56.853263	14.579274
56.853263	14.762221
59.847626	14.762221
59.847626	15.107911
61.651270	15.107911
61.651270	15.547712
62.825454	15.547712
62.825454	16.206097
64.275739	16.206097
64.275739	16.927376
65.294607	16.927376
65.294607	17.336661
66.137849	17.336661
66.137849	17.616445
67.464337	17.616445
67.464337	17.823747
68.634248	17.823747
68.634248	17.963905
69.694257	17.963905
69.694257	18.100128
71.321140	18.100128
71.321140	18.224235
72.778472	18.224235
72.778472	18.310543
74.110404	18.310543
& cycle # 4, chisq = 189600.502948, e = 38.844817
0.000000	10.869499
0.331718	10.869499
0.331718	11.514793
0.727713	11.514793
0.727713	11.674655
0.981391	11.674655
0.981391	11.794092
1.455996	11.794092
1.455996	11.909098
1.913556	11.909098
1.913556	11.989105
2.282243	11.989105
2.282243	12.079872
3.091870	12.079872
3.091870	12.178757
3.880013	12.178757
3.880013	12.251041
4.531961	12.251041
4.531961	12.334615
5.940079	12.334615
5.940079	12.424527
7.279098	12.424527
7.279098	12.489435
8.406818	12.489435
8.406818	12.562444
10.821420	12.562444
10.821420	12.634616
13.064619	12.634616
13.064619	12.679959
14.966805	12.679959
14.966805	12.723979
18.919242	12.723979
18.919242	12.771992
22.257900	12.771992
22.257900	12.821518
24.833387	12.821518
24.833387	12.919236
29.039993	12.919236
29.039993	13.112082
31.681494	13.112082
31.681494	13.350603
33.400159	13.350603
33.400159	13.704144
36.023745	13.704144
36.023745	14.029495
37.979505	14.029495
37.979505	14.167178
39.632321	14.167178
39.632321	14.260358
42.739472	14.260358
42.739472	14.328310
45.388541	14.328310
45.388541	14.369463
47.651130	14.369463
47.651130	14.421835
51.641988	14.421835
51.641988	14.502058
54.628309	14.502058
54.628309	14.600547
56.853263	14.600547
56.853263	14.787354
59.847626	14.787354
59.847626	15.138634
61.651270	15.138634
61.651270	15.582948
62.825454	15.582948
62.825454	16.242415
64.275739	16.242415
64.275739	16.954924
65.294607	16.954924
65.294607	17.348592
66.137849	17.348592
66.137849	17.605270
67.464337	17.605270
67.464337	17.785198
68.634248	17.785198
68.634248	17.901922
69.694257	17.901922
69.694257	18.012203
71.321140	18.012203
71.321140	18.109765
72.778472	18.109765
72.778472	18.175021
74.110404	18.175021
& cycle # 5, chisq = 189785.649539, e = 38.844817
0.000000	10.987815
0.354112	10.987815
0.354112	11.667715
0.764617	11.667715
0.764617	11.802269
1.029040	11.802269
1.029040	11.904224
1.517134	11.904224
1.517134	12.003221
1.987266	12.003221
1.987266	12.072924
2.366912	12.072924
2.366912	12.152156
3.188065	12.152156
3.188065	12.239002
3.987461	12.239002
3.987461	12.303219
4.650245	12.303219
4.650245	12.377626
6.061360	12.377626
6.061360	12.458191
7.404273	12.458191
7.404273	12.517044
8.537844	12.517044
8.537844	12.583438
10.931104	12.583438
10.931104	12.649689
13.157521	12.649689
13.157521	12.692226
15.049527	12.692226
15.049527	12.734701
18.929151	12.734701
18.929151	12.782461
22.221803	12.782461
22.221803	12.832159
24.779676	12.832159
24.779676	12.928543
28.950719	12.928543
28.950719	13.114991
31.623930	13.114991
31.623930	13.344378
33.387634	13.344378
33.387634	13.688185
36.057658	13.688185
36.057658	14.018060
38.038618	14.018060
38.038618	14.163760
39.706264	14.163760
39.706264	14.260140
42.797190	14.260140
42.797190	14.329309
45.437141	14.329309
45.437141	14.371924
47.694653	14.371924
47.694653	14.426569
51.632188	14.426569
51.632188	14.509846
54.595442	14.509846
54.595442	14.611386
56.816079	14.611386
56.816079	14.800678
59.798146	14.800678
59.798146	15.150346
61.621372	15.150346
61.621372	15.589469
62.819861	15.589469
62.819861	16.240601
64.291697	16.240601
64.291697	16.956334
65.323275	16.956334
65.323275	17.362510
66.172362	17.362510
66.172362	17.622356
67.489754	17.622356
67.489754	17.792507
68.651939	17.792507
68.651939	17.895047
69.705886	17.895047
69.705886	17.985549
71.309101	17.985549
71.309101	18.060170
72.744317	18.060170
72.744317	18.106902
74.051500	18.106902
& cycle # 1, chisq = 175301.292142, e = 38.128522
0.000000	11.098892
0.354112	11.098892
0.354112	11.739009
0.764617	11.739009
0.764617	11.859781
1.029040	11.859781
1.029040	11.951914
1.517134	11.951914
1.517134	12.041898
1.987266	12.041898
1.987266	12.105604
2.366912	12.105604
2.366912	12.178414
3.188065	12.178414
3.188065	12.258654
3.987461	12.258654
3.987461	12.318302
4.650245	12.318302
4.650245	12.387785
6.061360	12.387785
6.061360	12.463415
7.404273	12.463415
7.404273	12.518950
8.537844	12.518950
8.537844	12.581939
10.931104	12.581939
10.931104	12.645184
13.157521	12.645184
13.157521	12.686149
15.049527	12.686149
15.049527	12.727681
18.929151	12.727681
18.929151	12.775206
22.221803	12.775206
22.221803	12.825142
24.779676	12.825142
24.779676	12.922312
28.950719	12.922312
28.950719	13.110590
31.623930	13.110590
31.623930	13.342521
33.387634	13.342521
33.387634	13.690685
36.057658	13.690685
36.057658	14.025490
38.038618	14.025490
38.038618	14.173880
39.706264	14.173880
39.706264	14.272244
42.797190	14.272244
42.797190	14.342660
45.437141	14.342660
45.437141	14.385755
47.694653	14.385755
47.694653	14.440630
51.632188	14.440630
51.632188	14.523923
54.595442	14.523923
54.595442	14.625275
56.816079	14.625275
56.816079	14.813951
59.798146	14.813951
59.798146	15.162043
61.621372	15.162043
61.621372	15.598613
62.819861	15.598613
62.819861	16.244844
64.291697	16.244844
64.291697	16.953374
65.323275	16.953374
65.323275	17.353629
66.172362	17.353629
66.172362	17.607692
67.489754	17.607692
67.489754	17.772546
68.651939	17.772546
68.651939	17.871345
69.705886	17.871345
69.705886	17.958452
71.309101	17.958452
71.309101	18.030341
72.744317	18.030341
72.744317	18.075478
74.051500	18.075478
& cycle # 2, chisq = 175198.832405, e = 38.128522
0.000000	11.044452
0.354112	11.044452
0.354112	11.692672
0.764617	11.692672
0.764617	11.817657
1.029040	11.817657
1.029040	11.913168
1.517134	11.913168
1.517134	12.006522
1.987266	12.006522
1.987266	12.072635
2.366912	12.072635
2.366912	12.148191
3.188065	12.148191
3.188065	12.231425
3.987461	12.231425
3.987461	12.293259
4.650245	12.293259
4.650245	12.365223
6.061360	12.365223
6.061360	12.443466
7.404273	12.443466
7.404273	12.500848
8.537844	12.500848
8.537844	12.565834
10.931104	12.565834
10.931104	12.630960
13.157521	12.630960
13.157521	12.673022
15.049527	12.673022
15.049527	12.715450
18.929151	12.715450
18.929151	12.763712
22.221803	12.763712
22.221803	12.814254
24.779676	12.814254
24.779676	12.912482
28.950719	12.912482
28.950719	13.102675
31.623930	13.102675
31.623930	13.336822
33.387634	13.336822
33.387634	13.688020
36.057658	13.688020
36.057658	14.025298
38.038618	14.025298
38.038618	14.174427
39.706264	14.174427
39.706264	14.272991
42.797190	14.272991
42.797190	14.343375
45.437141	14.343375
45.437141	14.386346
47.694653	14.386346
47.694653	14.440978
51.632188	14.440978
51.632188	14.523883
54.595442	14.523883
54.595442	14.624798
56.816079	14.624798
56.816079	14.812762
59.798146	14.812762
59.798146	15.159765
61.621372	15.159765
61.621372	15.595310
62.819861	15.595310
62.819861	16.240744
64.291697	16.240744
64.291697	16.949640
65.323275	16.949640
65.323275	17.351421
66.172362	17.351421
66.172362	17.607999
67.489754	17.607999
67.489754	17.775807
68.651939	17.775807
68.651939	17.877019
69.705886	17.877019
69.705886	17.966626
71.309101	17.966626
71.309101	18.040933
72.744317	18.040933
72.744317	18.087940
74.051500	18.087940
& cycle # 3, chisq = 175163.044771, e = 38.128522
0.000000	10.739212
0.354112	10.739212
0.354112	11.453379
0.764617	11.453379
0.764617	11.621689
1.029040	11.621689
1.029040	11.748129
1.517134	11.748129
1.517134	11.870001
1.987266	11.870001
1.987266	11.955234
2.366912	11.955234
2.366912	12.051475
3.188065	12.051475
3.188065	12.156242
3.987461	12.156242
3.987461	12.233156
4.650245	12.233156
4.650245	12.321594
6.061360	12.321594
6.061360	12.416578
7.404273	12.416578
7.404273	12.485372
8.537844	12.485372
8.537844	12.562240
10.931104	12.562240
10.931104	12.638046
13.157521	12.638046
13.157521	12.685858
15.049527	12.685858
15.049527	12.732084
18.929151	12.732084
18.929151	12.782039
22.221803	12.782039
22.221803	12.832824
24.779676	12.832824
24.779676	12.930480
28.950719	12.930480
28.950719	13.118540
31.623930	13.118540
31.623930	13.349047
33.387634	13.349047
33.387634	13.692843
36.057658	13.692843
36.057658	14.020214
38.038618	14.020214
38.038618	14.162884
39.706264	14.162884
39.706264	14.255905
42.797190	14.255905
42.797190	14.322126
45.437141	14.322126
45.437141	14.362794
47.694653	14.362794
47.694653	14.415009
51.632188	14.415009
51.632188	14.494906
54.595442	14.494906
54.595442	14.592775
56.816079	14.592775
56.816079	14.776188
59.798146	14.776188
59.798146	15.117042
61.621372	15.117042
61.621372	15.548171
62.819861	15.548171
62.819861	16.194037
64.291697	16.194037
64.291697	16.915517
65.323275	16.915517
65.323275	17.337458
66.172362	17.337458
66.172362	17.622450
67.489754	17.622450
67.489754	17.822510
68.651939	17.822510
68.651939	17.950265
69.705886	17.950265
69.705886	18.068156
71.309101	18.068156
71.309101	18.170938
72.744317	18.170938
72.744317	18.241078
74.051500	18.241078
& cycle # 4, chisq = 175152.675643, e = 38.128522
0.000000	11.233532
0.354112	11.233532
0.354112	11.833601
0.764617	11.833601
0.764617	11.939637
1.029040	11.939637
1.029040	12.019908
1.517134	12.019908
1.517134	12.098058
1.987266	12.098058
1.987266	12.153314
2.366912	12.153314
2.366912	12.216483
3.188065	12.216483
3.188065	12.286202
3.987461	12.286202
3.987461	12.338161
4.650245	12.338161
4.650245	12.398914
6.061360	12.398914
6.061360	12.465367
7.404273	12.465367
7.404273	12.514466
8.537844	12.514466
8.537844	12.570632
10.931104	12.570632
10.931104	12.627730
13.157521	12.627730
13.157521	12.665476
15.049527	12.665476
15.049527	12.705156
18.929151	12.705156
18.929151	12.752452
22.221803	12.752452
22.221803	12.803269
24.779676	12.803269
24.779676	12.902956
28.950719	12.902956
28.950719	13.096932
31.623930	13.096932
31.623930	13.336695
33.387634	13.336695
33.387634	13.698107
36.057658	13.698107
36.057658	14.047635
38.038618	14.047635
38.038618	14.203761
39.706264	14.203761
39.706264	14.307357
42.797190	14.307357
42.797190	14.380350
45.437141	14.380350
45.437141	14.423598
47.694653	14.423598
47.694653	14.476966
51.632188	14.476966
51.632188	14.556771
54.595442	14.556771
54.595442	14.653444
56.816079	14.653444
56.816079	14.833359
59.798146	14.833359
59.798146	15.165825
61.621372	15.165825
61.621372	15.584028
62.819861	15.584028
62.819861	16.206168
64.291697	16.206168
64.291697	16.894132
65.323275	16.894132
65.323275	17.289435
66.172362	17.289435
66.172362	17.548768
67.489754	17.548768
67.489754	17.724874
68.651939	17.724874
68.651939	17.834745
69.705886	17.834745
69.705886	17.934673
71.309101	17.934673
71.309101	18.020320
72.744317	18.020320
72.744317	18.077271
74.051500	18.077271
& cycle # 5, chisq = 174750.529747, e = 38.128522
0.000000	11.084827
0.329613	11.084827
0.329613	11.673319
0.724050	11.673319
0.724050	11.805992
0.976614	11.805992
0.976614	11.906601
1.449664	11.906601
1.449664	12.004527
1.905758	12.004527
1.905758	12.073263
2.273199	12.073263
2.273199	12.151957
3.081100	12.151957
3.081100	12.238421
3.867559	12.238421
3.867559	12.302127
4.517990	12.302127
4.517990	12.376428
5.924500	12.376428
5.924500	12.457031
7.261903	12.457031
7.261903	12.515678
8.388052	12.515678
8.388052	12.582245
10.802092	12.582245
10.802092	12.648717
13.044556	12.648717
13.044556	12.691040
14.946004	12.691040
14.946004	12.732947
18.903692	12.732947
18.903692	12.779490
22.250531	12.779490
22.250531	12.827911
24.835232	12.827911
24.835232	12.923907
29.066794	12.923907
29.066794	13.114268
31.724022	13.114268
31.724022	13.351529
33.449820	13.351529
33.449820	13.708166
36.075199	13.708166
36.075199	14.041932
38.022602	14.041932
38.022602	14.184767
39.665661	14.184767
39.665661	14.281663
42.756724	14.281663
42.756724	14.352224
45.392385	14.352224
45.392385	14.394692
47.644513	14.394692
47.644513	14.448246
51.624713	14.448246
51.624713	14.529727
54.606257	14.529727
54.606257	14.629348
56.829926	14.629348
56.829926	14.817850
59.828851	14.817850
59.828851	15.171480
61.636711	15.171480
61.636711	15.617859
62.813891	15.617859
62.813891	16.279677
64.268147	16.279677
64.268147	16.992964
65.288284	16.992964
65.288284	17.383111
66.131796	17.383111
66.131796	17.631068
67.459172	17.631068
67.459172	17.797952
68.629474	17.797952
68.629474	17.901353
69.689470	17.901353
69.689470	17.994371
71.315778	17.994371
71.315778	18.072502
72.767913	18.072502
72.767913	18.122932
74.087613	18.122932
& cycle # 1, chisq = 191530.405572, e = 38.904061
0.000000	11.438850
0.329613	11.438850
0.329613	11.937076
0.724050	11.937076
0.724050	12.027600
0.976614	12.027600
0.976614	12.097122
1.449664	12.097122
1.449664	12.165636
1.905758	12.165636
1.905758	12.214335
2.273199	12.214335
2.273199	12.270831
3.081100	12.270831
3.081100	12.333763
3.867559	12.333763
3.867559	12.380784
4.517990	12.380784
4.517990	12.436425
5.924500	12.436425
5.924500	12.497683
7.261903	12.497683
7.261903	12.542940
8.388052	12.542940
8.388052	12.595187
10.802092	12.595187
10.802092	12.648460
13.044556	12.648460
13.044556	12.683456
14.946004	12.683456
14.946004	12.720085
18.903692	12.720085
18.903692	12.763490
22.250531	12.763490
22.250531	12.810286
24.835232	12.810286
24.835232	12.904239
29.066794	12.904239
29.066794	13.091825
31.724022	13.091825
31.724022	13.327009
33.449820	13.327009
33.449820	13.683354
36.075199	13.683354
36.075199	14.021046
38.022602	14.021046
38.022602	14.168722
39.665661	14.168722
39.665661	14.270920
42.756724	14.270920
42.756724	14.345921
45.392385	14.345921
45.392385	14.391062
47.644513	14.391062
47.644513	14.447670
51.624713	14.447670
51.624713	14.533178
54.606257	14.533178
54.606257	14.637053
56.829926	14.637053
56.829926	14.832362
59.828851	14.832362
59.828851	15.196304
61.636711	15.196304
61.636711	15.652179
62.813891	15.652179
62.813891	16.320783
64.268147	16.320783
64.268147	17.029138
65.288284	17.029138
65.288284	17.404036
66.131796	17.404036
66.131796	17.628337
67.459172	17.628337
67.459172	17.768460
68.629474	17.768460
68.629474	17.850783
69.689470	17.850783
69.689470	17.922690
71.315778	17.922690
71.315778	17.981338
72.767913	17.981338
72.767913	18.017641
74.087613	18.017641
& cycle # 2, chisq = 191576.382830, e = 38.904061
0.000000	11.130379
0.329613	11.130379
0.329613	11.706110
0.724050	11.706110
0.724050	11.830520
0.976614	11.830520
0.976614	11.925605
1.449664	11.925605
1.449664	12.018676
1.905758	12.018676
1.905758	12.084321
2.273199	12.084321
2.273199	12.159810
3.081100	12.159810
3.081100	12.243100
3.867559	12.243100
3.867559	12.304708
4.517990	12.304708
4.517990	12.376831
5.924500	12.376831
5.924500	12.455348
7.261903	12.455348
7.261903	12.512668
8.388052	12.512668
8.388052	12.577946
10.802092	12.577946
10.802092	12.643366
13.044556	12.643366
13.044556	12.685223
14.946004	12.685223
14.946004	12.727022
18.903692	12.727022
18.903692	12.773922
22.250531	12.773922
22.250531	12.822991
24.835232	12.822991
24.835232	12.920451
29.066794	12.920451
29.066794	13.113877
31.724022	13.113877
31.724022	13.355109
33.449820	13.355109
33.449820	13.717989
36.075199	13.717989
36.075199	14.057958
38.022602	14.057958
38.022602	14.203661
39.665661	14.203661
39.665661	14.302499
42.756724	14.302499
42.756724	14.374231
45.392385	14.374231
45.392385	14.417110
47.644513	14.417110
47.644513	14.470802
51.624713	14.470802
51.624713	14.552186
54.606257	14.552186
54.606257	14.651517
56.829926	14.651517
56.829926	14.839262
59.828851	14.839262
59.828851	15.191124
61.636711	15.191124
61.636711	15.634804
62.813891	15.634804
62.813891	16.291682
64.268147	16.291682
64.268147	16.998081
65.288284	16.998081
65.288284	17.382858
66.131796	17.382858
66.131796	17.625618
67.459172	17.625618
67.459172	17.787600
68.629474	17.787600
68.629474	17.887360
69.689470	17.887360
69.689470	17.976773
71.315778	17.976773
71.315778	18.051574
72.767913	18.051574
72.767913	18.099566
74.087613	18.099566
& cycle # 3, chisq = 191483.046700, e = 38.904061
0.000000	10.810275
0.329613	10.810275
0.329613	11.460130
0.724050	11.460130
0.724050	11.628336
0.976614	11.628336
0.976614	11.754266
1.449664	11.754266
1.449664	11.875665
1.905758	11.875665
1.905758	11.960151
2.273199	11.960151
2.273199	12.056074
3.081100	12.056074
3.081100	12.160588
3.867559	12.160588
3.867559	12.236934
4.517990	12.236934
4.517990	12.325178
5.924500	12.325178
5.924500	12.420017
7.261903	12.420017
7.261903	12.488359
8.388052	12.488359
8.388052	12.565116
10.802092	12.565116
10.802092	12.640802
13.044556	12.640802
13.044556	12.688094
14.946004	12.688094
14.946004	12.733316
18.903692	12.733316
18.903692	12.781354
22.250531	12.781354
22.250531	12.830033
24.835232	12.830033
24.835232	12.925654
29.066794	12.925654
29.066794	13.114361
31.724022	13.114361
31.724022	13.348624
33.449820	13.348624
33.449820	13.698878
36.075199	13.698878
36.075199	14.023927
38.022602	14.023927
38.022602	14.161002
39.665661	14.161002
39.665661	14.252776
42.756724	14.252776
42.756724	14.319395
45.392385	14.319395
45.392385	14.359649
47.644513	14.359649
47.644513	14.410810
51.624713	14.410810
51.624713	14.489211
54.606257	14.489211
54.606257	14.585620
56.829926	14.585620
56.829926	14.769100
59.828851	14.769100
59.828851	15.115504
61.636711	15.115504
61.636711	15.556038
62.813891	15.556038
62.813891	16.216243
64.268147	16.216243
64.268147	16.940065
65.288284	16.940065
65.288284	17.349054
66.131796	17.349054
66.131796	17.624384
67.459172	17.624384
67.459172	17.822802
68.629474	17.822802
68.629474	17.952391
69.689470	17.952391
69.689470	18.073772
71.315778	18.073772
71.315778	18.180948
72.767913	18.180948
72.767913	18.255310
74.087613	18.255310
& cycle # 4, chisq = 191454.505776, e = 38.904061
0.000000	10.917168
0.329613	10.917168
0.329613	11.552056
0.724050	11.552056
0.724050	11.708072
0.976614	11.708072
0.976614	11.824495
1.449664	11.824495
1.449664	11.936547
1.905758	11.936547
1.905758	12.014450
2.273199	12.014450
2.273199	12.102857
3.081100	12.102857
3.081100	12.199190
3.867559	12.199190
3.867559	12.269603
4.517990	12.269603
4.517990	12.351092
5.924500	12.351092
5.924500	12.438832
7.261903	12.438832
7.261903	12.502212
8.388052	12.502212
8.388052	12.573635
10.802092	12.573635
10.802092	12.644396
13.044556	12.644396
13.044556	12.688966
14.946004	12.688966
14.946004	12.732265
18.903692	12.732265
18.903692	12.779234
22.250531	12.779234
22.250531	12.827445
24.835232	12.827445
24.835232	12.922599
29.066794	12.922599
29.066794	13.110886
31.724022	13.110886
31.724022	13.345166
33.449820	13.345166
33.449820	13.696560
36.075199	13.696560
36.075199	14.024344
38.022602	14.024344
38.022602	14.163869
39.665661	14.163869
39.665661	14.258181
42.756724	14.258181
42.756724	14.327004
45.392385	14.327004
45.392385	14.368710
47.644513	14.368710
47.644513	14.421713
51.624713	14.421713
51.624713	14.502731
54.606257	14.502731
54.606257	14.602029
56.829926	14.602029
56.829926	14.790259
59.828851	14.790259
59.828851	15.143977
61.636711	15.143977
61.636711	15.591277
62.813891	15.591277
62.813891	16.256085
64.268147	16.256085
64.268147	16.975250
65.288284	16.975250
65.288284	17.371261
66.131796	17.371261
66.131796	17.625755
67.459172	17.625755
67.459172	17.799014
68.629474	17.799014
68.629474	17.906958
69.689470	17.906958
69.689470	18.004018
71.315778	18.004018
71.315778	18.085236
72.767913	18.085236
72.767913	18.137257
74.087613	18.137257
& cycle # 5, chisq = 191677.890574, e = 38.904061
0.000000	11.025181
0.339703	11.025181
0.339703	11.650953
0.740866	11.650953
0.740866	11.786834
0.998376	11.786834
0.998376	11.890008
1.477760	11.890008
1.477760	11.990426
1.939771	11.990426
1.939771	12.061053
2.312344	12.061053
2.312344	12.141709
3.125939	12.141709
3.125939	12.230272
3.917959	12.230272
3.917959	12.295632
4.573670	12.295632
4.573670	12.371651
5.982430	12.371651
5.982430	12.454033
7.322446	12.454033
7.322446	12.514045
8.451951	12.514045
8.451951	12.581929
10.857860	12.581929
10.857860	12.649592
13.094135	12.649592
13.094135	12.692705
14.992050	12.692705
14.992050	12.735343
18.917511	12.735343
18.917511	12.782706
22.241462	12.782706
22.241462	12.831848
24.814275	12.831848
24.814275	12.928256
29.018483	12.928256
29.018483	13.117244
31.680938	13.117244
31.680938	13.351114
33.421901	13.351114
33.421901	13.701188
36.066695	13.701188
36.066695	14.030815
38.030174	14.030815
38.030174	14.172956
39.685778	14.172956
39.685778	14.267912
42.781243	14.267912
42.781243	14.336508
45.421796	14.336508
45.421796	14.378266
47.677801	14.378266
47.677801	14.431556
51.639764	14.431556
51.639764	14.513042
54.610049	14.513042
54.610049	14.612831
56.827618	14.612831
56.827618	14.800872
59.810226	14.800872
59.810226	15.151870
61.618286	15.151870
61.618286	15.593849
62.801363	15.593849
62.801363	16.247928
64.263402	16.247928
64.263402	16.957860
65.292748	16.957860
65.292748	17.356155
66.144302	17.356155
66.144302	17.619464
67.478081	17.619464
67.478081	17.806105
68.654840	17.806105
68.654840	17.929017
69.721539	17.929017
69.721539	18.047642
71.354108	18.047642
71.354108	18.155824
72.818626	18.155824
72.818626	18.230883
74.159894	18.230883
& cycle # 1, chisq = 184324.730834, e = 38.580215
0.000000	11.088039
0.339703	11.088039
0.339703	11.696265
0.740866	11.696265
0.740866	11.823752
0.998376	11.823752
0.998376	11.920881
1.477760	11.920881
1.477760	12.015672
1.939771	12.015672
1.939771	12.082507
2.312344	12.082507
2.312344	12.159023
3.125939	12.159023
3.125939	12.243245
3.917959	12.243245
3.917959	12.305554
4.573670	12.305554
4.573670	12.378207
5.982430	12.378207
5.982430	12.457140
7.322446	12.457140
7.322446	12.514788
8.451951	12.514788
8.451951	12.580180
10.857860	12.580180
10.857860	12.645581
13.094135	12.645581
13.094135	12.687464
14.992050	12.687464
14.992050	12.729268
18.917511	12.729268
18.917511	12.776222
22.241462	12.776222
22.241462	12.825251
24.814275	12.825251
24.814275	12.921655
29.018483	12.921655
29.018483	13.110861
31.680938	13.110861
31.680938	13.345236
33.421901	13.345236
33.421901	13.696533
36.066695	13.696533
36.066695	14.027992
38.030174	14.027992
38.030174	14.171428
39.685778	14.171428
39.685778	14.267555
42.781243	14.267555
42.781243	14.337047
45.421796	14.337047
45.421796	14.379298
47.677801	14.379298
47.677801	14.433091
51.639764	14.433091
51.639764	14.515168
54.610049	14.515168
54.610049	14.615500
56.827618	14.615500
56.827618	14.804214
59.810226	14.804214
59.810226	15.155727
61.618286	15.155727
61.618286	15.597244
62.801363	15.597244
62.801363	16.248247
64.263402	16.248247
64.263402	16.950660
65.292748	16.950660
65.292748	17.340239
66.144302	17.340239
66.144302	17.592452
67.478081	17.592452
67.478081	17.766698
68.654840	17.766698
68.654840	17.879266
69.721539	17.879266
69.721539	17.986679
71.354108	17.986679
71.354108	18.083719
72.818626	18.083719
72.818626	18.150372
74.159894	18.150372
& cycle # 2, chisq = 184384.178281, e = 38.580215
0.000000	11.084984
0.339703	11.084984
0.339703	11.696621
0.740866	11.696621
0.740866	11.822872
0.998376	11.822872
0.998376	11.919403
1.477760	11.919403
1.477760	12.013846
1.939771	12.013846
1.939771	12.080575
2.312344	12.080575
2.312344	12.157111
3.125939	12.157111
3.125939	12.241497
3.917959	12.241497
3.917959	12.304025
4.573670	12.304025
4.573670	12.377037
5.982430	12.377037
5.982430	12.456465
7.322446	12.456465
7.322446	12.514547
8.451951	12.514547
8.451951	12.580511
10.857860	12.580511
10.857860	12.646570
13.094135	12.646570
13.094135	12.688948
14.992050	12.688948
14.992050	12.731372
18.917511	12.731372
18.917511	12.779189
22.241462	12.779189
22.241462	12.829212
24.814275	12.829212
24.814275	12.927630
29.018483	12.927630
29.018483	13.120835
31.680938	13.120835
31.680938	13.360198
33.421901	13.360198
33.421901	13.719020
36.066695	13.719020
36.066695	14.057615
38.030174	14.057615
38.030174	14.204112
39.685778	14.204112
39.685778	14.302148
42.781243	14.302148
42.781243	14.372754
45.421796	14.372754
45.421796	14.415410
47.677801	14.415410
47.677801	14.469389
51.639764	14.469389
51.639764	14.551492
54.610049	14.551492
54.610049	14.651720
56.827618	14.651720
56.827618	14.840069
59.810226	14.840069
59.810226	15.190625
61.618286	15.190625
61.618286	15.630564
62.801363	15.630564
62.801363	16.278482
64.263402	16.278482
64.263402	16.976289
65.292748	16.976289
65.292748	17.361988
66.144302	17.361988
66.144302	17.610173
67.478081	17.610173
67.478081	17.780406
68.654840	17.780406
68.654840	17.889842
69.721539	17.889842
69.721539	17.994018
71.354108	17.994018
71.354108	18.087989
72.818626	18.087989
72.818626	18.152453
74.159894	18.152453
& cycle # 3, chisq = 184399.189133, e = 38.580215
0.000000	10.755777
0.339703	10.755777
0.339703	11.436141
0.740866	11.436141
0.740866	11.608020
0.998376	11.608020
0.998376	11.736846
1.477760	11.736846
1.477760	11.860967
1.939771	11.860967
1.939771	11.947481
2.312344	11.947481
2.312344	12.045425
3.125939	12.045425
3.125939	12.152037
3.917959	12.152037
3.917959	12.230026
4.573670	12.230026
4.573670	12.319905
5.982430	12.319905
5.982430	12.416394
7.322446	12.416394
7.322446	12.486007
8.451951	12.486007
8.451951	12.563938
10.857860	12.563938
10.857860	12.640671
13.094135	12.640671
13.094135	12.688694
14.992050	12.688694
14.992050	12.734656
18.917511	12.734656
18.917511	12.783647
22.241462	12.783647
22.241462	12.833257
24.814275	12.833257
24.814275	12.929758
29.018483	12.929758
29.018483	13.118107
31.680938	13.118107
31.680938	13.350363
33.421901	13.350363
33.421901	13.696418
36.066695	13.696418
36.066695	14.019927
38.030174	14.019927
38.030174	14.157698
39.685778	14.157698
39.685778	14.248672
42.781243	14.248672
42.781243	14.314179
45.421796	14.314179
45.421796	14.354177
47.677801	14.354177
47.677801	14.405532
51.639764	14.405532
51.639764	14.484493
54.610049	14.484493
54.610049	14.581613
56.827618	14.581613
56.827618	14.765418
59.810226	14.765418
59.810226	15.110128
61.618286	15.110128
61.618286	15.546587
62.801363	15.546587
62.801363	16.197611
64.263402	16.197611
64.263402	16.913092
65.292748	16.913092
65.292748	17.323955
66.144302	17.323955
66.144302	17.606661
67.478081	17.606661
67.478081	17.816309
68.654840	17.816309
68.654840	17.958681
69.721539	17.958681
69.721539	18.098342
71.354108	18.098342
71.354108	18.227235
72.818626	18.227235
72.818626	18.317672
74.159894	18.317672
& cycle # 4, chisq = 184355.032582, e = 38.580215
0.000000	10.878078
0.339703	10.878078
0.339703	11.538581
0.740866	11.538581
0.740866	11.695449
0.998376	11.695449
0.998376	11.812881
1.477760	11.812881
1.477760	11.926023
1.939771	11.926023
1.939771	12.004911
2.312344	12.004911
2.312344	12.094290
3.125939	12.094290
3.125939	12.191694
3.917959	12.191694
3.917959	12.263063
4.573670	12.263063
4.573670	12.345491
5.982430	12.345491
5.982430	12.434223
7.322446	12.434223
7.322446	12.498448
8.451951	12.498448
8.451951	12.570645
10.857860	12.570645
10.857860	12.642135
13.094135	12.642135
13.094135	12.687290
14.992050	12.687290
14.992050	12.731284
18.917511	12.731284
18.917511	12.779274
22.241462	12.779274
22.241462	12.828560
24.814275	12.828560
24.814275	12.924931
29.018483	12.924931
29.018483	13.113558
31.680938	13.113558
31.680938	13.346717
33.421901	13.346717
33.421901	13.695242
36.066695	13.695242
36.066695	14.022734
38.030174	14.022734
38.030174	14.163484
39.685778	14.163484
39.685778	14.257297
42.781243	14.257297
42.781243	14.325153
45.421796	14.325153
45.421796	14.366632
47.677801	14.366632
47.677801	14.419791
51.639764	14.419791
51.639764	14.501243
54.610049	14.501243
54.610049	14.601060
56.827618	14.601060
56.827618	14.789171
59.810226	14.789171
59.810226	15.140228
61.618286	15.140228
61.618286	15.582091
62.801363	15.582091
62.801363	16.235461
64.263402	16.235461
64.263402	16.943522
65.292748	16.943522
65.292748	17.339411
66.144302	17.339411
66.144302	17.599269
67.478081	17.599269
67.478081	17.781599
68.654840	17.781599
68.654840	17.900548
69.721539	17.900548
69.721539	18.014496
71.354108	18.014496
71.354108	18.117633
72.818626	18.117633
72.818626	18.188528
74.159894	18.188528
& cycle # 5, chisq = 184547.993826, e = 38.580215
0.000000	10.919843
0.367483	10.919843
0.367483	11.649044
0.786339	11.649044
0.786339	11.786145
1.057001	11.786145
1.057001	11.890023
1.552761	11.890023
1.552761	11.990824
2.030026	11.990824
2.030026	12.061960
2.415920	12.061960
2.415920	12.142564
3.243340	12.142564
3.243340	12.230842
4.048852	12.230842
4.048852	12.296269
4.717597	12.296269
4.717597	12.371845
6.129690	12.371845
6.129690	12.453622
7.474130	12.453622
7.474130	12.513507
8.610478	12.513507
8.610478	12.580882
10.990286	12.580882
10.990286	12.648145
13.205934	12.648145
13.205934	12.691564
15.091199	12.691564
15.091199	12.734991
18.928527	12.734991
18.928527	12.783683
22.195777	12.783683
22.195777	12.833972
24.745667	12.833972
24.745667	12.930114
28.902689	12.930114
28.902689	13.113609
31.599801	13.113609
31.599801	13.338578
33.393658	13.338578
33.393658	13.678215
36.094355	13.678215
36.094355	14.012570
38.089570	14.012570
38.089570	14.163938
39.763701	14.163938
39.763701	14.262224
42.840061	14.262224
42.840061	14.331461
45.470465	14.331461
45.470465	14.374166
47.722041	14.374166
47.722041	14.428821
51.626128	14.428821
51.626128	14.511679
54.576076	14.511679
54.576076	14.612310
56.795696	14.612310
56.795696	14.798253
59.774961	14.798253
59.774961	15.138823
61.613318	15.138823
61.613318	15.566073
62.828706	15.566073
62.828706	16.202719
64.315669	16.202719
64.315669	16.915976
65.355231	16.915976
65.355231	17.333474
66.207258	17.333474
66.207258	17.604735
67.517704	17.604735
67.517704	17.781819
68.673489	17.781819
68.673489	17.888551
69.722113	17.888551
69.722113	17.984849
71.309602	17.984849
71.309602	18.068718
72.732423	18.068718
72.732423	18.126380
74.030407	18.126380
& cycle # 1, chisq = 167511.888536, e = 37.716995
0.000000	11.027536
0.367483	11.027536
0.367483	11.729170
0.786339	11.729170
0.786339	11.852446
1.057001	11.852446
1.057001	11.946344
1.552761	11.946344
1.552761	12.037916
2.030026	12.037916
2.030026	12.102852
2.415920	12.102852
2.415920	12.176789
3.243340	12.176789
3.243340	12.258163
4.048852	12.258163
4.048852	12.318769
4.717597	12.318769
4.717597	12.389125
6.129690	12.389125
6.129690	12.465627
7.474130	12.465627
7.474130	12.521925
8.610478	12.521925
8.610478	12.585587
10.990286	12.585587
10.990286	12.649514
13.205934	12.649514
13.205934	12.691121
15.091199	12.691121
15.091199	12.733321
18.928527	12.733321
18.928527	12.781406
22.195777	12.781406
22.195777	12.831523
24.745667	12.831523
24.745667	12.927644
28.902689	12.927644
28.902689	13.111388
31.599801	13.111388
31.599801	13.336934
33.393658	13.336934
33.393658	13.677941
36.094355	13.677941
36.094355	14.014350
38.089570	14.014350
38.089570	14.167165
39.763701	14.167165
39.763701	14.266686
42.840061	14.266686
42.840061	14.336783
45.470465	14.336783
45.470465	14.379886
47.722041	14.379886
47.722041	14.434849
51.626128	14.434849
51.626128	14.517976
54.576076	14.517976
54.576076	14.618795
56.795696	14.618795
56.795696	14.804897
59.774961	14.804897
59.774961	15.145439
61.613318	15.145439
61.613318	15.572237
62.828706	15.572237
62.828706	16.207403
64.315669	16.207403
64.315669	16.917687
65.355231	16.917687
65.355231	17.332107
66.207258	17.332107
66.207258	17.599902
67.517704	17.599902
67.517704	17.773589
68.673489	17.773589
68.673489	17.877846
69.722113	17.877846
69.722113	17.971840
71.309602	17.971840
71.309602	18.053759
72.732423	18.053759
72.732423	18.110173
74.030407	18.110173
& cycle # 2, chisq = 167430.459219, e = 37.716995
0.000000	10.998180
0.367483	10.998180
0.367483	11.706952
0.786339	11.706952
0.786339	11.830174
1.057001	11.830174
1.057001	11.924286
1.552761	11.924286
1.552761	12.016247
2.030026	12.016247
2.030026	12.081560
2.415920	12.081560
2.415920	12.156018
3.243340	12.156018
3.243340	12.238046
4.048852	12.238046
4.048852	12.299187
4.717597	12.299187
4.717597	12.370205
6.129690	12.370205
6.129690	12.447463
7.474130	12.447463
7.474130	12.504339
8.610478	12.504339
8.610478	12.568679
10.990286	12.568679
10.990286	12.633320
13.205934	12.633320
13.205934	12.675423
15.091199	12.675423
15.091199	12.718184
18.928527	12.718184
18.928527	12.766982
22.195777	12.766982
22.195777	12.817888
24.745667	12.817888
24.745667	12.915546
28.902689	12.915546
28.902689	13.102250
31.599801	13.102250
31.599801	13.331438
33.393658	13.331438
33.393658	13.677949
36.094355	13.677949
36.094355	14.019751
38.089570	14.019751
38.089570	14.174940
39.763701	14.174940
39.763701	14.275840
42.840061	14.275840
42.840061	14.346650
45.470465	14.346650
45.470465	14.389944
47.722041	14.389944
47.722041	14.444865
51.626128	14.444865
51.626128	14.527710
54.576076	14.527710
54.576076	14.628077
56.795696	14.628077
56.795696	14.813215
59.774961	14.813215
59.774961	15.151796
61.613318	15.151796
61.613318	15.575876
62.828706	15.575876
62.828706	16.206484
64.315669	16.206484
64.315669	16.910809
65.355231	16.910809
65.355231	17.320842
66.207258	17.320842
66.207258	17.584736
67.517704	17.584736
67.517704	17.754971
68.673489	17.754971
68.673489	17.856702
69.722113	17.856702
69.722113	17.948174
71.309602	17.948174
71.309602	18.027700
72.732423	18.027700
72.732423	18.082306
74.030407	18.082306
& cycle # 3, chisq = 167416.465887, e = 37.716995
0.000000	10.687162
0.367483	10.687162
0.367483	11.451084
0.786339	11.451084
0.786339	11.620205
1.057001	11.620205
1.057001	11.747412
1.552761	11.747412
1.552761	11.869978
2.030026	11.869978
2.030026	11.955899
2.415920	11.955899
2.415920	12.052613
3.243340	12.052613
3.243340	12.157816
4.048852	12.157816
4.048852	12.235240
4.717597	12.235240
4.717597	12.324004
6.129690	12.324004
6.129690	12.419293
7.474130	12.419293
7.474130	12.488495
8.610478	12.488495
8.610478	12.565628
10.990286	12.565628
10.990286	12.641752
13.205934	12.641752
13.205934	12.690047
15.091199	12.690047
15.091199	12.736871
18.928527	12.736871
18.928527	12.787410
22.195777	12.787410
22.195777	12.838435
24.745667	12.838435
24.745667	12.935163
28.902689	12.935163
28.902689	13.118965
31.599801	13.118965
31.599801	13.343514
33.393658	13.343514
33.393658	13.680999
36.094355	13.680999
36.094355	14.011007
38.089570	14.011007
38.089570	14.158677
39.763701	14.158677
39.763701	14.253322
42.840061	14.253322
42.840061	14.319531
45.470465	14.319531
45.470465	14.360317
47.722041	14.360317
47.722041	14.412678
51.626128	14.412678
51.626128	14.492443
54.576076	14.492443
54.576076	14.589794
56.795696	14.589794
56.795696	14.770648
59.774961	14.770648
59.774961	15.103929
61.613318	15.103929
61.613318	15.525072
62.828706	15.525072
62.828706	16.159123
64.315669	16.159123
64.315669	16.880973
65.355231	16.880973
65.355231	17.316201
66.207258	17.316201
66.207258	17.614710
67.517704	17.614710
67.517704	17.824325
68.673489	17.824325
68.673489	17.959080
69.722113	17.959080
69.722113	18.086680
71.309602	18.086680
71.309602	18.203674
72.732423	18.203674
72.732423	18.289331
74.030407	18.289331
& cycle # 4, chisq = 167345.946735, e = 37.716995
0.000000	10.802470
0.367483	10.802470
0.367483	11.535266
0.786339	11.535266
0.786339	11.686669
1.057001	11.686669
1.057001	11.801307
1.552761	11.801307
1.552761	11.912401
2.030026	11.912401
2.030026	11.990689
2.415920	11.990689
2.415920	12.079245
3.243340	12.079245
3.243340	12.176038
4.048852	12.176038
4.048852	12.247606
4.717597	12.247606
4.717597	12.330048
6.129690	12.330048
6.129690	12.418975
7.474130	12.418975
7.474130	12.483876
8.610478	12.483876
8.610478	12.556606
10.990286	12.556606
10.990286	12.628861
13.205934	12.628861
13.205934	12.675161
15.091199	12.675161
15.091199	12.720868
18.928527	12.720868
18.928527	12.771316
22.195777	12.771316
22.195777	12.822940
24.745667	12.822940
24.745667	12.921290
28.902689	12.921290
28.902689	13.108648
31.599801	13.108648
31.599801	13.337991
33.393658	13.337991
33.393658	13.683517
36.094355	13.683517
36.094355	14.022577
38.089570	14.022577
38.089570	14.175170
39.763701	14.175170
39.763701	14.273465
42.840061	14.273465
42.840061	14.342180
45.470465	14.342180
45.470465	14.384238
47.722041	14.384238
47.722041	14.437794
51.626128	14.437794
51.626128	14.518892
54.576076	14.518892
54.576076	14.617452
56.795696	14.617452
56.795696	14.799808
59.774961	14.799808
59.774961	15.134362
61.613318	15.134362
61.613318	15.554914
62.828706	15.554914
62.828706	16.183391
64.315669	16.183391
64.315669	16.890658
65.355231	16.890658
65.355231	17.308074
66.207258	17.308074
66.207258	17.583389
67.517704	17.583389
67.517704	17.766774
68.673489	17.766774
68.673489	17.879190
69.722113	17.879190
69.722113	17.981728
71.309602	17.981728
71.309602	18.071962
72.732423	18.071962
72.732423	18.134763
74.030407	18.134763
& cycle # 5, chisq = 167442.813262, e = 37.716995
0.000000	11.036214
0.334826	11.036214
0.334826	11.652554
0.732535	11.652554
0.732535	11.790496
0.987550	11.790496
0.987550	11.894691
1.463561	11.894691
1.463561	11.995767
1.922402	11.995767
1.922402	12.066591
2.292260	12.066591
2.292260	12.147353
3.102358	12.147353
3.102358	12.235849
3.890965	12.235849
3.890965	12.300974
4.543553	12.300974
4.543553	12.376664
5.949601	12.376664
5.949601	12.458588
7.286830	12.458588
7.286830	12.518150
8.413478	12.518150
8.413478	12.585557
10.820002	12.585557
10.820002	12.652767
13.056291	12.652767
13.056291	12.695552
14.953678	12.695552
14.953678	12.737663
18.891289	12.737663
18.891289	12.783855
22.228423	12.783855
22.228423	12.831390
24.813101	12.831390
24.813101	12.924812
29.049257	12.924812
29.049257	13.108863
31.726700	13.108863
31.726700	13.338323
33.471503	13.338323
33.471503	13.686153
36.113947	13.686153
36.113947	14.017516
38.065201	14.017516
38.065201	14.160872
39.707888	14.160872
39.707888	14.256821
42.786302	14.256821
42.786302	14.326266
45.412591	14.326266
45.412591	14.368372
47.657828	14.368372
47.657828	14.421756
51.616083	14.421756
51.616083	14.503009
54.587226	14.503009
54.587226	14.602261
56.807746	14.602261
56.807746	14.789367
59.803325	14.789367
59.803325	15.138982
61.617954	15.138982
61.617954	15.580006
62.803373	15.580006
62.803373	16.235600
64.266369	16.235600
64.266369	16.949368
65.291970	16.949368
65.291970	17.346965
66.138630	17.346965
66.138630	17.603985
67.466120	17.603985
67.466120	17.780365
68.636615	17.780365
68.636615	17.893327
69.697318	17.893327
69.697318	18.000176
71.323183	18.000176
71.323183	18.095544
72.780675	18.095544
72.780675	18.160129
74.114194	18.160129
& cycle # 1, chisq = 188075.155306, e = 38.722318
0.000000	11.111458
0.334826	11.111458
0.334826	11.700407
0.732535	11.700407
0.732535	11.827560
0.987550	11.827560
0.987550	11.924395
1.463561	11.924395
1.463561	12.018906
1.922402	12.018906
1.922402	12.085488
2.292260	12.085488
2.292260	12.161796
3.102358	12.161796
3.102358	12.245813
3.890965	12.245813
3.890965	12.307926
4.543553	12.307926
4.543553	12.380434
5.949601	12.380434
5.949601	12.459244
7.286830	12.459244
7.286830	12.516771
8.413478	12.516771
8.413478	12.582133
10.820002	12.582133
10.820002	12.647581
13.056291	12.647581
13.056291	12.689483
14.953678	12.689483
14.953678	12.731135
18.891289	12.731135
18.891289	12.777376
22.228423	12.777376
22.228423	12.825288
24.813101	12.825288
24.813101	12.919658
29.049257	12.919658
29.049257	13.105758
31.726700	13.105758
31.726700	13.337935
33.471503	13.337935
33.471503	13.690177
36.113947	13.690177
36.113947	14.026132
38.065201	14.026132
38.065201	14.171710
39.707888	14.171710
39.707888	14.269163
42.786302	14.269163
42.786302	14.339463
45.412591	14.339463
45.412591	14.381802
47.657828	14.381802
47.657828	14.435124
51.616083	14.435124
51.616083	14.516009
54.587226	14.516009
54.587226	14.614680
56.807746	14.614680
56.807746	14.800572
59.803325	14.800572
59.803325	15.147774
61.617954	15.147774
61.617954	15.585610
62.803373	15.585610
62.803373	16.236241
64.266369	16.236241
64.266369	16.944313
65.291970	16.944313
65.291970	17.338520
66.138630	17.338520
66.138630	17.593225
67.466120	17.593225
67.466120	17.768060
68.636615	17.768060
68.636615	17.880170
69.697318	17.880170
69.697318	17.986397
71.323183	17.986397
71.323183	18.081417
72.780675	18.081417
72.780675	18.145964
74.114194	18.145964
& cycle # 2, chisq = 187946.713933, e = 38.722318
0.000000	11.111803
0.334826	11.111803
0.334826	11.701824
0.732535	11.701824
0.732535	11.827205
0.987550	11.827205
0.987550	11.923004
1.463561	11.923004
1.463561	12.016719
1.922402	12.016719
1.922402	12.082865
2.292260	12.082865
2.292260	12.158804
3.102358	12.158804
3.102358	12.242543
3.890965	12.242543
3.890965	12.304536
4.543553	12.304536
4.543553	12.376999
5.949601	12.376999
5.949601	12.455857
7.286830	12.455857
7.286830	12.513487
8.413478	12.513487
8.413478	12.579044
10.820002	12.579044
10.820002	12.644778
13.056291	12.644778
13.056291	12.686946
14.953678	12.686946
14.953678	12.729006
18.891289	12.729006
18.891289	12.775896
22.228423	12.775896
22.228423	12.824597
24.813101	12.824597
24.813101	12.920596
29.049257	12.920596
29.049257	13.109978
31.726700	13.109978
31.726700	13.346312
33.471503	13.346312
33.471503	13.704970
36.113947	13.704970
36.113947	14.047175
38.065201	14.047175
38.065201	14.195519
39.707888	14.195519
39.707888	14.294754
42.786302	14.294754
42.786302	14.366131
45.412591	14.366131
45.412591	14.408887
47.657828	14.408887
47.657828	14.462435
51.616083	14.462435
51.616083	14.543419
54.587226	14.543419
54.587226	14.642065
56.807746	14.642065
56.807746	14.827714
59.803325	14.827714
59.803325	15.174114
61.617954	15.174114
61.617954	15.610449
62.803373	15.610449
62.803373	16.257833
64.266369	16.257833
64.266369	16.960634
65.291970	16.960634
65.291970	17.350070
66.138630	17.350070
66.138630	17.599559
67.466120	17.599559
67.466120	17.769043
68.636615	17.769043
68.636615	17.876915
69.697318	17.876915
69.697318	17.978722
71.323183	17.978722
71.323183	18.069513
72.780675	18.069513
72.780675	18.130989
74.114194	18.130989
& cycle # 3, chisq = 187967.037878, e = 38.722318
0.000000	10.769405
0.334826	10.769405
0.334826	11.437435
0.732535	11.437435
0.732535	11.609781
0.987550	11.609781
0.987550	11.738784
1.463561	11.738784
1.463561	11.863032
1.922402	11.863032
1.922402	11.949533
2.292260	11.949533
2.292260	12.047543
3.102358	12.047543
3.102358	12.154230
3.890965	12.154230
3.890965	12.232198
4.543553	12.232198
4.543553	12.322138
5.949601	12.322138
5.949601	12.418714
7.286830	12.418714
7.286830	12.488343
8.413478	12.488343
8.413478	12.566409
10.820002	12.566409
10.820002	12.643367
13.056291	12.643367
13.056291	12.691528
14.953678	12.691528
14.953678	12.737440
18.891289	12.737440
18.891289	12.785750
22.228423	12.785750
22.228423	12.834224
24.813101	12.834224
24.813101	12.928632
29.049257	12.928632
29.049257	13.113749
31.726700	13.113749
31.726700	13.343639
33.471503	13.343639
33.471503	13.690315
36.113947	13.690315
36.113947	14.017887
38.065201	14.017887
38.065201	14.157541
39.707888	14.157541
39.707888	14.249617
42.786302	14.249617
42.786302	14.315774
45.412591	14.315774
45.412591	14.355800
47.657828	14.355800
47.657828	14.406659
51.616083	14.406659
51.616083	14.484434
54.587226	14.484434
54.587226	14.579915
56.807746	14.579915
56.807746	14.760937
59.803325	14.760937
59.803325	15.101396
61.617954	15.101396
61.617954	15.534234
62.803373	15.534234
62.803373	16.185005
64.266369	16.185005
64.266369	16.906511
65.291970	16.906511
65.291970	17.322539
66.138630	17.322539
66.138630	17.608519
67.466120	17.608519
67.466120	17.819669
68.636615	17.819669
68.636615	17.962351
69.697318	17.962351
69.697318	18.101779
71.323183	18.101779
71.323183	18.229899
72.780675	18.229899
72.780675	18.319682
74.114194	18.319682
& cycle # 4, chisq = 187926.420042, e = 38.722318
0.000000	10.877962
0.334826	10.877962
0.334826	11.531023
0.732535	11.531023
0.732535	11.688966
0.987550	11.688966
0.987550	11.807137
1.463561	11.807137
1.463561	11.920987
1.922402	11.920987
1.922402	12.000292
2.292260	12.000292
2.292260	12.090226
3.102358	12.090226
3.102358	12.188240
3.890965	12.188240
3.890965	12.259984
4.543553	12.259984
4.543553	12.342919
5.949601	12.342919
5.949601	12.432206
7.286830	12.432206
7.286830	12.496778
8.413478	12.496778
8.413478	12.569459
10.820002	12.569459
10.820002	12.641494
13.056291	12.641494
13.056291	12.686967
14.953678	12.686967
14.953678	12.731062
18.891289	12.731062
18.891289	12.778527
22.228423	12.778527
22.228423	12.826835
24.813101	12.826835
24.813101	12.921412
29.049257	12.921412
29.049257	13.107381
31.726700	13.107381
31.726700	13.338869
33.471503	13.338869
33.471503	13.689051
36.113947	13.689051
36.113947	14.021576
38.065201	14.021576
38.065201	14.164601
39.707888	14.164601
39.707888	14.259746
42.786302	14.259746
42.786302	14.328372
45.412591	14.328372
45.412591	14.369898
47.657828	14.369898
47.657828	14.422522
51.616083	14.422522
51.616083	14.502689
54.587226	14.502689
54.587226	14.600733
56.807746	14.600733
56.807746	14.785825
59.803325	14.785825
59.803325	15.132231
61.617954	15.132231
61.617954	15.570030
62.803373	15.570030
62.803373	16.222583
64.266369	16.222583
64.266369	16.936064
65.291970	16.936064
65.291970	17.336702
66.138630	17.336702
66.138630	17.599414
67.466120	17.599414
67.466120	17.782780
68.636615	17.782780
68.636615	17.901603
69.697318	17.901603
69.697318	18.014646
71.323183	18.014646
71.323183	18.115939
72.780675	18.115939
72.780675	18.184780
74.114194	18.184780
& cycle # 5, chisq = 188116.169955, e = 38.722318
0.000000	11.420006
0.304043	11.420006
0.304043	11.844803
0.681202	11.844803
0.681202	11.933810
0.921086	11.933810
0.921086	12.002106
1.377902	12.002106
1.377902	12.069404
1.818846	12.069404
1.818846	12.116913
2.173136	12.116913
2.173136	12.172268
2.966776	12.172268
2.966776	12.233838
3.739300	12.233838
3.739300	12.279462
4.376403	12.279462
4.376403	12.333627
5.778638	12.333627
5.778638	12.393151
7.110678	12.393151
7.110678	12.436778
8.229202	12.436778
8.229202	12.487367
10.668703	12.487367
10.668703	12.538911
12.930975	12.538911
12.930975	12.572475
14.844231	12.572475
14.844231	12.607597
18.892090	12.607597
18.892090	12.649453
22.295443	12.649453
22.295443	12.695210
24.901104	12.695210
24.901104	12.789926
29.173535	12.789926
29.173535	12.984966
31.787321	12.984966
31.787321	13.232404
33.455632	13.232404
33.455632	13.604342
36.022404	13.604342
36.022404	13.943168
37.939971	13.943168
37.939971	14.088754
39.565160	14.088754
39.565160	14.196820
42.675262	14.196820
42.675262	14.280626
45.321625	14.280626
45.321625	14.332583
47.580546	14.332583
47.580546	14.400057
51.631467	14.400057
51.631467	14.504495
54.647964	14.504495
54.647964	14.633066
56.883641	14.633066
56.883641	14.880300
59.908778	14.880300
59.908778	15.351567
61.698909	15.351567
61.698909	15.948145
62.849382	15.948145
62.849382	16.826330
64.276951	16.826330
64.276951	17.738114
65.277863	17.738114
65.277863	18.200980
66.109176	18.200980
66.109176	18.476663
67.437758	18.476663
67.437758	18.655491
68.607965	18.655491
68.607965	18.764317
69.666478	18.764317
69.666478	18.861314
71.307490	18.861314
71.307490	18.940886
72.770958	18.940886
72.770958	18.989245
74.101218	18.989245
& cycle # 1, chisq = 212904.476236, e = 39.786780
0.000000	11.275859
0.304043	11.275859
0.304043	11.761950
0.681202	11.761950
0.681202	11.878587
0.921086	11.878587
0.921086	11.967489
1.377902	11.967489
1.377902	12.054574
1.818846	12.054574
1.818846	12.115700
2.173136	12.115700
2.173136	12.186505
2.966776	12.186505
2.966776	12.264792
3.739300	12.264792
3.739300	12.322453
4.376403	12.322453
4.376403	12.390465
5.778638	12.390465
5.778638	12.464676
7.110678	12.464676
7.110678	12.518632
8.229202	12.518632
8.229202	12.580544
10.668703	12.580544
10.668703	12.642678
12.930975	12.642678
12.930975	12.682129
14.844231	12.682129
14.844231	12.721488
18.892090	12.721488
18.892090	12.765807
22.295443	12.765807
22.295443	12.812784
24.901104	12.812784
24.901104	12.908928
29.173535	12.908928
29.173535	13.105545
31.787321	13.105545
31.787321	13.353337
33.455632	13.353337
33.455632	13.722114
36.022404	13.722114
36.022404	14.052275
37.939971	14.052275
37.939971	14.189476
39.565160	14.189476
39.565160	14.287473
42.675262	14.287473
42.675262	14.360416
45.321625	14.360416
45.321625	14.403114
47.580546	14.403114
47.580546	14.455785
51.631467	14.455785
51.631467	14.535627
54.647964	14.535627
54.647964	14.633492
56.883641	14.633492
56.883641	14.821822
59.908778	14.821822
59.908778	15.181705
61.698909	15.181705
61.698909	15.638968
62.849382	15.638968
62.849382	16.316047
64.276951	16.316047
64.276951	17.026107
65.277863	17.026107
65.277863	17.394088
66.109176	17.394088
66.109176	17.622076
67.437758	17.622076
67.437758	17.777231
68.607965	17.777231
68.607965	17.874922
69.666478	17.874922
69.666478	17.963790
71.307490	17.963790
71.307490	18.038173
72.770958	18.038173
72.770958	18.084648
74.101218	18.084648
& cycle # 2, chisq = 210876.026801, e = 39.786780
0.000000	11.165765
0.304043	11.165765
0.304043	11.682979
0.681202	11.682979
0.681202	11.809433
0.921086	11.809433
0.921086	11.905861
1.377902	11.905861
1.377902	12.000288
1.818846	12.000288
1.818846	12.066514
2.173136	12.066514
2.173136	12.143128
2.966776	12.143128
2.966776	12.227690
3.739300	12.227690
3.739300	12.289844
4.376403	12.289844
4.376403	12.362978
5.778638	12.362978
5.778638	12.442565
7.110678	12.442565
7.110678	12.500261
8.229202	12.500261
8.229202	12.566247
10.668703	12.566247
10.668703	12.632194
12.930975	12.632194
12.930975	12.673803
14.844231	12.673803
14.844231	12.714824
18.892090	12.714824
18.892090	12.760335
22.295443	12.760335
22.295443	12.808177
24.901104	12.808177
24.901104	12.905810
29.173535	12.905810
29.173535	13.105147
31.787321	13.105147
31.787321	13.356001
33.455632	13.356001
33.455632	13.728538
36.022404	13.728538
36.022404	14.060881
37.939971	14.060881
37.939971	14.198102
39.565160	14.198102
39.565160	14.295551
42.675262	14.295551
42.675262	14.367853
45.321625	14.367853
45.321625	14.410056
47.580546	14.410056
47.580546	14.462034
51.631467	14.462034
51.631467	14.540845
54.647964	14.540845
54.647964	14.637540
56.883641	14.637540
56.883641	14.823839
59.908778	14.823839
59.908778	15.180321
61.698909	15.180321
61.698909	15.633977
62.849382	15.633977
62.849382	16.307239
64.276951	16.307239
64.276951	17.015878
65.277863	17.015878
65.277863	17.385753
66.109176	17.385753
66.109176	17.617810
67.437758	17.617810
67.437758	17.777890
68.607965	17.777890
68.607965	17.879499
69.666478	17.879499
69.666478	17.972249
71.307490	17.972249
71.307490	18.050055
72.770958	18.050055
72.770958	18.098765
74.101218	18.098765
& cycle # 3, chisq = 210864.485526, e = 39.786780
0.000000	10.811270
0.304043	10.811270
0.304043	11.408482
0.681202	11.408482
0.681202	11.578914
0.921086	11.578914
0.921086	11.706897
1.377902	11.706897
1.377902	11.830841
1.818846	11.830841
1.818846	11.916923
2.173136	11.916923
2.173136	12.015556
2.966776	12.015556
2.966776	12.123364
3.739300	12.123364
3.739300	12.201808
4.376403	12.201808
4.376403	12.293121
5.778638	12.293121
5.778638	12.391377
7.110678	12.391377
7.110678	12.461776
8.229202	12.461776
8.229202	12.541257
10.668703	12.541257
10.668703	12.619474
12.930975	12.619474
12.930975	12.667699
14.844231	12.667699
14.844231	12.713186
18.892090	12.713186
18.892090	12.760807
22.295443	12.760807
22.295443	12.809196
24.901104	12.809196
24.901104	12.906816
29.173535	12.906816
29.173535	13.104915
31.787321	13.104915
31.787321	13.352901
33.455632	13.352901
33.455632	13.718452
36.022404	13.718452
36.022404	14.040574
37.939971	14.040574
37.939971	14.170712
39.565160	14.170712
39.565160	14.261585
42.675262	14.261585
42.675262	14.328817
45.321625	14.328817
45.321625	14.368289
47.580546	14.368289
47.580546	14.417437
51.631467	14.417437
51.631467	14.492696
54.647964	14.492696
54.647964	14.585734
56.883641	14.585734
56.883641	14.766335
59.908778	14.766335
59.908778	15.114778
61.698909	15.114778
61.698909	15.562523
62.849382	15.562523
62.849382	16.236468
64.276951	16.236468
64.276951	16.962248
65.277863	16.962248
65.277863	17.358273
66.109176	17.358273
66.109176	17.626397
67.437758	17.626397
67.437758	17.826902
68.607965	17.826902
68.607965	17.961032
69.666478	17.961032
69.666478	18.087527
71.307490	18.087527
71.307490	18.197327
72.770958	18.197327
72.770958	18.269382
74.101218	18.269382
& cycle # 4, chisq = 210778.945515, e = 39.786780
0.000000	11.244791
0.304043	11.244791
0.304043	11.738395
0.681202	11.738395
0.681202	11.857843
0.921086	11.857843
0.921086	11.947916
1.377902	11.947916
1.377902	12.035487
1.818846	12.035487
1.818846	12.096558
2.173136	12.096558
2.173136	12.166884
2.966776	12.166884
2.966776	12.244225
3.739300	12.244225
3.739300	12.300913
4.376403	12.300913
4.376403	12.367497
5.778638	12.367497
5.778638	12.439900
7.110678	12.439900
7.110678	12.492408
8.229202	12.492408
8.229202	12.552594
10.668703	12.552594
10.668703	12.613055
12.930975	12.613055
12.930975	12.651603
14.844231	12.651603
14.844231	12.690444
18.892090	12.690444
18.892090	12.734752
22.295443	12.734752
22.295443	12.782085
24.901104	12.782085
24.901104	12.879280
29.173535	12.879280
29.173535	13.078488
31.787321	13.078488
31.787321	13.330089
33.455632	13.330089
33.455632	13.705715
36.022404	13.705715
36.022404	14.043718
37.939971	14.043718
37.939971	14.185344
39.565160	14.185344
39.565160	14.286971
42.675262	14.286971
42.675262	14.362360
45.321625	14.362360
45.321625	14.406038
47.580546	14.406038
47.580546	14.459255
51.631467	14.459255
51.631467	14.539343
54.647964	14.539343
54.647964	14.637209
56.883641	14.637209
56.883641	14.825285
59.908778	14.825285
59.908778	15.184469
61.698909	15.184469
61.698909	15.640775
62.849382	15.640775
62.849382	16.316648
64.276951	16.316648
64.276951	17.026267
65.277863	17.026267
65.277863	17.395328
66.109176	17.395328
66.109176	17.626137
67.437758	17.626137
67.437758	17.785675
68.607965	17.785675
68.607965	17.887857
69.666478	17.887857
69.666478	17.982518
71.307490	17.982518
71.307490	18.063770
72.770958	18.063770
72.770958	18.116598
74.101218	18.116598
& cycle # 5, chisq = 210817.933041, e = 39.786780
0.000000	10.945768
0.365074	10.945768
0.365074	11.662303
0.782465	11.662303
0.782465	11.796939
1.052024	11.796939
1.052024	11.899089
1.546458	11.899089
1.546458	11.998329
2.022491	11.998329
2.022491	12.068398
2.407301	12.068398
2.407301	12.147907
3.233702	12.147907
3.233702	12.235069
4.038220	12.235069
4.038220	12.299691
4.705978	12.299691
4.705978	12.374433
6.118101	12.374433
6.118101	12.455368
7.462462	12.455368
7.462462	12.514646
8.598473	12.514646
8.598473	12.581402
10.981066	12.581402
10.981066	12.648065
13.198978	12.648065
13.198978	12.691075
15.085670	12.691075
15.085670	12.734170
18.930412	12.734170
18.930412	12.782712
22.200736	12.782712
22.200736	12.833069
24.749700	12.833069
24.749700	12.929691
28.902859	12.929691
28.902859	13.114590
31.590105	13.114590
31.590105	13.341186
33.374924	13.341186
33.374924	13.681843
36.067361	13.681843
36.067361	14.014253
38.061003	14.014253
38.061003	14.163722
39.735981	14.163722
39.735981	14.261273
42.819546	14.261273
42.819546	14.330252
45.455957	14.330252
45.455957	14.372625
47.712597	14.372625
47.712597	14.426623
51.630570	14.426623
51.630570	14.508395
54.589673	14.508395
54.589673	14.607745
56.814940	14.607745
56.814940	14.791718
59.802089	14.791718
59.802089	15.129697
61.641401	15.129697
61.641401	15.554963
62.854901	15.554963
62.854901	16.191012
64.337573	16.191012
64.337573	16.905704
65.371980	16.905704
65.371980	17.324372
66.219218	17.324372
66.219218	17.597441
67.523459	17.597441
67.523459	17.778099
68.673621	17.778099
68.673621	17.889723
69.717215	17.889723
69.717215	17.993814
71.299672	17.993814
71.299672	18.087692
72.720883	18.087692
72.720883	18.153852
74.022350	18.153852
& cycle # 1, chisq = 168646.918219, e = 37.791614
0.000000	10.949353
0.365074	10.949353
0.365074	11.668979
0.782465	11.668979
0.782465	11.800878
1.052024	11.800878
1.052024	11.901192
1.546458	11.901192
1.546458	11.998843
2.022491	11.998843
2.022491	12.067916
2.407301	12.067916
2.407301	12.146425
3.233702	12.146425
3.233702	12.232626
4.038220	12.232626
4.038220	12.296629
4.705978	12.296629
4.705978	12.370756
6.118101	12.370756
6.118101	12.451130
7.462462	12.451130
7.462462	12.510066
8.598473	12.510066
8.598473	12.576516
10.981066	12.576516
10.981066	12.642956
13.198978	12.642956
13.198978	12.685894
15.085670	12.685894
15.085670	12.729034
18.930412	12.729034
18.930412	12.777781
22.200736	12.777781
22.200736	12.828435
24.749700	12.828435
24.749700	12.925681
28.902859	12.925681
28.902859	13.111808
31.590105	13.111808
31.590105	13.339932
33.374924	13.339932
33.374924	13.682910
36.067361	13.682910
36.067361	14.017591
38.061003	14.017591
38.061003	14.168049
39.735981	14.168049
39.735981	14.266134
42.819546	14.266134
42.819546	14.335305
45.455957	14.335305
45.455957	14.377615
47.712597	14.377615
47.712597	14.431333
51.630570	14.431333
51.630570	14.512550
54.589673	14.512550
54.589673	14.611185
56.814940	14.611185
56.814940	14.793837
59.802089	14.793837
59.802089	15.129458
61.641401	15.129458
61.641401	15.551901
62.854901	15.551901
62.854901	16.184085
64.337573	16.184085
64.337573	16.895117
65.371980	16.895117
65.371980	17.312440
66.219218	17.312440
66.219218	17.585683
67.523459	17.585683
67.523459	17.767496
68.673621	17.767496
68.673621	17.880448
69.717215	17.880448
69.717215	17.986192
71.299672	17.986192
71.299672	18.081908
72.720883	18.081908
72.720883	18.149617
74.022350	18.149617
& cycle # 2, chisq = 168575.085646, e = 37.791614
0.000000	11.017948
0.365074	11.017948
0.365074	11.704143
0.782465	11.704143
0.782465	11.828170
1.052024	11.828170
1.052024	11.922906
1.546458	11.922906
1.546458	12.015463
2.022491	12.015463
2.022491	12.081151
2.407301	12.081151
2.407301	12.156056
3.233702	12.156056
3.233702	12.238559
4.038220	12.238559
4.038220	12.300004
4.705978	12.300004
4.705978	12.371384
6.118101	12.371384
6.118101	12.449006
7.462462	12.449006
7.462462	12.506092
8.598473	12.506092
8.598473	12.570651
10.981066	12.570651
10.981066	12.635431
13.198978	12.635431
13.198978	12.677511
15.085670	12.677511
15.085670	12.720164
18.930412	12.720164
18.930412	12.768849
22.200736	12.768849
22.200736	12.819729
24.749700	12.819729
24.749700	12.917604
28.902859	12.917604
28.902859	13.105125
31.590105	13.105125
31.590105	13.335141
33.374924	13.335141
33.374924	13.681300
36.067361	13.681300
36.067361	14.019563
38.061003	14.019563
38.061003	14.171978
39.735981	14.171978
39.735981	14.271530
42.819546	14.271530
42.819546	14.341714
45.455957	14.341714
45.455957	14.384542
47.712597	14.384542
47.712597	14.438757
51.630570	14.438757
51.630570	14.520561
54.589673	14.520561
54.589673	14.619782
56.814940	14.619782
56.814940	14.803321
59.802089	14.803321
59.802089	15.140202
61.641401	15.140202
61.641401	15.563708
62.854901	15.563708
62.854901	16.196410
64.337573	16.196410
64.337573	16.906177
65.371980	16.906177
65.371980	17.320779
66.219218	17.320779
66.219218	17.589890
67.523459	17.589890
67.523459	17.766904
68.673621	17.766904
68.673621	17.875871
69.717215	17.875871
69.717215	17.977382
71.299672	17.977382
71.299672	18.068932
72.720883	18.068932
72.720883	18.133478
74.022350	18.133478
& cycle # 3, chisq = 168545.703508, e = 37.791614
0.000000	10.682669
0.365074	10.682669
0.365074	11.438455
0.782465	11.438455
0.782465	11.609540
1.052024	11.609540
1.052024	11.738106
1.546458	11.738106
1.546458	11.861912
2.022491	11.861912
2.022491	11.948617
2.407301	11.948617
2.407301	12.046216
3.233702	12.046216
3.233702	12.152343
4.038220	12.152343
4.038220	12.230373
4.705978	12.230373
4.705978	12.319833
6.118101	12.319833
6.118101	12.415826
7.462462	12.415826
7.462462	12.485464
8.598473	12.485464
8.598473	12.563065
10.981066	12.563065
10.981066	12.639567
13.198978	12.639567
13.198978	12.687986
15.085670	12.687986
15.085670	12.734857
18.930412	12.734857
18.930412	12.785486
22.200736	12.785486
22.200736	12.836724
24.749700	12.836724
24.749700	12.934144
28.902859	12.934144
28.902859	13.119686
31.590105	13.119686
31.590105	13.346198
33.374924	13.346198
33.374924	13.685063
36.067361	13.685063
36.067361	14.013283
38.061003	14.013283
38.061003	14.158980
39.735981	14.158980
39.735981	14.252736
42.819546	14.252736
42.819546	14.318543
45.455957	14.318543
45.455957	14.358908
47.712597	14.358908
47.712597	14.410510
51.630570	14.410510
51.630570	14.489044
54.589673	14.489044
54.589673	14.584947
56.814940	14.584947
56.814940	14.763527
59.802089	14.763527
59.802089	15.093676
61.641401	15.093676
61.641401	15.512196
62.854901	15.512196
62.854901	16.144840
64.337573	16.144840
64.337573	16.867567
65.371980	16.867567
65.371980	17.304064
66.219218	17.304064
66.219218	17.605003
67.523459	17.605003
67.523459	17.819119
68.673621	17.819119
68.673621	17.959513
69.717215	17.959513
69.717215	18.095310
71.299672	18.095310
71.299672	18.221582
72.720883	18.221582
72.720883	18.313330
74.022350	18.313330
& cycle # 4, chisq = 168510.495219, e = 37.791614
0.000000	10.826773
0.365074	10.826773
0.365074	11.550816
0.782465	11.550816
0.782465	11.701067
1.052024	11.701067
1.052024	11.814809
1.546458	11.814809
1.546458	11.925036
2.022491	11.925036
2.022491	12.002673
2.407301	12.002673
2.407301	12.090540
3.233702	12.090540
3.233702	12.186590
4.038220	12.186590
4.038220	12.257580
4.705978	12.257580
4.705978	12.339403
6.118101	12.339403
6.118101	12.427676
7.462462	12.427676
7.462462	12.492070
8.598473	12.492070
8.598473	12.564261
10.981066	12.564261
10.981066	12.635951
13.198978	12.635951
13.198978	12.681820
15.085670	12.681820
15.085670	12.727101
18.930412	12.727101
18.930412	12.777211
22.200736	12.777211
22.200736	12.828660
24.749700	12.828660
24.749700	12.927000
28.902859	12.927000
28.902859	13.114796
31.590105	13.114796
31.590105	13.344548
33.374924	13.344548
33.374924	13.689169
36.067361	13.689169
36.067361	14.024272
38.061003	14.024272
38.061003	14.173996
39.735981	14.173996
39.735981	14.270928
42.819546	14.270928
42.819546	14.338993
45.455957	14.338993
45.455957	14.380536
47.712597	14.380536
47.712597	14.433271
51.630570	14.433271
51.630570	14.513091
54.589673	14.513091
54.589673	14.610169
56.814940	14.610169
56.814940	14.790220
59.802089	14.790220
59.802089	15.121631
61.641401	15.121631
61.641401	15.539602
62.854901	15.539602
62.854901	16.166819
64.337573	16.166819
64.337573	16.875243
65.371980	16.875243
65.371980	17.294233
66.219218	17.294233
66.219218	17.572367
67.523459	17.572367
67.523459	17.760749
68.673621	17.760749
68.673621	17.879394
69.717215	17.879394
69.717215	17.991266
71.299672	17.991266
71.299672	18.093041
72.720883	18.093041
72.720883	18.165361
74.022350	18.165361
& cycle # 5, chisq = 168585.564105, e = 37.791614
