25.000000	377.716412
24.945000	373.624524
24.885000	369.505168
24.820000	365.459849
24.747500	361.447733
24.662500	357.412982
24.557500	353.353724
24.415000	349.329063
24.145000	345.318880
22.720000	341.307040
21.137500	337.306883
20.367500	333.295978
20.080000	329.283076
19.867500	325.270894
19.690000	321.268793
19.530000	317.220623
19.382500	313.155848
19.245000	309.110936
19.115000	305.108605
18.987500	301.071042
18.862500	297.047421
18.737500	292.985819
18.612500	288.910954
18.487500	284.860027
18.360000	280.801170
18.230000	276.780963
18.095000	272.755260
17.955000	268.751227
17.807500	264.742971
17.647500	260.684932
17.475000	256.684545
17.282500	252.661209
17.065000	248.633872
16.810000	244.624209
16.495000	240.607922
16.092500	236.602822
15.555000	232.600808
14.922500	228.599935
14.370000	224.589156
13.962500	220.585092
13.645000	216.562955
13.392500	212.537673
13.187500	208.506822
13.005000	204.473723
12.837500	200.466826
12.687500	196.419207
12.560000	192.356044
12.452500	188.320346
12.357500	184.247869
12.272500	180.233494
12.192500	176.197651
12.115000	172.117321
12.040000	168.065325
11.965000	163.950305
11.892500	159.928676
11.820000	155.861459
11.747500	151.733260
11.677500	147.670063
11.610000	143.664093
11.542500	139.563099
11.477500	135.524457
11.412500	131.406397
11.350000	127.385409
11.287500	123.320366
11.225000	119.226992
11.162500	115.118275
11.100000	111.002761
11.037500	106.884065
10.975000	102.761584
0.000000	0.000000
& cycle # 1, chisq = 186937.618512, e = 38.688751
25.000000	480.990020
24.925000	476.967472
24.862500	472.862108
24.807500	468.740249
24.757500	464.615328
24.710000	460.412927
24.665000	456.211249
24.622500	452.070442
24.582500	448.047698
24.542500	443.932069
24.502500	439.747146
24.462500	435.511121
24.425000	431.508977
24.387500	427.494008
24.350000	423.484482
24.310000	419.232830
24.270000	415.023294
24.230000	410.868240
24.190000	406.778222
24.150000	402.764340
24.107500	398.596692
24.065000	394.543207
24.020000	390.388673
23.975000	386.384223
23.927500	382.325480
23.877500	378.243789
23.825000	374.173958
23.770000	370.154910
23.710000	366.062192
23.645000	361.970710
23.575000	357.949699
23.497500	353.941766
23.407500	349.845632
23.302500	345.781376
23.175000	341.768059
23.005000	337.723735
22.740000	333.699788
22.020000	329.698738
20.655000	325.691022
20.185000	321.683818
19.880000	317.649034
19.642500	313.626364
19.440000	309.622681
19.257500	305.570660
19.090000	301.525404
18.932500	297.505327
18.780000	293.457021
18.632500	289.420337
18.487500	285.376614
18.342500	281.319912
18.197500	277.304043
18.050000	273.288210
17.897500	269.229617
17.740000	265.182087
17.575000	261.162849
17.397500	257.128174
17.205000	253.082164
16.995000	249.073749
16.755000	245.068523
16.472500	241.062955
16.127500	237.042272
15.682500	233.029803
15.122500	229.015891
14.537500	224.999031
14.057500	220.994343
13.695000	216.968244
13.412500	212.943725
13.192500	208.931573
13.000000	204.882376
12.827500	200.869007
12.677500	196.836420
12.552500	192.796511
12.447500	188.759694
12.355000	184.672264
12.272500	180.631663
12.195000	176.549603
12.122500	172.535101
12.052500	168.525305
11.982500	164.416348
11.915000	160.375210
11.847500	156.256440
11.782500	152.205913
11.717500	148.056015
11.655000	143.955680
11.595000	139.905899
11.535000	135.738681
11.477500	131.634879
11.422500	127.613508
11.367500	123.506759
11.312500	119.325262
11.260000	115.274429
11.207500	111.174675
11.155000	107.033089
11.102500	102.854273
0.000000	0.000000
& cycle # 2, chisq = 186794.309690, e = 38.688751
25.000000	443.385144
24.975000	439.110487
24.947500	434.788283
24.917500	430.502117
24.885000	426.324878
24.847500	422.072295
24.805000	417.918764
24.755000	413.838619
24.692500	409.819954
24.602500	405.758132
24.405000	401.740253
23.680000	397.707247
23.500000	393.644062
23.365000	389.596223
23.250000	385.576921
23.145000	381.560274
23.045000	377.526377
22.947500	373.472134
22.850000	369.369667
22.752500	365.299638
22.652500	361.239170
22.547500	357.165901
22.437500	353.163568
22.315000	349.096379
22.175000	345.038346
22.005000	341.009939
21.767500	336.999144
20.545000	332.998239
20.025000	328.986766
19.770000	324.945429
19.575000	320.918211
19.407500	316.865523
19.257500	312.806615
19.120000	308.784427
18.990000	304.779906
18.862500	300.711794
18.740000	296.702813
18.617500	292.623573
18.497500	288.597844
18.377500	284.590059
18.255000	280.561000
18.130000	276.542594
18.000000	272.478665
17.867500	268.477268
17.727500	264.441777
17.577500	260.384099
17.417500	256.380947
17.242500	252.370346
17.047500	248.344458
16.822500	244.311421
16.555000	240.307059
16.225000	236.306158
15.782500	232.295268
15.195000	228.287684
14.552500	224.279765
14.037500	220.269080
13.662500	216.252966
13.377500	212.219760
13.157500	208.212367
12.965000	204.186131
12.792500	200.145569
12.647500	196.142162
12.527500	192.131240
12.425000	188.064330
12.335000	183.979449
12.255000	179.976170
12.180000	175.956203
12.107500	171.877342
12.037500	167.801663
11.970000	163.770019
11.902500	159.649244
11.837500	155.593408
11.772500	151.438398
11.710000	147.332640
11.650000	143.273362
11.592500	139.263637
11.535000	135.130528
11.480000	131.060771
11.425000	126.881006
11.372500	122.795413
11.320000	118.624850
11.270000	114.582275
11.220000	110.478324
11.170000	106.318963
11.120000	102.108150
0.000000	0.000000
& cycle # 3, chisq = 186818.663126, e = 38.688751
25.000000	326.894349
24.857500	322.821354
24.730000	318.748118
24.607500	314.687413
24.485000	310.669744
24.355000	306.616354
24.212500	302.582197
24.047500	298.558238
23.837500	294.544126
23.507500	290.527460
20.000000	286.525715
19.207500	282.514044
18.740000	278.499544
18.362500	274.485671
18.020000	270.456636
17.700000	266.451349
17.382500	262.426639
17.067500	258.424496
16.745000	254.420213
16.412500	250.414491
16.070000	246.396364
15.717500	242.384367
15.367500	238.374781
15.020000	234.366311
14.695000	230.361712
14.385000	226.340983
14.102500	222.304344
13.847500	218.279998
13.607500	214.245595
13.392500	210.237575
13.200000	206.229046
13.017500	202.225046
12.837500	198.178865
12.672500	194.145772
12.532500	190.145379
12.412500	186.113942
12.305000	182.018700
12.207500	177.989069
12.112500	173.882862
12.020000	169.807435
11.927500	165.711750
11.835000	161.606588
11.745000	157.579156
11.655000	153.480124
11.567500	149.394424
11.482500	145.317962
11.400000	141.267815
11.317500	137.147523
11.237500	133.110989
11.157500	129.055538
11.077500	124.992740
10.997500	120.922809
10.917500	116.837361
10.837500	112.725120
10.760000	108.708357
10.682500	104.659024
10.605000	100.585413
0.000000	0.000000
& cycle # 4, chisq = 186773.941566, e = 38.688751
25.000000	356.067415
24.625000	352.057007
23.985000	348.056485
21.165000	344.042276
20.767500	340.025316
20.497500	335.988025
20.282500	331.972222
20.095000	327.934119
19.927500	323.916897
19.772500	319.888759
19.625000	315.836184
19.485000	311.832503
19.347500	307.772116
19.215000	303.765329
19.082500	299.710795
18.950000	295.656133
18.817500	291.631570
18.682500	287.577099
18.545000	283.516817
18.405000	279.495414
18.260000	275.495174
18.107500	271.490504
17.945000	267.449674
17.772500	263.429109
17.585000	259.418812
17.375000	255.383964
17.140000	251.370156
16.867500	247.349289
16.540000	243.344282
16.142500	239.340295
15.655000	235.340137
15.117500	231.332108
14.622500	227.310881
14.207500	223.285858
13.882500	219.285395
13.605000	215.279075
13.372500	211.263206
13.175000	207.252726
12.992500	203.226491
12.820000	199.196232
12.665000	195.146175
12.532500	191.062414
12.420000	186.990525
12.320000	182.891866
12.230000	178.879294
12.142500	174.772730
12.057500	170.672872
11.975000	166.647189
11.892500	162.602502
11.810000	158.536537
11.727500	154.427184
11.647500	150.373747
11.570000	146.362988
11.492500	142.263344
11.417500	138.219396
11.342500	134.119105
11.267500	129.986685
11.195000	125.983212
11.120000	121.848795
11.045000	117.729067
10.970000	113.623047
10.895000	109.524498
10.820000	105.426672
10.745000	101.326828
0.000000	0.000000
& cycle # 5, chisq = 186967.350436, e = 38.688751
25.000000	377.716412
24.527500	373.684560
24.385000	369.668798
24.280000	365.664869
24.185000	361.565187
24.095000	357.478912
24.005000	353.404825
23.910000	349.301191
23.807500	345.258317
23.687500	341.216051
23.530000	337.203633
23.205000	333.197694
22.237500	329.184734
22.010000	325.139442
21.840000	321.119235
21.692500	317.096036
21.555000	313.038861
21.425000	309.035979
21.295000	304.981622
21.162500	300.922129
21.025000	296.901176
20.877500	292.896456
20.710000	288.842780
20.510000	284.836473
20.230000	280.818322
18.782500	276.817853
18.115000	272.800146
17.767500	268.773116
17.485000	264.737737
17.230000	260.705894
16.990000	256.698999
16.750000	252.683033
16.505000	248.668264
16.250000	244.634228
15.975000	240.602679
15.677500	236.592907
15.352500	232.586716
14.990000	228.559981
14.615000	224.557822
14.235000	220.547033
13.892500	216.521032
13.582500	212.488518
13.322500	208.450534
13.102500	204.416199
12.902500	200.416093
12.722500	196.382007
12.575000	192.373326
12.452500	188.287449
12.350000	184.258104
12.257500	180.169240
12.172500	176.098038
12.092500	172.057552
12.015000	167.999864
11.940000	163.964704
11.865000	159.826448
11.792500	155.713734
11.722500	151.614584
11.655000	147.518694
11.590000	143.423246
11.527500	139.334859
11.467500	135.268519
11.410000	131.244768
11.352500	127.104061
11.297500	123.042557
11.242500	118.891008
11.190000	114.850713
11.137500	110.738944
11.085000	106.557234
11.035000	102.508698
0.000000	0.000000
& cycle # 1, chisq = 181755.911176, e = 38.481665
25.000000	480.990020
24.922500	476.866392
24.860000	472.789067
24.805000	468.704753
24.755000	464.625770
24.707500	460.478112
24.662500	456.337719
24.620000	452.263585
24.577500	448.061687
24.537500	444.020192
24.497500	439.917768
24.457500	435.772072
24.417500	431.600664
24.377500	427.423993
24.337500	423.263778
24.297500	419.139276
24.257500	415.065195
24.217500	411.052666
24.175000	406.868162
24.132500	402.777924
24.087500	398.565653
24.042500	394.490301
23.995000	390.349041
23.945000	386.175378
23.892500	382.002307
23.837500	377.865319
23.780000	373.804284
23.717500	369.702933
23.650000	365.638271
23.575000	361.550375
23.492500	357.546373
23.397500	353.540410
23.282500	349.496291
23.137500	345.486833
22.932500	341.476228
22.547500	337.469014
21.160000	333.465165
20.475000	329.444788
20.127500	325.430070
19.875000	321.416021
19.667500	317.386250
19.485000	313.336824
19.320000	309.281106
19.167500	305.226342
19.025000	301.225783
18.887500	297.220831
18.752500	293.178310
18.620000	289.126481
18.490000	285.106593
18.360000	281.092837
18.227500	277.054019
18.092500	273.019630
17.955000	269.009600
17.812500	264.987460
17.662500	260.951250
17.502500	256.917258
17.330000	252.891140
17.142500	248.881925
16.932500	244.873825
16.687500	240.871484
16.392500	236.866170
16.015000	232.854430
15.505000	228.848215
14.852500	224.845578
14.245000	220.841435
13.810000	216.829252
13.482500	212.801769
13.240000	208.794810
13.037500	204.764750
12.857500	200.752315
12.700000	196.692234
12.570000	192.637117
12.462500	188.608680
12.370000	184.592092
12.285000	180.468319
12.207500	176.396202
12.135000	172.371780
12.065000	168.335847
11.995000	164.186941
11.927500	160.097000
11.862500	156.078061
11.797500	151.971243
11.735000	147.924845
11.672500	143.766615
11.612500	139.656465
11.555000	135.601339
11.497500	131.430594
11.442500	127.336323
11.387500	123.146909
11.335000	119.068481
11.282500	114.922535
11.232500	110.920076
11.182500	106.872238
11.132500	102.784268
0.000000	0.000000
& cycle # 2, chisq = 182091.794383, e = 38.481665
25.000000	443.385144
24.975000	439.271994
24.947500	435.112491
24.917500	430.987369
24.885000	426.967073
24.847500	422.875017
24.802500	418.664531
24.750000	414.609201
24.682500	410.580964
24.582500	406.577819
23.987500	402.576424
23.652500	398.541275
23.492500	394.469301
23.367500	390.390423
23.260000	386.337060
23.162500	382.315787
23.070000	378.280525
22.980000	374.211758
22.892500	370.175385
22.805000	366.119200
22.717500	362.106171
22.627500	358.080544
22.532500	353.990975
22.432500	349.908573
22.325000	345.831110
22.207500	341.808513
22.072500	337.795661
21.907500	333.786358
21.675000	329.779991
20.470000	325.778980
19.930000	321.760274
19.672500	317.758067
19.472500	313.721316
19.302500	309.691171
19.150000	305.660016
19.007500	301.612631
18.872500	297.589711
18.742500	293.579602
18.615000	289.548188
18.490000	285.543997
18.365000	281.541486
18.237500	277.508689
18.107500	273.478568
17.975000	269.473547
17.837500	265.452911
17.692500	261.408809
17.537500	257.357201
17.370000	253.309959
17.187500	249.274571
16.985000	245.262722
16.750000	241.255847
16.467500	237.245756
16.112500	233.228974
15.635000	229.221799
15.010000	225.214467
14.380000	221.197125
13.907500	217.188041
13.552500	213.156489
13.290000	209.151113
13.077500	205.137173
12.887500	201.097772
12.722500	197.074809
12.585000	193.015084
12.472500	188.985980
12.375000	184.897213
12.290000	180.890015
12.210000	176.790653
12.135000	172.715961
12.062500	168.614391
11.992500	164.536930
11.925000	160.512223
11.857500	156.396999
11.792500	152.337847
11.730000	148.329526
11.667500	144.200707
11.607500	140.109806
11.550000	136.064183
11.492500	131.893515
11.437500	127.789814
11.385000	123.774369
11.332500	119.671054
11.280000	115.488861
11.230000	111.440410
11.180000	107.334475
11.130000	103.175363
0.000000	0.000000
& cycle # 3, chisq = 182097.240978, e = 38.481665
25.000000	326.894349
24.865000	322.829612
24.742500	318.746801
24.625000	314.693313
24.507500	310.673881
24.382500	306.595565
24.247500	302.559144
24.092500	298.513687
23.902500	294.509140
23.627500	290.486754
21.120000	286.486604
19.440000	282.477239
18.932500	278.474906
18.540000	274.456956
18.197500	270.449827
17.877500	266.448344
17.567500	262.441451
17.255000	258.422112
16.940000	254.407682
16.612500	250.404816
16.275000	246.397491
15.922500	242.393663
15.562500	238.367186
15.202500	234.357023
14.855000	230.346515
14.527500	226.321483
14.222500	222.304060
13.950000	218.269062
13.697500	214.243841
13.465000	210.197661
13.260000	206.158714
13.070000	202.117417
12.885000	198.078844
12.712500	194.065722
12.562500	190.020185
12.435000	185.933707
12.325000	181.884591
12.225000	177.851863
12.130000	173.817110
12.037500	169.795147
11.945000	165.744538
11.852500	161.684243
11.760000	157.594414
11.670000	153.548468
11.582500	149.517812
11.497500	145.494632
11.415000	141.492692
11.332500	137.415001
11.252500	133.414056
11.172500	129.389730
11.092500	125.355629
11.012500	121.313990
10.932500	117.257682
10.852500	113.175495
10.772500	109.058501
10.695000	105.035406
10.617500	100.985073
0.000000	0.000000
& cycle # 4, chisq = 182066.111978, e = 38.481665
25.000000	356.067415
24.815000	352.029479
24.562500	348.007129
23.870000	344.004515
21.027500	339.988821
20.672500	335.973450
20.420000	331.941742
20.212500	327.904670
20.030000	323.850769
19.865000	319.796828
19.712500	315.771456
19.567500	311.752322
19.427500	307.726099
19.290000	303.653425
19.157500	299.652783
19.025000	295.626534
18.892500	291.616164
18.757500	287.568504
18.620000	283.500878
18.480000	279.447146
18.335000	275.390008
18.185000	271.381670
18.025000	267.324702
17.857500	263.319044
17.675000	259.269342
17.475000	255.249009
17.250000	251.209899
16.995000	247.183902
16.692500	243.164398
16.327500	239.150119
15.877500	235.145140
15.355000	231.134690
14.825000	227.120958
14.367500	223.102506
14.002500	219.085855
13.700000	215.059720
13.445000	211.048162
13.232500	207.028534
13.042500	203.022220
12.862500	199.004680
12.697500	194.943200
12.557500	190.883412
12.440000	186.841957
12.337500	182.805081
12.242500	178.693600
12.155000	174.679357
12.070000	170.655665
11.985000	166.573304
11.900000	162.464601
11.817500	158.451720
11.735000	154.392871
11.655000	150.385551
11.575000	146.285756
11.497500	142.217747
11.422500	138.197282
11.347500	134.112303
11.272500	129.986336
11.200000	125.980491
11.127500	121.972963
11.055000	117.971011
10.980000	113.836400
10.905000	109.701068
10.832500	105.695964
10.760000	101.679695
0.000000	0.000000
& cycle # 5, chisq = 182237.047388, e = 38.481665
25.000000	377.716412
24.940000	373.559196
24.877500	369.427546
24.812500	365.397439
24.742500	361.390797
24.662500	357.288048
24.570000	353.188701
24.457500	349.153547
24.300000	345.120965
23.867500	341.116333
22.835000	337.091193
22.517500	333.086200
22.220000	329.057223
21.865000	325.046823
20.370000	321.044858
19.832500	317.039538
19.557500	313.006602
19.345000	308.961844
19.165000	304.939965
19.002500	300.924460
18.850000	296.899790
18.705000	292.886196
18.565000	288.878424
18.427500	284.874215
18.290000	280.868199
18.150000	276.836125
18.007500	272.807333
17.860000	268.746407
17.707500	264.717825
17.545000	260.677577
17.370000	256.644980
17.180000	252.629142
16.967500	248.603698
16.720000	244.578889
16.422500	240.552649
16.047500	236.529427
15.552500	232.520391
14.937500	228.507354
14.360000	224.498158
13.927500	220.493675
13.595000	216.483814
13.337500	212.448163
13.130000	208.424329
12.945000	204.405908
12.777500	200.370300
12.635000	196.351166
12.515000	192.285560
12.412500	188.197491
12.322500	184.129035
12.240000	180.050167
12.162500	175.976066
12.087500	171.869879
12.015000	167.793369
11.945000	163.783437
11.875000	159.708679
11.805000	155.561931
11.737500	151.479113
11.672500	147.451907
11.607500	143.316266
11.545000	139.229401
11.485000	135.203586
11.425000	131.083117
11.367500	127.055377
11.310000	122.962610
11.252500	118.817535
11.197500	114.814283
11.142500	110.781239
11.087500	106.723009
11.032500	102.641159
0.000000	0.000000
& cycle # 1, chisq = 189660.351599, e = 38.844817
25.000000	480.990020
24.920000	476.906078
24.855000	472.781869
24.797500	468.626841
24.745000	464.486984
24.695000	460.313317
24.647500	456.190895
24.602500	452.187043
24.557500	448.135695
24.512500	444.080531
24.467500	440.054872
24.420000	435.869223
24.372500	431.784128
24.322500	427.631920
24.270000	423.470549
24.215000	419.354952
24.157500	415.340015
24.095000	411.333837
24.025000	407.314960
23.942500	403.220166
23.842500	399.148728
23.710000	395.146240
23.465000	391.133104
22.110000	387.127378
20.515000	383.126654
20.162500	379.087792
19.962500	375.041480
19.810000	370.968708
19.682500	366.903573
19.570000	362.832395
19.467500	358.738055
19.375000	354.736778
19.287500	350.697318
19.205000	346.680276
19.125000	342.613421
19.047500	338.534387
18.972500	334.475593
18.900000	330.463303
18.827500	326.376527
18.757500	322.371202
18.687500	318.319175
18.617500	314.234072
18.547500	310.131928
18.477500	306.030566
18.407500	301.948187
18.337500	297.901693
18.265000	293.763748
18.192500	289.692102
18.117500	285.560077
18.042500	281.518545
17.965000	277.447650
17.885000	273.370997
17.802500	269.317261
17.715000	265.204193
17.625000	261.191800
17.527500	257.107633
17.422500	253.018252
17.310000	248.986833
17.185000	244.924792
17.045000	240.897365
16.880000	236.860170
16.675000	232.846069
16.392500	228.821172
15.870000	224.814076
13.932500	220.807654
13.382500	216.806318
13.120000	212.768018
12.927500	208.721393
12.775000	204.700385
12.652500	200.656536
12.552500	196.590155
12.467500	192.467719
12.395000	188.419366
12.330000	184.365415
12.270000	180.278756
12.215000	176.260894
12.162500	172.203424
12.112500	168.155574
12.062500	163.944263
12.015000	159.803113
11.970000	155.759802
11.925000	151.601735
11.882500	147.568139
11.840000	143.427433
11.797500	139.174137
11.757500	135.062159
11.717500	130.838415
11.680000	126.771856
11.642500	122.597446
11.605000	118.311631
11.570000	114.208835
11.535000	110.005837
11.500000	105.702660
11.467500	101.618044
0.000000	0.000000
& cycle # 2, chisq = 189725.862178, e = 38.844817
25.000000	443.385144
24.975000	439.278852
24.947500	435.122074
24.917500	430.994776
24.885000	426.966806
24.847500	422.860039
24.805000	418.842018
24.752500	414.709742
24.685000	410.583192
24.587500	406.523583
24.295000	402.523400
23.650000	398.484028
23.482500	394.451297
23.352500	390.390953
23.240000	386.315897
23.137500	382.254875
23.040000	378.174796
22.947500	374.173647
22.855000	370.108056
22.762500	366.048605
22.667500	361.958102
22.570000	357.902618
22.467500	353.845114
22.357500	349.783261
22.237500	345.769764
22.097500	341.704085
21.927500	337.682200
21.685000	333.653921
20.422500	329.645326
19.932500	325.632508
19.680000	321.628763
19.482500	317.594364
19.315000	313.590807
19.162500	309.530591
19.022500	305.525965
18.887500	301.475332
18.757500	297.437795
18.630000	293.377945
18.505000	289.342442
18.380000	285.304620
18.252500	281.233355
18.122500	277.163734
17.990000	273.118534
17.852500	269.054406
17.710000	265.029625
17.557500	260.982745
17.392500	256.927691
17.215000	252.925279
17.017500	248.911632
16.790000	244.900036
16.517500	240.876113
16.182500	236.870095
15.735000	232.856934
15.147500	228.853674
14.515000	224.842711
14.010000	220.826745
13.637500	216.797463
13.357500	212.784693
13.137500	208.757700
12.945000	204.735699
12.772500	200.676780
12.627500	196.611595
12.510000	192.609556
12.410000	188.583142
12.322500	184.577445
12.242500	180.557271
12.167500	176.531049
12.095000	172.454558
12.025000	168.386911
11.957500	164.365520
11.890000	160.254542
11.825000	156.205408
11.760000	152.052940
11.697500	147.945191
11.637500	143.880176
11.580000	139.862192
11.522500	135.719133
11.467500	131.639270
11.412500	127.449659
11.360000	123.355430
11.307500	119.177170
11.257500	115.128021
11.207500	111.017881
11.157500	106.852190
11.110000	102.846402
0.000000	0.000000
& cycle # 3, chisq = 189619.659759, e = 38.844817
25.000000	326.894349
24.850000	322.832783
24.717500	318.756015
24.592500	314.741948
24.465000	310.690085
24.330000	306.621319
24.182500	302.614171
24.007500	298.574629
23.777500	294.541878
23.375000	290.534491
19.730000	286.531686
19.090000	282.515599
18.657500	278.511659
18.295000	274.490275
17.962500	270.475126
17.647500	266.470176
17.332500	262.449207
17.017500	258.434019
16.692500	254.421486
16.357500	250.406576
16.010000	246.383034
15.655000	242.374284
15.300000	238.353411
14.952500	234.350349
14.627500	230.341167
14.320000	226.334011
14.042500	222.298478
13.790000	218.283230
13.555000	214.281275
13.345000	210.271161
13.155000	206.256304
12.972500	202.243425
12.795000	198.213810
12.635000	194.174643
12.500000	190.153442
12.382500	186.061411
12.277500	181.959831
12.180000	177.870977
12.087500	173.848003
11.995000	169.769141
11.902500	165.677976
11.810000	161.574243
11.720000	157.539124
11.632500	153.538950
11.545000	149.435645
11.460000	145.344132
11.377500	141.286200
11.295000	137.167536
11.215000	133.141529
11.135000	129.103276
11.055000	125.061299
10.975000	121.013159
10.895000	116.949251
10.815000	112.858910
10.735000	108.736430
10.657500	104.714924
10.580000	100.676924
0.000000	0.000000
& cycle # 4, chisq = 189600.502948, e = 38.844817
25.000000	356.067415
24.607500	352.050699
24.030000	348.046530
21.237500	344.043801
20.800000	340.035999
20.515000	335.998390
20.292500	331.995901
20.100000	327.973176
19.927500	323.938759
19.770000	319.933457
19.620000	315.892275
19.477500	311.889111
19.337500	307.821289
19.202500	303.800213
19.067500	299.729833
18.932500	295.658593
18.797500	291.615392
18.662500	287.614913
18.525000	283.608290
18.382500	279.572381
18.235000	275.563939
18.080000	271.554550
17.915000	267.513045
17.740000	263.502826
17.547500	259.468797
17.332500	255.427701
17.092500	251.422709
16.812500	247.414871
16.475000	243.413695
16.062500	239.405156
15.562500	235.397451
15.022500	231.393139
14.540000	227.389293
14.140000	223.374557
13.822500	219.365040
13.550000	215.337791
13.325000	211.325409
13.130000	207.297826
12.947500	203.252944
12.777500	199.223938
12.627500	195.168107
12.502500	191.162745
12.395000	187.152696
12.297500	183.075208
12.207500	179.012352
12.122500	174.998506
12.037500	170.891133
11.955000	166.865595
11.872500	162.820908
11.790000	158.748855
11.707500	154.624349
11.627500	150.547903
11.550000	146.509703
11.472500	142.381270
11.397500	138.311485
11.322500	134.189389
11.250000	130.178042
11.177500	126.160543
11.105000	122.150140
11.030000	118.014228
10.955000	113.888911
10.880000	109.767447
10.805000	105.643560
10.730000	101.515738
0.000000	0.000000
& cycle # 5, chisq = 189785.649539, e = 38.844817
25.000000	377.716412
24.935000	373.628200
24.865000	369.571949
24.787500	365.525324
24.700000	361.519355
24.595000	357.488691
24.460000	353.475431
24.250000	349.455360
22.675000	345.450553
20.737500	341.428703
20.407500	337.401821
20.182500	333.386772
20.000000	329.362130
19.842500	325.341670
19.700000	321.313074
19.567500	317.282684
19.442500	313.258378
19.322500	309.213341
19.207500	305.198877
19.095000	301.180364
18.982500	297.112140
18.870000	293.025385
18.757500	288.940226
18.645000	284.874549
18.532500	280.853978
18.417500	276.826173
18.297500	272.749295
18.175000	268.745638
18.045000	264.681889
17.910000	260.671011
17.765000	256.624616
17.607500	252.576415
17.435000	248.574915
17.240000	244.556696
17.015000	240.540739
16.740000	236.523984
16.385000	232.513986
15.885000	228.507957
15.175000	224.499009
14.465000	220.490247
13.970000	216.471699
13.617500	212.454248
13.352500	208.437824
13.142500	204.430240
12.955000	200.387639
12.787500	196.384965
12.642500	192.342408
12.522500	188.328604
12.420000	184.295233
12.330000	180.279330
12.247500	176.250125
12.170000	172.223457
12.095000	168.164866
12.022500	164.137922
11.950000	160.039163
11.880000	156.023847
11.810000	151.946151
11.742500	147.940223
11.675000	143.843838
11.610000	139.799066
11.545000	135.647743
11.482500	131.555281
11.422500	127.539932
11.362500	123.450992
11.302500	119.302468
11.245000	115.284289
11.187500	111.235876
11.130000	107.165473
11.072500	103.077719
0.000000	0.000000
& cycle # 1, chisq = 175301.292142, e = 38.128522
25.000000	480.990020
24.917500	476.868802
24.852500	472.823519
24.795000	468.721570
24.742500	464.592910
24.692500	460.377206
24.645000	456.151353
24.600000	451.981227
24.557500	447.929133
24.515000	443.797679
24.472500	439.609918
24.430000	435.385960
24.387500	431.148623
24.345000	426.923331
24.302500	422.733562
24.260000	418.597385
24.217500	414.528116
24.172500	410.305583
24.127500	406.186702
24.080000	401.969447
24.032500	397.902562
23.982500	393.796233
23.930000	389.684181
23.875000	385.599810
23.817500	381.579792
23.755000	377.507929
23.687500	373.463086
23.612500	369.389417
23.527500	365.279469
23.430000	361.187093
23.315000	357.156103
23.170000	353.149981
22.965000	349.116387
22.592500	345.102366
21.407500	341.096534
20.692500	337.089353
20.342500	333.079031
20.092500	329.068369
19.890000	325.034800
19.715000	320.978650
19.557500	316.916580
19.412500	312.852513
19.277500	308.803109
19.150000	304.775276
19.027500	300.763117
18.907500	296.735492
18.790000	292.721937
18.672500	288.656980
18.557500	284.653128
18.440000	280.573560
18.322500	276.546584
18.202500	272.520514
18.080000	268.518532
17.952500	264.481762
17.820000	260.449914
17.680000	256.412598
17.530000	252.382017
17.367500	248.369750
17.187500	244.336068
16.985000	240.320102
16.745000	236.303755
16.447500	232.294928
16.047500	228.275164
15.447500	224.267593
14.632500	220.255240
13.997500	216.237780
13.590000	212.229693
13.307500	208.221708
13.090000	204.200947
12.902500	200.198804
12.740000	196.186424
12.605000	192.149784
12.492500	188.060676
12.397500	183.998335
12.312500	179.885875
12.235000	175.781219
12.162500	171.685749
12.092500	167.545681
12.025000	163.417907
11.960000	159.339383
11.897500	155.329518
11.835000	151.229704
11.775000	147.198643
11.715000	143.060109
11.657500	138.979808
11.602500	134.962549
11.547500	130.827921
11.495000	126.770888
11.442500	122.609324
11.392500	118.554826
11.342500	114.419425
11.292500	110.212013
11.245000	106.156325
11.197500	102.050336
0.000000	0.000000
& cycle # 2, chisq = 175198.832405, e = 38.128522
25.000000	443.385144
24.975000	439.123964
24.947500	434.826457
24.917500	430.577616
24.885000	426.451359
24.847500	422.268860
24.805000	418.206241
24.752500	414.067592
24.685000	409.991326
24.582500	405.925339
23.957500	401.919456
23.672500	397.898654
23.522500	393.890724
23.402500	389.821245
23.300000	385.814615
23.205000	381.744538
23.115000	377.654206
23.030000	373.645545
22.945000	369.546767
22.862500	365.531581
22.777500	361.413893
22.692500	357.372898
22.605000	353.342134
22.512500	349.263943
22.415000	345.209888
22.310000	341.176734
22.192500	337.130964
22.057500	333.129615
21.890000	329.124218
21.645000	325.112282
20.357500	321.107248
19.912500	317.076830
19.665000	313.038250
19.470000	308.989672
19.302500	304.944954
19.152500	300.931800
19.012500	296.926424
18.877500	292.888673
18.747500	288.875954
18.620000	284.853322
18.492500	280.788442
18.365000	276.736848
18.235000	272.670025
18.102500	268.622625
17.967500	264.618050
17.825000	260.549550
17.675000	256.492547
17.515000	252.468422
17.340000	248.433882
17.147500	244.416375
16.927500	240.380665
16.665000	236.350827
16.340000	232.324457
15.905000	228.311371
15.300000	224.308527
14.587500	220.296381
14.022500	216.280920
13.627500	212.272911
13.337500	208.249469
13.112500	204.217013
12.917500	200.216520
12.745000	196.170196
12.602500	192.121571
12.485000	188.039501
12.385000	183.933292
12.297500	179.865276
12.217500	175.804176
12.142500	171.756939
12.070000	167.674602
12.000000	163.610263
11.932500	159.594794
11.865000	155.487007
11.800000	151.434389
11.737500	147.432263
11.675000	143.309516
11.615000	139.223889
11.557500	135.182161
11.500000	131.013526
11.445000	126.909394
11.392500	122.890937
11.340000	118.781831
11.287500	114.591037
11.237500	110.531924
11.187500	106.413181
11.137500	102.239457
0.000000	0.000000
& cycle # 3, chisq = 175163.044771, e = 38.128522
25.000000	326.894349
24.857500	322.825171
24.735000	318.749131
24.620000	314.670744
24.507500	310.624838
24.392500	306.592724
24.270000	302.550809
24.135000	298.527144
23.977500	294.505103
23.777500	290.499673
23.465000	286.493030
20.142500	282.491088
19.357500	278.487450
18.910000	274.480928
18.547500	270.459954
18.225000	266.453640
17.917500	262.432026
17.617500	258.414082
17.312500	254.403685
17.000000	250.388229
16.670000	246.380587
16.322500	242.376658
15.952500	238.371860
15.567500	234.360306
15.177500	230.357205
14.802500	226.349629
14.452500	222.347416
14.135000	218.332559
13.855000	214.312459
13.597500	210.298853
13.370000	206.278400
13.170000	202.277856
12.980000	198.263352
12.797500	194.251279
12.635000	190.244347
12.497500	186.204629
12.380000	182.141817
12.275000	178.056487
12.177500	173.974417
12.085000	169.949957
11.992500	165.860968
11.900000	161.749983
11.810000	157.728121
11.720000	153.654772
11.632500	149.608330
11.547500	145.570216
11.465000	141.543185
11.382500	137.421893
11.302500	133.358541
11.222500	129.255057
11.142500	125.131862
11.065000	121.128241
10.987500	117.114559
10.910000	113.082832
10.832500	109.023216
10.755000	104.929399
10.677500	100.802408
0.000000	0.000000
& cycle # 4, chisq = 175152.675643, e = 38.128522
25.000000	356.067415
24.857500	352.054402
24.702500	348.002967
24.522500	343.987106
24.282500	339.964102
23.852500	335.962148
22.515000	331.961008
21.912500	327.941147
21.595000	323.923519
21.360000	319.891105
21.165000	315.864563
20.992500	311.815790
20.835000	307.801578
20.685000	303.767409
20.540000	299.725493
20.397500	295.691782
20.255000	291.691549
20.107500	287.670136
19.952500	283.643424
19.785000	279.614648
19.595000	275.590927
19.362500	271.581052
19.020000	267.574571
17.472500	263.562763
17.067500	259.561015
16.812500	255.535907
16.607500	251.501601
16.425000	247.461167
16.255000	243.424358
16.092500	239.394809
15.932500	235.372425
15.767500	231.321260
15.592500	227.279274
15.400000	223.235991
15.177500	219.220698
14.872500	215.215237
13.502500	211.209498
13.100000	207.194771
12.885000	203.153872
12.727500	199.131107
12.605000	195.073378
12.505000	190.962586
12.422500	186.954921
12.347500	182.817572
12.280000	178.713901
12.217500	174.627970
12.157500	170.484226
12.100000	166.344228
12.045000	162.257030
11.990000	158.066133
11.937500	153.981507
11.885000	149.820535
11.835000	145.787236
11.785000	141.682255
11.735000	137.500786
11.687500	133.452819
11.640000	129.327579
11.592500	125.123356
11.547500	121.068275
11.502500	116.946150
11.457500	112.762441
11.415000	108.761384
11.372500	104.719773
11.330000	100.646059
0.000000	0.000000
& cycle # 5, chisq = 174750.529747, e = 38.128522
25.000000	377.716412
24.942500	373.544420
24.882500	369.419312
24.820000	365.410920
24.750000	361.292538
24.672500	357.231126
24.582500	353.171695
24.472500	349.168146
24.317500	345.156558
23.877500	341.152510
22.857500	337.150588
22.535000	333.126090
22.230000	329.096160
21.852500	325.086375
20.287500	321.075613
19.840000	317.043285
19.580000	313.006225
19.375000	308.971109
19.200000	304.968466
19.040000	300.936805
18.890000	296.913351
18.745000	292.848777
18.605000	288.798530
18.467500	284.753688
18.330000	280.708923
18.190000	276.646331
18.047500	272.600063
17.902500	268.598725
17.750000	264.561442
17.587500	260.515890
17.412500	256.493238
17.220000	252.457038
17.005000	248.431596
16.752500	244.398651
16.445000	240.371820
16.052500	236.366806
15.520000	232.361621
14.862500	228.347552
14.280000	224.338514
13.862500	220.318381
13.542500	216.293086
13.297500	212.247886
13.097500	208.232748
12.917500	204.216756
12.755000	200.166405
12.617500	196.129920
12.502500	192.088876
12.402500	187.980509
12.315000	183.929808
12.235000	179.898735
12.160000	175.893691
12.087500	171.869309
12.015000	167.738809
11.945000	163.675980
11.875000	159.547827
11.807500	155.498779
11.740000	151.367322
11.675000	147.293781
11.612500	143.275188
11.550000	139.148841
11.490000	135.085168
11.430000	130.926588
11.372500	126.861957
11.315000	122.731994
11.257500	118.549642
11.202500	114.510999
11.147500	110.443228
11.092500	106.351347
11.037500	102.237298
0.000000	0.000000
& cycle # 1, chisq = 191530.405572, e = 38.904061
25.000000	480.990020
24.917500	476.914783
24.850000	472.774151
24.792500	468.772341
24.737500	464.612996
24.685000	460.422708
24.635000	456.287314
24.587500	452.278561
24.540000	448.245751
24.492500	444.233214
24.442500	440.068078
24.392500	435.999705
24.340000	431.875417
24.285000	427.759070
24.227500	423.710440
24.165000	419.628984
24.097500	415.620889
24.020000	411.560243
23.927500	407.472981
23.810000	403.402056
23.632500	399.361690
22.467500	395.352793
20.902500	391.350787
20.320000	387.333391
20.097500	383.288257
19.937500	379.250656
19.807500	375.231451
19.695000	371.227771
19.592500	367.171797
19.497500	363.076917
19.410000	359.028825
19.327500	354.980310
19.247500	350.855171
19.172500	346.827924
19.100000	342.806913
19.027500	338.678880
18.957500	334.607909
18.887500	330.467001
18.820000	326.419044
18.752500	322.327667
18.685000	318.204088
18.617500	314.061306
18.550000	309.914377
18.482500	305.779857
18.415000	301.674589
18.347500	297.614270
18.280000	293.612302
18.210000	289.535098
18.137500	285.400214
18.065000	281.363073
17.990000	277.298381
17.912500	273.228580
17.832500	269.180759
17.747500	265.068084
17.660000	261.054311
17.565000	256.963010
17.465000	252.961449
17.355000	248.916165
17.232500	244.839006
17.095000	240.791195
16.935000	236.781304
16.735000	232.776917
16.457500	228.776413
15.922500	224.766631
13.770000	220.764204
13.312500	216.761676
13.072500	212.712755
12.892500	208.663651
12.750000	204.632356
12.635000	200.565528
12.540000	196.455602
12.460000	192.363133
12.390000	188.267902
12.327500	184.199969
12.270000	180.125309
12.215000	175.948017
12.165000	171.931441
12.115000	167.723892
12.067500	163.564098
12.022500	159.486994
11.977500	155.283477
11.935000	151.199775
11.892500	147.004965
11.852500	142.952579
11.812500	138.794609
11.772500	134.525535
11.735000	130.416896
11.697500	126.200040
11.662500	122.162416
11.627500	118.022956
11.592500	113.779049
11.560000	109.743260
11.527500	105.615380
11.495000	101.395631
0.000000	0.000000
& cycle # 2, chisq = 191576.382830, e = 38.904061
25.000000	443.385144
24.975000	439.293341
24.947500	435.151754
24.917500	431.040248
24.885000	427.028599
24.847500	422.939770
24.802500	418.725317
24.750000	414.657008
24.682500	410.603031
24.582500	406.552352
24.015000	402.546777
23.647500	398.525593
23.485000	394.486617
23.357500	390.406266
23.247500	386.331644
23.147500	382.280605
23.052500	378.213148
22.960000	374.113427
22.870000	370.051723
22.780000	365.984210
22.690000	361.977238
22.595000	357.872502
22.497500	353.840547
22.392500	349.754180
22.280000	345.734436
22.152500	341.694492
22.002500	337.679925
21.807500	333.652173
21.472500	329.651027
20.107500	325.647315
19.790000	321.643905
19.570000	317.631256
19.387500	313.587462
19.227500	309.548951
19.080000	305.486060
18.942500	301.477085
18.810000	297.460762
18.680000	293.406458
18.552500	289.357640
18.425000	285.288890
18.297500	281.254934
18.167500	277.217952
18.035000	273.203985
17.897500	269.166085
17.755000	265.156426
17.602500	261.115591
17.437500	257.068203
17.257500	253.027301
17.057500	248.984790
16.827500	244.954634
16.552500	240.948582
16.210000	236.941464
15.745000	232.929395
15.122500	228.923745
14.465000	224.907406
13.965000	220.888468
13.600000	216.858359
13.330000	212.852419
13.115000	208.815330
12.925000	204.759918
12.757500	200.707923
12.617500	196.659368
12.502500	192.630163
12.405000	188.608949
12.317500	184.517435
12.237500	180.415721
12.162500	176.311705
12.092500	172.304815
12.022500	168.166532
11.955000	164.074463
11.890000	160.046548
11.825000	155.927116
11.762500	151.866305
11.702500	147.860045
11.642500	143.733132
11.585000	139.654178
11.530000	135.633639
11.475000	131.496444
11.422500	127.442227
11.370000	123.292142
11.320000	119.258424
11.270000	115.153541
11.220000	110.984929
11.172500	106.971222
11.125000	102.908922
0.000000	0.000000
& cycle # 3, chisq = 191483.046700, e = 38.904061
25.000000	326.894349
24.842500	322.858875
24.710000	318.849095
24.585000	314.824289
24.460000	310.789810
24.330000	306.763799
24.187500	302.738222
24.022500	298.715208
23.812500	294.713164
23.475000	290.705993
19.892500	286.703933
19.182500	282.686256
18.740000	278.668455
18.377500	274.649569
18.047500	270.638050
17.735000	266.630346
17.422500	262.598967
17.107500	258.577631
16.782500	254.560020
16.442500	250.554517
16.087500	246.538059
15.715000	242.514648
15.342500	238.504667
14.972500	234.486416
14.630000	230.482079
14.307500	226.459214
14.022500	222.435478
13.765000	218.429349
13.527500	214.415727
13.317500	210.380857
13.127500	206.339234
12.945000	202.298591
12.770000	198.244466
12.615000	194.184913
12.485000	190.153442
12.372500	186.096293
12.272500	182.076319
12.177500	177.987917
12.087500	173.970683
11.997500	169.891715
11.907500	165.792531
11.820000	161.789481
11.732500	157.743076
11.647500	153.736583
11.562500	149.628241
11.480000	145.533700
11.400000	141.471002
11.322500	137.468605
11.245000	133.424550
11.167500	129.359641
11.090000	125.286321
11.012500	121.206782
10.935000	117.114898
10.857500	113.000892
10.782500	108.991086
10.707500	104.951751
10.632500	100.888880
0.000000	0.000000
& cycle # 4, chisq = 191454.505776, e = 38.904061
25.000000	356.067415
24.767500	352.054094
24.497500	348.048688
23.987500	344.047385
20.942500	340.042384
20.570000	336.012956
20.317500	332.001549
20.112500	327.995400
19.935000	323.994515
19.772500	319.931164
19.622500	315.902567
19.480000	311.873434
19.342500	307.823232
19.210000	303.799631
19.080000	299.784085
18.950000	295.750573
18.820000	291.731715
18.687500	287.669180
18.555000	283.664053
18.417500	279.610672
18.275000	275.568801
18.125000	271.517157
17.967500	267.490215
17.800000	263.475526
17.617500	259.460997
17.412500	255.424492
17.180000	251.389655
16.910000	247.378270
16.577500	243.374002
16.157500	239.363345
15.615000	235.348617
15.010000	231.343576
14.485000	227.333796
14.077500	223.325330
13.760000	219.301989
13.495000	215.263274
13.280000	211.244926
13.092500	207.224414
12.917500	203.204481
12.755000	199.162480
12.615000	195.161260
12.495000	191.115508
12.390000	187.016245
12.297500	182.988479
12.210000	178.888478
12.127500	174.845992
12.047500	170.832745
11.967500	166.776740
11.887500	162.700266
11.807500	158.600357
11.730000	154.587231
11.652500	150.509735
11.577500	146.485116
11.502500	142.377304
11.430000	138.334386
11.357500	134.237900
11.285000	130.110705
11.212500	125.975777
11.140000	121.851165
11.067500	117.747035
10.995000	113.665475
10.922500	109.602824
10.850000	105.553535
10.777500	101.514285
0.000000	0.000000
& cycle # 5, chisq = 191677.890574, e = 38.904061
25.000000	377.716412
24.895000	373.708253
24.807500	369.601893
24.730000	365.553292
24.655000	361.426551
24.582500	357.355305
24.510000	353.326083
24.435000	349.299741
24.355000	345.251826
24.267500	341.224249
24.167500	337.213112
24.042500	333.150144
23.862500	329.149360
22.865000	325.144651
22.470000	321.141980
22.227500	317.121079
22.017500	313.103978
21.815000	309.102457
21.597500	305.063509
21.342500	301.060170
20.955000	297.058600
19.352500	293.041474
18.955000	289.009953
18.682500	284.986164
18.457500	280.981180
18.252500	276.950780
18.057500	272.900522
17.870000	268.875828
17.682500	264.826622
17.492500	260.817848
17.295000	256.811234
17.085000	252.764728
16.857500	248.729123
16.602500	244.700359
16.312500	240.673429
15.967500	236.659741
15.550000	232.642097
15.055000	228.629356
14.552500	224.628890
14.110000	220.615943
13.760000	216.604217
13.472500	212.588803
13.245000	208.584448
13.047500	204.547090
12.867500	200.529512
12.707500	196.496209
12.572500	192.431892
12.460000	188.376053
12.362500	184.307112
12.275000	180.242321
12.192500	176.113809
12.115000	172.040432
12.040000	167.973362
11.967500	163.959539
11.895000	159.879240
11.825000	155.873227
11.755000	151.786872
11.687500	147.751354
11.620000	143.605045
11.555000	139.496952
11.492500	135.437770
11.430000	131.276774
11.370000	127.196781
11.310000	123.046479
11.252500	119.016160
11.195000	114.945318
11.137500	110.842324
11.080000	106.712014
11.022500	102.555696
0.000000	0.000000
& cycle # 1, chisq = 184324.730834, e = 38.580215
25.000000	480.990020
24.925000	476.935758
24.862500	472.814078
24.807500	468.686982
24.757500	464.565421
24.710000	460.373734
24.665000	456.189116
24.622500	452.070633
24.580000	447.821404
24.540000	443.732780
24.500000	439.581122
24.460000	435.384240
24.420000	431.159554
24.380000	426.927364
24.340000	422.709476
24.300000	418.525456
24.260000	414.390358
24.220000	410.315516
24.180000	406.311137
24.137500	402.146095
24.095000	398.087487
24.050000	393.921012
24.005000	389.900784
23.957500	385.823506
23.907500	381.720634
23.855000	377.625451
23.800000	373.575358
23.740000	369.444829
23.675000	365.311823
23.605000	361.249299
23.527500	357.199060
23.440000	353.162081
23.337500	349.116366
23.212500	345.085397
23.047500	341.033514
22.797500	337.023370
22.175000	333.016813
20.757500	329.007171
20.267500	324.995913
19.960000	320.967094
19.725000	316.964825
19.525000	312.957608
19.347500	308.955394
19.185000	304.943713
19.032500	300.932837
18.885000	296.883510
18.742500	292.843725
18.602500	288.777046
18.465000	284.731318
18.327500	280.691259
18.187500	276.630466
18.045000	272.575654
17.900000	268.549660
17.750000	264.531094
17.592500	260.529374
17.422500	256.497105
17.240000	252.493492
17.037500	248.448298
16.807500	244.414533
16.537500	240.398855
16.210000	236.381539
15.782500	232.365207
15.227500	228.350719
14.610000	224.348097
14.090000	220.335943
13.710000	216.334224
13.417500	212.327661
13.192500	208.326321
12.997500	204.295531
12.822500	200.270899
12.672500	196.257376
12.547500	192.217795
12.442500	188.172054
12.350000	184.072571
12.267500	180.019977
12.190000	175.926557
12.117500	171.901310
12.047500	167.880316
11.977500	163.758222
11.910000	159.701394
11.842500	155.562915
11.777500	151.488901
11.715000	147.473592
11.652500	143.346378
11.592500	139.267301
11.535000	135.244965
11.477500	131.111880
11.422500	127.059782
11.367500	122.919662
11.315000	118.895406
11.262500	114.810493
11.210000	110.673983
11.157500	106.493120
11.107500	102.474506
0.000000	0.000000
& cycle # 2, chisq = 184384.178281, e = 38.580215
25.000000	443.385144
24.975000	439.276858
24.947500	435.121712
24.917500	431.000238
24.885000	426.982704
24.847500	422.892444
24.802500	418.682394
24.750000	414.625586
24.682500	410.593021
24.582500	406.580281
23.992500	402.577977
23.650000	398.545728
23.490000	394.510395
23.365000	390.469425
23.257500	386.454561
23.157500	382.366982
23.065000	378.366949
22.975000	374.335636
22.885000	370.223557
22.797500	366.209377
22.707500	362.129764
22.615000	358.048090
22.520000	354.020409
22.420000	350.005695
22.312500	346.003813
22.192500	341.985952
22.052500	337.944037
21.880000	333.927792
21.627500	329.920591
20.312500	325.909388
19.877500	321.883080
19.630000	317.842228
19.435000	313.801128
19.267500	309.763885
19.117500	305.763500
18.975000	301.702140
18.840000	297.676255
18.710000	293.669486
18.582500	289.649232
18.455000	285.587378
18.327500	281.539486
18.197500	277.471784
18.065000	273.413254
17.930000	269.387318
17.790000	265.361529
17.642500	261.335074
17.485000	257.320287
17.315000	253.318607
17.127500	249.288780
16.917500	245.279219
16.670000	241.250090
16.372500	237.230343
15.992500	233.211197
15.487500	229.198388
14.857500	225.189036
14.270000	221.185093
13.837500	217.176411
13.505000	213.147185
13.255000	209.111702
13.047500	205.063025
12.862500	201.028329
12.702500	197.003787
12.570000	192.965617
12.460000	188.921944
12.365000	184.859832
12.280000	180.794456
12.202500	176.782445
12.127500	172.679284
12.055000	168.555783
11.985000	164.460913
11.917500	160.421254
11.850000	156.291354
11.785000	152.217296
11.722500	148.193477
11.660000	144.048082
11.600000	139.940713
11.542500	135.879448
11.487500	131.878523
11.432500	127.766987
11.380000	123.745422
11.327500	119.637460
11.275000	115.452107
11.225000	111.401929
11.175000	107.295336
11.125000	103.136409
0.000000	0.000000
& cycle # 3, chisq = 184399.189133, e = 38.580215
25.000000	326.894349
24.865000	322.865792
24.742500	318.825071
24.625000	314.817516
24.505000	310.764246
24.380000	306.744167
24.242500	302.703064
24.085000	298.681236
23.887500	294.652065
23.595000	290.633461
20.327500	286.630823
19.325000	282.617085
18.837500	278.605014
18.452500	274.578165
18.112500	270.577357
17.792500	266.553148
17.480000	262.529315
17.167500	258.510944
16.850000	254.483993
16.520000	250.459493
16.182500	246.443801
15.830000	242.425875
15.477500	238.417367
15.122500	234.398572
14.785000	230.378693
14.465000	226.351437
14.170000	222.330085
13.905000	218.294314
13.657500	214.266311
13.432500	210.241181
13.232500	206.208795
13.045000	202.173052
12.862500	198.148396
12.692500	194.113229
12.547500	190.100671
12.425000	186.093433
12.317500	182.082771
12.217500	178.011706
12.122500	173.948348
12.030000	169.904506
11.937500	165.834620
11.845000	161.754000
11.755000	157.752132
11.665000	153.680923
11.577500	149.623008
11.492500	145.571779
11.410000	141.542138
11.327500	137.436940
11.247500	133.409609
11.167500	129.358767
11.087500	125.297305
11.007500	121.226705
10.927500	117.139309
10.847500	113.023757
10.770000	109.001711
10.692500	104.943912
10.615000	100.857556
0.000000	0.000000
& cycle # 4, chisq = 184355.032582, e = 38.580215
25.000000	356.067415
24.765000	352.053251
24.457500	348.044350
21.555000	344.039108
20.852500	340.020653
20.532500	336.000002
20.297500	331.990748
20.100000	327.960691
19.927500	323.957869
19.770000	319.943124
19.622500	315.930432
19.480000	311.864210
19.345000	307.861917
19.212500	303.819845
19.082500	299.789587
18.952500	295.743243
18.822500	291.712099
18.690000	287.635977
18.557500	283.614253
18.422500	279.611559
18.282500	275.606953
18.135000	271.575930
17.980000	267.550549
17.815000	263.511908
17.637500	259.492638
17.440000	255.448251
17.220000	251.426436
16.970000	247.423036
16.670000	243.407024
16.305000	239.397414
15.845000	235.380527
15.305000	231.365532
14.765000	227.355628
14.307500	223.346995
13.950000	219.323452
13.655000	215.315818
13.407500	211.275375
13.202500	207.259624
13.017500	203.255516
12.842500	199.232669
12.685000	195.205381
12.550000	191.138129
12.435000	187.046062
12.335000	182.988361
12.242500	178.876445
12.155000	174.756690
12.072500	170.748485
11.990000	166.680773
11.907500	162.585475
11.825000	158.465167
11.745000	154.427531
11.665000	150.321919
11.587500	146.258380
11.512500	142.236146
11.437500	138.130407
11.365000	134.097784
11.292500	130.024221
11.220000	125.931993
11.147500	121.838983
11.075000	117.755453
11.002500	113.683543
10.930000	109.619329
10.857500	105.556559
10.785000	101.490797
0.000000	0.000000
& cycle # 5, chisq = 184547.993826, e = 38.580215
25.000000	377.716412
24.930000	373.658412
24.852500	369.617327
24.762500	365.520522
24.655000	361.438769
24.517500	357.394049
24.307500	353.376205
22.210000	349.376145
20.827500	345.354304
20.530000	341.329030
20.315000	337.287365
20.137500	333.249270
19.982500	329.211682
19.842500	325.172714
19.712500	321.131209
19.590000	317.108534
19.472500	313.081320
19.357500	308.997788
19.247500	304.982446
19.137500	300.892945
19.030000	296.861142
18.922500	292.825081
18.815000	288.804605
18.705000	284.720788
18.595000	280.684797
18.482500	276.633926
18.367500	272.607411
18.247500	268.559117
18.122500	264.523930
17.990000	260.452604
17.850000	256.390427
17.700000	252.340911
17.537500	248.339894
17.355000	244.315085
17.147500	240.282390
16.905000	236.274900
16.602500	232.271498
16.205000	228.254002
15.640000	224.252943
14.915000	220.245584
14.287500	216.235101
13.855000	212.221369
13.527500	208.190942
13.280000	204.169019
13.075000	200.146333
12.890000	196.131687
12.725000	192.097125
12.587500	188.089062
12.472500	184.063995
12.372500	179.991031
12.282500	175.890570
12.200000	171.831784
12.122500	167.825166
12.045000	163.690723
11.970000	159.607929
11.897500	155.601739
11.825000	151.534814
11.752500	147.391567
11.682500	143.298492
11.615000	139.248186
11.550000	135.242280
11.485000	131.131431
11.422500	127.086033
11.360000	122.961817
11.300000	118.942559
11.240000	114.878607
11.180000	110.781971
11.120000	106.661136
11.060000	102.520358
0.000000	0.000000
& cycle # 1, chisq = 167511.888536, e = 37.716995
25.000000	480.990020
24.917500	476.895032
24.852500	472.877030
24.795000	468.802317
24.742500	464.699685
24.692500	460.508595
24.645000	456.305001
24.600000	452.154161
24.557500	448.118027
24.515000	443.999799
24.472500	439.822061
24.430000	435.604516
24.387500	431.369624
24.345000	427.142518
24.302500	422.946452
24.260000	418.799331
24.217500	414.714364
24.175000	410.703336
24.130000	406.551307
24.085000	402.513035
24.037500	398.389993
23.987500	394.217607
23.935000	390.029421
23.880000	385.858408
23.822500	381.740701
23.762500	377.716825
23.697500	373.678044
23.625000	369.561367
23.545000	365.472317
23.455000	361.408623
23.350000	357.345155
23.222500	353.301275
23.057500	349.277236
22.812500	345.251395
22.312500	341.243558
21.215000	337.236465
20.655000	333.214952
20.330000	329.189196
20.087500	325.160416
19.887500	321.107066
19.715000	317.081346
19.557500	313.018624
19.412500	308.971900
19.277500	304.953706
19.147500	300.888249
19.022500	296.842916
18.900000	292.787524
18.780000	288.750871
18.660000	284.668731
18.542500	280.653535
18.422500	276.573720
18.302500	272.556396
18.180000	268.550015
18.052500	264.497425
17.920000	260.426495
17.782500	256.382947
17.637500	252.364094
17.480000	248.319715
17.307500	244.270180
17.117500	240.250096
16.900000	236.238138
16.637500	232.226276
16.307500	228.224653
15.845000	224.220732
15.157500	220.210858
14.387500	216.199805
13.860000	212.193663
13.497500	208.182764
13.240000	204.164090
13.032500	200.158930
12.850000	196.154505
12.692500	192.101160
12.565000	188.098777
12.457500	184.031405
12.365000	179.965551
12.282500	175.914007
12.205000	171.791446
12.132500	167.711455
12.062500	163.614100
11.995000	159.548337
11.930000	155.542825
11.865000	151.451080
11.802500	147.427498
11.740000	143.302442
11.680000	139.231969
11.622500	135.217533
11.565000	131.084111
11.510000	127.016555
11.455000	122.840081
11.402500	118.757946
11.350000	114.591209
11.300000	110.553398
11.250000	106.456711
11.200000	102.309008
0.000000	0.000000
& cycle # 2, chisq = 167430.459219, e = 37.716995
25.000000	443.385144
24.977500	439.366609
24.952500	435.229092
24.925000	431.059097
24.895000	426.930057
24.862500	422.925194
24.825000	418.864369
24.780000	414.701392
24.725000	410.553240
24.652500	406.436544
24.540000	402.413256
23.847500	398.392410
23.597500	394.362340
23.445000	390.336942
23.320000	386.274521
23.210000	382.241738
23.107500	378.213051
23.007500	374.124896
22.910000	370.062830
22.812500	366.002640
22.712500	361.926604
22.610000	357.919214
22.500000	353.873661
22.380000	349.825913
22.245000	345.814042
22.080000	341.771208
21.855000	337.766787
20.785000	333.766544
20.162500	329.757285
19.910000	325.717791
19.722500	321.705567
19.562500	317.659390
19.420000	313.614980
19.290000	309.592559
19.167500	305.553148
19.050000	301.502667
18.935000	297.417870
18.822500	293.338947
18.712500	289.294091
18.602500	285.218029
18.492500	281.144548
18.382500	277.113232
18.270000	273.070226
18.155000	269.045324
18.035000	264.975523
17.912500	260.971843
17.782500	256.917048
17.645000	252.885019
17.497500	248.882579
17.335000	244.855285
17.155000	240.835663
16.950000	236.826501
16.702500	232.792691
16.392500	228.766515
15.970000	224.753573
15.342500	220.750713
14.552500	216.745726
13.957500	212.743201
13.557500	208.727377
13.277500	204.725418
13.057500	200.722452
12.865000	196.715201
12.700000	192.683724
12.565000	188.621743
12.455000	184.591052
12.360000	180.523998
12.275000	176.442614
12.197500	172.406953
12.122500	168.272470
12.052500	164.255843
11.982500	160.118124
11.915000	156.027238
11.850000	151.992999
11.785000	147.853942
11.722500	143.758652
11.662500	139.704550
11.605000	135.694398
11.547500	131.554370
11.492500	127.470710
11.440000	123.462334
11.387500	119.351983
11.337500	115.349935
11.287500	111.270630
11.237500	107.121809
11.187500	102.910084
0.000000	0.000000
& cycle # 3, chisq = 167416.465887, e = 37.716995
25.000000	326.894349
24.855000	322.835795
24.735000	318.827134
24.622500	314.764463
24.512500	310.685025
24.402500	306.659487
24.287500	302.637653
24.162500	298.613121
24.020000	294.560211
23.847500	290.516525
23.612500	286.485161
23.140000	282.478065
19.675000	278.466066
19.122500	274.462250
18.727500	270.461051
18.392500	266.453678
18.082500	262.445490
17.785000	258.423145
17.490000	254.416834
17.187500	250.387794
16.877500	246.384637
16.547500	242.375860
16.200000	238.353121
15.830000	234.349491
15.450000	230.333334
15.065000	226.330359
14.700000	222.310416
14.357500	218.309170
14.052500	214.301795
13.777500	210.278020
13.525000	206.251653
13.305000	202.231928
13.107500	198.229758
12.915000	194.176298
12.735000	190.154727
12.580000	186.144544
12.450000	182.118745
12.337500	178.078271
12.235000	174.008293
12.137500	169.903361
12.045000	165.899902
11.952500	161.857926
11.860000	157.800336
11.767500	153.710294
11.677500	149.662520
11.590000	145.628093
11.505000	141.598064
11.422500	137.585200
11.340000	133.491723
11.260000	129.471093
11.180000	125.423851
11.100000	121.365146
11.020000	117.298786
10.940000	113.218834
10.860000	109.114699
10.782500	105.107345
10.705000	101.067118
0.000000	0.000000
& cycle # 4, chisq = 167345.946735, e = 37.716995
25.000000	356.067415
24.917500	352.052952
24.810000	348.030145
24.650000	344.023641
24.195000	340.020302
21.160000	336.001276
20.792500	331.978813
20.535000	327.945333
20.325000	323.897571
20.142500	319.887201
19.975000	315.829355
19.820000	311.781372
19.672500	307.724316
19.530000	303.664742
19.392500	299.641521
19.257500	295.610718
19.122500	291.538506
18.987500	287.473665
18.852500	283.450972
18.715000	279.411947
18.575000	275.374585
18.430000	271.308544
18.280000	267.272323
18.122500	263.244762
17.955000	259.192822
17.777500	255.166419
17.585000	251.154974
17.370000	247.122345
17.130000	243.104835
16.852500	239.072480
16.522500	235.061781
16.125000	231.040135
15.642500	227.030440
15.105000	223.016424
14.597500	219.003009
14.162500	214.978458
13.817500	210.973211
13.522500	206.944536
13.282500	202.927066
13.075000	198.917384
12.880000	194.880261
12.705000	190.862448
12.557500	186.810733
12.435000	182.748335
12.330000	178.714709
12.235000	174.680987
12.145000	170.612317
12.057500	166.512112
11.972500	162.451758
11.887500	158.340519
11.805000	154.295381
11.722500	150.170317
11.642500	146.063698
11.565000	141.963261
11.490000	137.872557
11.417500	133.808963
11.347500	129.797726
11.277500	125.718542
11.207500	121.589211
11.140000	117.572405
11.072500	113.527316
11.005000	109.453674
10.937500	105.346562
10.870000	101.199087
0.000000	0.000000
& cycle # 5, chisq = 167442.813262, e = 37.716995
25.000000	377.716412
24.937500	373.610213
24.870000	369.514271
24.795000	365.404233
24.710000	361.310564
24.610000	357.261717
24.482500	353.233117
24.287500	349.203628
23.007500	345.201729
22.082500	341.200192
20.465000	337.178692
20.157500	333.178550
19.937500	329.160456
19.757500	325.153292
19.597500	321.110559
19.452500	317.100931
19.317500	313.098225
19.187500	309.034967
19.062500	304.986267
18.940000	300.932824
18.820000	296.912765
18.700000	292.865737
18.580000	288.817161
18.460000	284.804599
18.337500	280.789828
18.210000	276.735073
18.077500	272.673985
17.940000	268.634436
17.795000	264.591526
17.640000	260.560321
17.470000	256.517211
17.282500	252.497651
17.070000	248.460753
16.820000	244.427410
16.512500	240.413499
16.117500	236.408321
15.577500	232.397315
14.922500	228.392243
14.347500	224.378908
13.932500	220.374991
13.612500	216.357178
13.362500	212.338185
13.160000	208.328509
12.977500	204.283241
12.810000	200.227746
12.665000	196.208238
12.542500	192.177534
12.437500	188.115853
12.345000	184.045554
12.260000	179.936849
12.180000	175.812342
12.105000	171.782781
12.030000	167.648942
11.957500	163.587149
11.885000	159.473949
11.815000	155.449622
11.745000	151.358146
11.677500	147.331122
11.610000	143.208278
11.545000	139.139132
11.482500	135.134691
11.420000	131.047289
11.357500	126.889558
11.297500	122.846647
11.237500	118.767761
11.177500	114.665144
11.117500	110.547430
11.057500	106.418987
10.997500	102.280254
0.000000	0.000000
& cycle # 1, chisq = 188075.155306, e = 38.722318
25.000000	480.990020
24.925000	476.889946
24.862500	472.726372
24.807500	468.560558
24.757500	464.402885
24.710000	460.176606
24.665000	455.959338
24.622500	451.810403
24.582500	447.786048
24.542500	443.674753
24.502500	439.500126
24.462500	435.280323
24.422500	431.032776
24.382500	426.777718
24.342500	422.537078
24.302500	418.330749
24.262500	414.174132
24.222500	410.078771
24.182500	406.054891
24.140000	401.870183
24.097500	397.792982
24.052500	393.608127
24.007500	389.571105
23.960000	385.478042
23.910000	381.360769
23.857500	377.252772
23.802500	373.191578
23.742500	369.051552
23.677500	364.911437
23.607500	360.845037
23.530000	356.794741
23.442500	352.762136
23.340000	348.726496
23.215000	344.714188
23.050000	340.694630
22.795000	336.681993
22.110000	332.680890
20.682500	328.679240
20.215000	324.653868
19.917500	320.651697
19.685000	316.631982
19.485000	312.584122
19.307500	308.546857
19.145000	304.513842
18.992500	300.498563
18.845000	296.454407
18.702500	292.424110
18.562500	288.375077
18.425000	284.360916
18.285000	280.293757
18.145000	276.286863
18.000000	272.220155
17.852500	268.194176
17.697500	264.134407
17.535000	260.123821
17.360000	256.107502
17.170000	252.090154
16.960000	248.089253
16.715000	244.051453
16.425000	240.031324
16.065000	236.018666
15.592500	232.011968
14.992500	228.000316
14.397500	223.983241
13.942500	219.978314
13.597500	215.968912
13.335000	211.952238
13.125000	207.931555
12.940000	203.931281
12.772500	199.872264
12.632500	195.865565
12.515000	191.811889
12.415000	187.744928
12.327500	183.705298
12.247500	179.655339
12.172500	175.603232
12.100000	171.505338
12.030000	167.422602
11.962500	163.394150
11.895000	159.285744
11.830000	155.250189
11.765000	151.123933
11.702500	147.054688
11.642500	143.039980
11.582500	138.908754
11.525000	134.835674
11.467500	130.652094
11.412500	126.552759
11.357500	122.367043
11.305000	118.301080
11.252500	114.176249
11.200000	110.001393
11.150000	105.985134
11.100000	101.933519
0.000000	0.000000
& cycle # 2, chisq = 187946.713933, e = 38.722318
25.000000	443.385144
24.975000	439.128616
24.947500	434.823447
24.917500	430.552727
24.885000	426.388942
24.847500	422.148166
24.805000	418.003922
24.755000	413.930149
24.692500	409.914115
24.602500	405.849096
24.407500	401.835992
23.680000	397.824996
23.500000	393.804476
23.365000	389.792084
23.247500	385.712327
23.140000	381.619326
23.040000	377.603705
22.942500	373.569812
22.845000	369.490403
22.747500	365.446220
22.647500	361.414214
22.542500	357.371693
22.430000	353.315538
22.307500	349.294897
22.167500	345.291089
21.995000	341.274183
21.750000	337.267455
20.477500	333.260561
20.010000	329.259468
19.762500	325.244052
19.570000	321.215593
19.405000	317.184655
19.257500	313.164364
19.120000	309.117035
18.990000	305.088171
18.865000	301.077307
18.742500	297.046932
18.622500	293.030033
18.502500	288.982613
18.382500	284.951862
18.260000	280.898807
18.135000	276.856302
18.007500	272.845570
17.875000	268.817130
17.735000	264.752596
17.587500	260.729884
17.427500	256.691389
17.252500	252.646684
17.060000	248.634931
16.837500	244.599624
16.572500	240.583406
16.245000	236.561513
15.807500	232.546585
15.222500	228.536776
14.572500	224.535943
14.047500	220.529739
13.667500	216.516431
13.380000	212.493028
13.157500	208.469038
12.965000	204.463842
12.792500	200.441658
12.645000	196.377682
12.525000	192.364082
12.422500	188.293063
12.332500	184.204836
12.252500	180.199854
12.177500	176.179818
12.105000	172.102236
12.035000	168.028645
11.967500	163.999261
11.900000	159.880413
11.835000	155.825664
11.770000	151.670693
11.707500	147.563880
11.647500	143.502638
11.590000	139.490311
11.532500	135.354109
11.477500	131.281144
11.422500	127.098111
11.370000	123.009468
11.317500	118.835980
11.267500	114.790732
11.217500	110.684165
11.167500	106.522154
11.120000	102.520421
0.000000	0.000000
& cycle # 3, chisq = 187967.037878, e = 38.722318
25.000000	326.894349
24.857500	322.851312
24.730000	318.790411
24.607500	314.730424
24.485000	310.704979
24.355000	306.636893
24.212500	302.582350
24.047500	298.533139
23.840000	294.530656
23.517500	290.527543
20.022500	286.524211
19.210000	282.511288
18.740000	278.499925
18.362500	274.498732
18.020000	270.477703
17.700000	266.477642
17.382500	262.456831
17.065000	258.426631
16.740000	254.397432
16.405000	250.368560
16.062500	246.362184
15.710000	242.360986
15.357500	238.336839
15.007500	234.309849
14.680000	230.281839
14.370000	226.267654
14.090000	222.262115
13.835000	218.242440
13.595000	214.209199
13.380000	210.188444
13.187500	206.173134
13.002500	202.120948
12.822500	198.072350
12.660000	194.067240
12.520000	190.014782
12.400000	185.930190
12.295000	181.894510
12.197500	177.846781
12.105000	173.843357
12.012500	169.770024
11.920000	165.678482
11.827500	161.576037
11.737500	157.547826
11.647500	153.444335
11.560000	149.351912
11.475000	145.268445
11.392500	141.212642
11.310000	137.088722
11.230000	133.050617
11.150000	128.994797
11.070000	124.931778
10.990000	120.860800
10.910000	116.772957
10.830000	112.657047
10.752500	108.636094
10.675000	104.582767
10.597500	100.506129
0.000000	0.000000
& cycle # 4, chisq = 187926.420042, e = 38.722318
25.000000	356.067415
24.687500	352.048321
24.250000	348.039593
21.295000	344.034101
20.815000	340.027497
20.522500	336.000939
20.297500	331.999254
20.105000	327.991380
19.932500	323.954555
19.775000	319.933521
19.625000	315.866109
19.482500	311.829797
19.345000	307.797336
19.210000	303.734370
19.077500	299.692586
18.945000	295.645309
18.812500	291.622608
18.677500	287.564875
18.540000	283.497351
18.400000	279.465951
18.255000	275.453088
18.102500	271.432656
17.940000	267.373219
17.767500	263.333269
17.580000	259.304048
17.372500	255.295795
17.137500	251.259102
16.867500	247.254483
16.540000	243.234235
16.142500	239.231044
15.650000	235.219003
15.105000	231.213359
14.605000	227.206349
14.187500	223.186608
13.860000	219.167318
13.582500	215.158659
13.352500	211.153226
13.155000	207.121038
12.972500	203.087076
12.800000	199.025361
12.647500	194.964209
12.520000	190.948035
12.410000	186.894888
12.312500	182.843983
12.222500	178.787508
12.137500	174.761658
12.055000	170.749892
11.972500	166.690052
11.890000	162.607490
11.807500	158.499117
11.727500	154.469230
11.647500	150.367340
11.570000	146.305504
11.495000	142.286061
11.420000	138.187126
11.347500	134.166760
11.275000	130.111537
11.202500	126.042864
11.130000	121.976759
11.057500	117.921263
10.985000	113.876594
10.912500	109.837716
10.840000	105.798276
10.767500	101.754636
0.000000	0.000000
& cycle # 5, chisq = 188116.169955, e = 38.722318
25.000000	377.716412
21.477500	373.705492
21.142500	369.688924
20.930000	365.639613
20.765000	361.611674
20.625000	357.559893
20.502500	353.528165
20.390000	349.442452
20.287500	345.425579
20.190000	341.364343
20.097500	337.308022
20.010000	333.299928
19.925000	329.261503
19.842500	325.224356
19.762500	321.220571
19.682500	317.150892
19.602500	313.034634
19.525000	309.017532
19.447500	304.983630
19.370000	300.944925
19.292500	296.915571
19.215000	292.912847
19.135000	288.829665
19.055000	284.817140
18.972500	280.772779
18.887500	276.720988
18.800000	272.683893
18.710000	268.683303
18.615000	264.640554
18.515000	260.604273
18.407500	256.541915
18.292500	252.538015
18.165000	248.523359
18.020000	244.488847
17.850000	240.453532
17.637500	236.443073
17.322500	232.421424
14.240000	228.420962
13.260000	224.397359
13.002500	220.385248
12.817500	216.332429
12.677500	212.275050
12.567500	208.184629
12.477500	204.080791
12.402500	200.075721
12.335000	196.001996
12.272500	191.843566
12.215000	187.709292
12.162500	183.696756
12.112500	179.682253
12.062500	175.494628
12.015000	171.366674
11.970000	167.327200
11.925000	163.164249
11.882500	159.117751
11.840000	154.955788
11.800000	150.927975
11.760000	146.786811
11.720000	142.525872
11.682500	138.416793
11.645000	134.192046
11.610000	130.141041
11.575000	125.983346
11.540000	121.717472
11.507500	117.659006
11.475000	113.507240
11.442500	109.263284
11.410000	104.928871
11.380000	100.849521
0.000000	0.000000
& cycle # 1, chisq = 212904.476236, e = 39.786780
25.000000	480.990020
24.950000	476.842090
24.905000	472.708612
24.862500	468.492558
24.822500	464.287691
24.785000	460.158419
24.747500	455.878460
24.712500	451.777081
24.677500	447.593136
24.642500	443.343251
24.607500	439.047176
24.575000	435.036823
24.542500	431.024367
24.510000	427.024237
24.475000	422.743097
24.440000	418.502042
24.405000	414.314825
24.370000	410.196530
24.335000	406.161867
24.297500	401.945722
24.260000	397.850630
24.220000	393.624570
24.180000	389.552774
24.137500	385.404754
24.092500	381.224253
24.045000	377.058698
23.995000	372.954985
23.940000	368.773611
23.882500	364.768407
23.817500	360.682299
23.745000	356.665467
23.660000	352.651384
23.555000	348.636842
23.412500	344.625121
23.155000	340.604658
20.290000	336.590317
19.872500	332.583011
19.620000	328.554988
19.422500	324.538974
19.252500	320.477684
19.102500	316.472993
18.962500	312.441775
18.830000	308.411206
18.702500	304.363678
18.580000	300.349448
18.460000	296.341735
18.340000	292.310128
18.220000	288.297337
18.097500	284.248405
17.972500	280.187007
17.845000	276.146638
17.712500	272.102825
17.572500	268.051662
17.422500	263.992912
17.262500	259.985159
17.085000	255.932710
16.885000	251.905479
16.647500	247.867315
16.357500	243.857738
15.967500	239.847268
15.392500	235.842588
14.622500	231.836246
14.012500	227.818279
13.617500	223.811751
13.340000	219.790640
13.130000	215.784368
12.947500	211.727602
12.787500	207.666519
12.652500	203.602484
12.540000	199.522950
12.445000	195.459090
12.362500	191.435704
12.287500	187.394799
12.217500	183.330871
12.150000	179.188072
12.085000	175.030531
12.022500	170.907012
11.962500	166.849788
11.902500	162.702655
11.845000	158.641606
11.787500	154.487046
11.732500	150.414297
11.677500	146.233143
11.625000	142.131516
11.575000	138.119062
11.525000	134.000789
11.477500	129.991468
11.430000	125.891466
11.382500	121.706771
11.337500	117.671012
11.292500	113.572987
11.247500	109.419588
11.202500	105.216994
11.160000	101.207230
0.000000	0.000000
& cycle # 2, chisq = 210876.026801, e = 39.786780
25.000000	443.385144
24.975000	439.272332
24.947500	435.112153
24.917500	430.984900
24.885000	426.960525
24.847500	422.861387
24.805000	418.855141
24.752500	414.740029
24.685000	410.636696
24.587500	406.607392
24.272500	402.605780
23.642500	398.594850
23.472500	394.578779
23.340000	390.538682
23.225000	386.491106
23.120000	382.469742
23.020000	378.443710
22.922500	374.404280
22.825000	370.324283
22.727500	366.283941
22.627500	362.256113
22.522500	358.213367
22.410000	354.150930
22.287500	350.117860
22.147500	346.089425
21.977500	342.072886
21.740000	338.045645
20.537500	334.045061
19.957500	330.015017
19.692500	326.011179
19.487500	321.981085
19.312500	317.942233
19.155000	313.889142
19.010000	309.884229
18.870000	305.833711
18.735000	301.795845
18.602500	297.739893
18.472500	293.717688
18.342500	289.709697
18.210000	285.687046
18.075000	281.680056
17.935000	277.639963
17.790000	273.611937
17.637500	269.599649
17.472500	265.559414
17.292500	261.505849
17.095000	257.465962
16.872500	253.457881
16.610000	249.455053
16.292500	245.451013
15.882500	241.444990
15.352500	237.434873
14.742500	233.419824
14.207500	229.401088
13.812500	225.372482
13.502500	221.338286
13.265000	217.308300
13.067500	213.300915
12.887500	209.250609
12.730000	205.237891
12.597500	201.218645
12.485000	197.121723
12.390000	193.087707
12.305000	189.034846
12.227500	185.016320
12.152500	180.888887
12.082500	176.873738
12.012500	172.738863
11.945000	168.659057
11.880000	164.649300
11.815000	160.552733
11.752500	156.517547
11.690000	152.370940
11.630000	148.270432
11.572500	144.220728
11.515000	140.048976
11.460000	135.945239
11.407500	131.929388
11.355000	127.824562
11.302500	123.639588
11.252500	119.587647
11.202500	115.478111
11.152500	111.316229
11.102500	107.105116
11.055000	103.059788
0.000000	0.000000
& cycle # 3, chisq = 210864.485526, e = 39.786780
25.000000	326.894349
24.767500	322.865411
24.612500	318.804410
24.477500	314.731400
24.350000	310.690190
24.222500	306.688298
24.087500	302.669772
23.937500	298.659000
23.757500	294.618125
23.512500	290.586046
22.970000	286.578722
18.740000	282.567316
18.117500	278.563482
17.672500	274.550402
17.290000	270.547774
16.940000	266.527108
16.602500	262.504161
16.277500	258.492904
15.955000	254.488297
15.635000	250.456899
15.322500	246.449901
15.012500	242.426849
14.717500	238.392796
14.432500	234.374548
14.165000	230.365036
13.917500	226.333504
13.682500	222.329369
13.462500	218.313292
13.265000	214.309534
13.080000	210.307354
12.897500	206.287835
12.725000	202.287313
12.572500	198.222881
12.445000	194.189643
12.335000	190.185090
12.235000	186.181033
12.140000	182.157642
12.047500	178.131068
11.955000	174.062352
11.862500	169.972951
11.772500	165.956453
11.682500	161.863946
11.595000	157.774503
11.510000	153.676059
11.427500	149.578794
11.347500	145.508341
11.270000	141.495106
11.192500	137.433285
11.115000	133.336107
11.037500	129.206773
10.962500	125.174258
10.887500	121.095305
10.812500	116.959216
10.740000	112.900632
10.667500	108.783209
10.597500	104.758565
10.527500	100.696394
0.000000	0.000000
& cycle # 4, chisq = 210778.945515, e = 39.786780
25.000000	356.067415
24.927500	352.000654
24.457500	347.998860
24.177500	343.978154
24.022500	339.950706
23.890000	335.926055
23.762500	331.907624
23.630000	327.861632
23.482500	323.813394
23.300000	319.767117
23.010000	315.762878
21.670000	311.746664
21.270000	307.721595
20.950000	303.711528
20.615000	299.700416
20.145000	295.690073
18.470000	291.673330
18.100000	287.650489
17.852500	283.631343
17.650000	279.598195
17.472500	275.554995
17.310000	271.529336
17.155000	267.499433
17.005000	263.487770
16.857500	259.483430
16.707500	255.420836
16.555000	251.401193
16.392500	247.342630
16.217500	243.296241
16.025000	239.289131
15.795000	235.254844
15.480000	231.248188
14.037500	227.243607
13.435000	223.226357
13.185000	219.217960
12.995000	215.162390
12.835000	211.126967
12.700000	207.105044
12.585000	203.008987
12.487500	198.911356
12.402500	194.819601
12.327500	190.813177
12.257500	186.772135
12.190000	182.644419
12.125000	178.500857
12.062500	174.398928
12.002500	170.379407
11.942500	166.296029
11.882500	162.154722
11.825000	158.128985
11.767500	154.039264
11.710000	149.874608
11.655000	145.810767
11.600000	141.660818
11.547500	137.615589
11.495000	133.488813
11.445000	129.486573
11.395000	125.420598
11.345000	121.299183
11.295000	117.131477
11.245000	112.926395
11.197500	108.903978
11.150000	104.859764
11.102500	100.796811
0.000000	0.000000
& cycle # 5, chisq = 210817.933041, e = 39.786780
25.000000	377.716412
24.917500	373.643860
24.827500	369.615461
24.725000	365.589853
24.602500	361.584749
24.440000	357.558332
24.165000	353.544277
21.132500	349.534651
20.675000	345.513847
20.415000	341.484967
20.215000	337.442776
20.047500	333.435986
19.897500	329.370803
19.762500	325.358768
19.635000	321.307450
19.515000	317.294253
19.400000	313.284854
19.287500	309.226778
19.177500	305.157796
19.070000	301.120571
18.962500	297.057136
18.855000	292.991678
18.747500	288.939602
18.640000	284.915723
18.530000	280.850454
18.417500	276.779719
18.302500	272.742355
18.182500	268.685633
18.057500	264.637969
17.927500	260.626071
17.790000	256.620365
17.640000	252.564068
17.477500	248.561501
17.295000	244.526588
17.087500	240.481427
16.845000	236.480396
16.542500	232.476736
16.145000	228.456654
15.582500	224.452378
14.867500	220.443269
14.252500	216.442585
13.827500	212.439000
13.505000	208.420092
13.260000	204.376219
13.057500	200.366537
12.872500	196.311523
12.710000	192.259331
12.575000	188.221240
12.462500	184.182846
12.365000	180.124647
12.277500	176.065210
12.195000	171.937935
12.117500	167.862915
12.042500	163.792660
11.970000	159.775413
11.897500	155.692492
11.827500	151.685633
11.757500	147.600762
11.690000	143.569261
11.622500	139.429656
11.557500	135.330536
11.495000	131.282202
11.432500	127.134105
11.372500	123.068332
11.312500	118.934018
11.255000	114.920711
11.197500	110.868612
11.140000	106.786197
11.082500	102.678402
0.000000	0.000000
& cycle # 1, chisq = 168646.918219, e = 37.791614
25.000000	480.990020
24.927500	476.886217
24.867500	472.875229
24.812500	468.768633
24.762500	464.712781
24.715000	460.621913
24.670000	456.566332
24.625000	452.359600
24.582500	448.276435
24.540000	444.117445
24.497500	439.907405
24.455000	435.664671
24.415000	431.657883
24.375000	427.656294
24.332500	423.431710
24.290000	419.254366
24.247500	415.138529
24.205000	411.094740
24.160000	406.902988
24.115000	402.817406
24.067500	398.635992
24.020000	394.602816
23.970000	390.526483
23.917500	386.437363
23.862500	382.366395
23.805000	378.348431
23.742500	374.264271
23.675000	370.187450
23.602500	366.185080
23.520000	362.079933
23.427500	358.014538
23.320000	353.962575
23.190000	349.927858
23.022500	345.888743
22.782500	341.883205
22.345000	337.875059
21.430000	333.868241
20.782500	329.851833
20.410000	325.831758
20.140000	321.826609
19.920000	317.808309
19.730000	313.776510
19.560000	309.773327
19.402500	305.753899
19.255000	301.732779
19.115000	297.724380
18.977500	293.658127
18.845000	289.656052
18.712500	285.592395
18.582500	281.567659
18.452500	277.544403
18.320000	273.494504
18.185000	269.459191
18.045000	265.389581
17.902500	261.381526
17.752500	257.343631
17.592500	253.294629
17.420000	249.258575
17.232500	245.243092
17.022500	241.199162
16.780000	237.168555
16.490000	233.158486
16.127500	229.146931
15.640000	225.130704
15.010000	221.119095
14.387500	217.117052
13.920000	213.115433
13.567500	209.096539
13.302500	205.072672
13.087500	201.028816
12.897500	197.024255
12.730000	193.015682
12.590000	188.984781
12.475000	184.975172
12.375000	180.892834
12.287500	176.879993
12.205000	172.776030
12.127500	168.702490
12.052500	164.615180
11.980000	160.565875
11.907500	156.437705
11.837500	152.376287
11.767500	148.226963
11.700000	144.123723
11.635000	140.060567
11.572500	136.038999
11.510000	131.900820
11.450000	127.821343
11.390000	123.645858
11.332500	119.565896
11.275000	115.421944
11.220000	111.409453
11.165000	107.358175
11.110000	103.274011
0.000000	0.000000
& cycle # 2, chisq = 168575.085646, e = 37.791614
25.000000	443.385144
24.975000	439.121950
24.947500	434.809769
24.917500	430.532066
24.885000	426.361795
24.847500	422.115257
24.805000	417.967024
24.755000	413.892265
24.692500	409.880642
24.602500	405.831832
24.400000	401.812179
23.692500	397.776947
23.520000	393.727898
23.390000	389.665333
23.280000	385.638102
23.180000	381.601827
23.085000	377.528281
22.995000	373.522846
22.905000	369.433311
22.815000	365.323349
22.725000	361.261917
22.632500	357.201725
22.535000	353.099553
22.432500	349.031774
22.322500	345.004746
22.200000	341.001523
22.055000	336.968562
21.870000	332.933386
21.572500	328.917891
20.230000	324.906710
19.895000	320.871333
19.675000	316.822292
19.497500	312.799658
19.342500	308.772584
19.202500	304.763349
19.070000	300.704442
18.945000	296.697834
18.822500	292.645244
18.702500	288.582193
18.585000	284.544289
18.467500	280.488670
18.350000	276.462149
18.230000	272.420010
18.107500	268.391259
17.980000	264.318371
17.850000	260.314362
17.712500	256.282390
17.565000	252.233684
17.405000	248.183892
17.230000	244.144670
17.035000	240.117428
16.807500	236.080386
16.532500	232.066532
16.182500	228.048494
15.692500	224.047940
15.005000	220.043817
14.307500	216.041400
13.820000	212.036855
13.470000	208.033838
13.215000	204.004003
13.005000	199.982312
12.820000	195.965637
12.662500	191.902925
12.535000	187.851986
12.430000	183.836096
12.337500	179.752265
12.255000	175.708419
12.177500	171.619253
12.105000	167.592771
12.035000	163.562613
11.965000	159.419483
11.897500	155.327089
11.832500	151.291626
11.767500	147.149471
11.705000	143.048676
11.645000	138.987338
11.587500	134.969562
11.530000	130.822768
11.475000	126.734976
11.422500	122.726039
11.370000	118.619316
11.317500	114.423346
11.267500	110.352591
11.217500	106.216539
11.167500	102.021090
0.000000	0.000000
& cycle # 3, chisq = 168545.703508, e = 37.791614
25.000000	326.894349
24.860000	322.861958
24.740000	318.843336
24.627500	314.825345
24.515000	310.739748
24.400000	306.658469
24.280000	302.634455
24.147500	298.600272
23.995000	294.583379
23.802500	290.544123
23.517500	286.531625
20.445000	282.529869
19.447500	278.514596
18.980000	274.514066
18.612500	270.505448
18.290000	266.488286
17.987500	262.486337
17.695000	258.474601
17.400000	254.458715
17.100000	250.443975
16.787500	246.423888
16.457500	242.407463
16.112500	238.403646
15.745000	234.382817
15.372500	230.368999
14.997500	226.357529
14.645000	222.341477
14.312500	218.330881
14.017500	214.319552
13.747500	210.282260
13.500000	206.246747
13.285000	202.240193
13.087500	198.201391
12.897500	194.186588
12.717500	190.129083
12.565000	186.122968
12.435000	182.038264
12.322500	177.956025
12.220000	173.868380
12.122500	169.769030
12.027500	165.680032
11.935000	161.670396
11.842500	157.647775
11.750000	153.589513
11.660000	149.568112
11.572500	145.557199
11.487500	141.551965
11.402500	137.446793
11.320000	133.389016
11.237500	129.286732
11.155000	125.163562
11.075000	121.157574
10.995000	117.144284
10.915000	113.115560
10.835000	109.060601
10.755000	104.972178
10.675000	100.851127
0.000000	0.000000
& cycle # 4, chisq = 168510.495219, e = 37.791614
25.000000	356.067415
24.937500	351.951617
24.860000	347.890178
24.752500	343.825671
24.560000	339.816740
23.270000	335.814845
22.425000	331.813370
20.755000	327.799110
20.422500	323.796748
20.180000	319.756639
19.980000	315.750038
19.802500	311.713622
19.640000	307.693397
19.485000	303.628414
19.337500	299.580212
19.195000	295.536704
19.055000	291.491755
18.915000	287.428428
18.775000	283.376952
18.635000	279.354343
18.492500	275.320307
18.345000	271.259528
18.192500	267.226662
18.032500	263.187620
17.865000	259.171678
17.685000	255.132942
17.490000	251.127618
17.272500	247.090872
17.030000	243.068720
16.747500	239.036582
16.412500	235.009770
16.010000	231.000750
15.530000	226.995227
15.002500	222.982751
14.515000	218.971934
14.102500	214.956247
13.770000	210.949769
13.487500	206.942155
13.255000	202.904862
13.052500	198.897579
12.862500	194.877675
12.692500	190.862310
12.550000	186.833833
12.430000	182.758794
12.327500	178.745285
12.232500	174.643741
12.145000	170.626991
12.060000	166.586125
11.975000	162.466471
11.892500	158.417685
11.810000	154.314673
11.730000	150.260736
11.652500	146.235002
11.577500	142.225859
11.502500	138.095924
11.430000	133.992512
11.360000	129.940119
11.290000	125.817076
11.222500	121.791824
11.155000	117.731590
11.087500	113.644028
11.020000	109.530477
10.952500	105.387152
10.887500	101.363158
0.000000	0.000000
& cycle # 5, chisq = 168585.564105, e = 37.791614
